892073089
460864814
1
877672273
1
460864814
64513259
657103989
215144795
305249921
607437776
932149441
80506454
1
909113476
482273697
112640273
653108420
1
508035325
1
875782928
15775015
441386007
952428857
470508770
80506454
583894777
512152352
259018588
193855511
99684608
1
337429411
1
1
437313615
740578780
86756017
202271895
50164442
688557261
653663894
640365579
445012549
930195560
81073005
525377969
532729264
830241012
19033325
618796398
200020051
970573872
897885826
134482439
292112829
658287018
568626461
54365162
320189954
213088982
975031721
341129302
733818280
711766025
31799197
1
426456659
687897162
895348235
117251838
171504991
717072640
619768552
79365712
51030252
867248947
595335969
419130957
1
923497988
733963968
382864091
192968471
330250600
1
405676624
644895800
567216595
1
305255738
93866798
