0
0
0
0
0
0
0
155850432
0
867589120
534062429
688123543
0
0
124124748
986915693
226056108
641949041
384585620
0
720576290
406545168
0
684437705
87778049
218344067
0
0
246810017
133027550
0
0
240378842
961631348
358618584
260421478
943694643
0
666036935
693541120
0
0
0
807960129
580922528
0
0
516531123
0
0
0
457663149
0
0
0
25743076
635105377
294351430
700124772
965052772
0
0
624963388
25980300
571544252
535521789
0
0
305185390
613175045
0
898450490
986283248
0
152370267
92921119
198326637
0
113978061
146298870
140614004
0
156782047
0
0
0
175624297
503472235
522371192
0
0
527227046
67712221
0
879421122
630242477
0
0
0
7601065
151554686
266538332
746635129
0
709377463
124123887
484001935
0
769774409
0
0
0
0
76706917
426103648
0
0
356114879
579878893
0
196263045
0
0
882856968
0
0
985321991
0
28225073
0
206273361
117979456
523659658
338712224
0
0
172602750
483130394
773166827
579910068
568048183
0
536524674
0
0
978633024
0
526502175
632090302
0
206392761
408010934
0
717035450
23261149
532241577
0
796211357
88060076
0
692123944
275850622
702411758
509843605
0
0
662196721
677399301
0
439777387
327941157
2820820
198657349
86887974
0
0
569902789
0
0
996446723
710357856
0
606796526
534745813
742559734
0
837597354
716280025
968495128
290601610
948706168
0
468524119
0
202898058
0
725900237
117660106
236090222
0
59426281
587383452
848691971
0
0
539114707
641969960
0
0
0
16347894
864504859
0
0
480050768
125389286
493448710
0
842471267
644061448
395381715
703071693
439247050
980264810
732008377
841944965
0
445447004
6198111
0
0
0
0
532556568
0
0
975407635
0
290716639
0
357948449
635174263
255981222
0
812298312
853599162
554579834
0
916811942
561928994
0
0
117373146
826462609
0
0
0
143413338
383175918
449918288
0
18357842
841322689
0
995879111
0
378684336
0
0
646534585
152532663
0
0
863275788
825709427
0
0
143138713
821326456
482025108
0
163055507
608758957
871807639
0
249372973
0
0
439504695
0
0
726877942
449792219
511737239
963618408
0
0
0
0
0
0
312026667
71880347
0
114919047
360305916
0
556159466
519532306
995912579
277353834
0
947030770
787833187
278207870
207104229
0
0
971931840
189647765
706613767
877755596
332846428
0
776242570
644265583
0
0
340929527
0
0
788767466
506369549
0
0
567536499
0
0
467844080
659862555
0
796531029
0
901763810
399799449
117930252
0
881832303
839424380
187098577
970076895
0
525587196
974405474
0
0
488378416
806729779
0
3348912
0
334928757
733453610
0
805911854
0
0
0
891060329
0
442040496
211925027
0
217964975
872546608
0
0
415290464
208883660
0
936384323
817340643
341586603
318376792
488950024
0
136668629
221330016
921287059
737062294
547716142
340387212
0
87777028
662259009
0
243811361
131693130
306535462
0
944607774
0
0
224015085
448335916
0
0
569924375
0
613524438
0
161920811
322187802
952874045
3173588
443130366
261467375
389918086
0
225882576
946139707
0
0
0
0
756207863
0
0
468844079
440807121
679057414
0
0
0
527592449
0
135667558
732288611
0
514131900
709714542
0
0
793529405
0
74764778
719140373
0
446757724
0
125347875
0
734209824
423415957
732935987
0
0
471316898
996475818
0
165822759
191208028
0
482191969
0
0
891262507
0
0
0
945091045
672544615
0
322194753
413975013
0
0
603540030
298378482
0
0
404615831
0
289804746
0
0
768680117
648611359
0
146873179
95285969
0
695282277
851160784
346409371
0
993711881
22109275
89143417
408798098
0
0
0
0
0
471009901
0
0
0
689660234
841560501
376359095
962237033
541988113
903143945
991436431
0
401649455
0
0
257085430
86902839
0
585609462
0
73178069
0
0
96362931
528070147
331673327
0
0
0
0
0
0
0
0
631017676
0
0
0
154057762
366085938
0
0
0
0
206051305
0
0
257844843
0
952803894
276521615
874934423
0
238660750
719268136
0
0
478751379
0
0
962919743
988200382
0
271555955
0
0
0
838433348
0
61002469
823831262
0
510288069
91175735
0
0
0
0
865772039
0
482916604
170353747
0
55606152
803140857
710866274
719317131
259504467
0
875149728
20757933
795417139
820687468
189635832
0
0
0
0
459078051
0
536293191
403568511
0
0
0
0
507811398
207446094
808782190
615745280
184953272
854215827
992565198
551365096
385126303
757083677
61506125
0
0
78747289
0
79199868
0
0
0
0
0
886717668
0
505131050
605940239
808930909
0
95078900
0
120921698
0
0
0
51769128
935565124
280835120
843443007
0
864272258
791851925
271163606
16158774
128876129
557636045
0
0
605400154
197259666
0
0
469956491
0
0
0
0
885995179
0
943678111
508493891
0
210132023
0
318080505
0
756647616
0
36528542
0
244676229
0
556363917
373137701
377147616
86325063
0
416542866
0
0
0
0
620738960
846847199
955579331
879842799
0
0
0
708440171
0
832729577
910611851
125859765
380231021
99594403
585762795
0
350908390
351876470
25665006
270475068
256204511
0
679592785
214247214
957667054
335012525
58035327
0
585843168
0
644414433
389423758
321886813
168054338
0
528359833
0
0
184780424
961158498
370333666
0
0
0
0
284514422
0
584525070
0
736142619
0
214435990
815826973
0
966928967
4177441
612166633
514855410
553330883
292120324
196005677
131879517
708086653
0
155610814
0
385648326
588256324
0
555787311
0
453148359
0
0
0
475634917
352031242
0
0
897432307
350540244
202966165
34902061
821776258
438444051
317480912
793008129
771854749
563135177
717689298
447207285
0
0
0
0
97300567
0
0
417522427
0
656661427
0
592624386
0
0
0
962637756
0
0
851229419
85732372
0
2507736
164865884
889283168
0
437423806
974055465
774503797
392083861
70729252
304322050
0
0
877520268
898435071
0
259867070
934521659
0
8399932
0
0
0
313351853
191864087
0
0
0
0
938083817
460188314
0
631031601
0
157810350
778920117
0
0
270653302
0
37180301
990422935
432549861
594777707
0
0
0
184377733
214256829
0
658560183
0
246165080
16451004
114183044
463571825
753906970
495162735
129926984
232494782
46521203
0
0
25979704
916678242
860244626
0
0
271602962
555852963
255880687
0
0
631419021
0
0
10268967
0
636037904
0
125031768
559125754
0
506427206
0
359979597
881430242
190680451
0
0
0
155676412
0
731085096
0
508841006
459225704
810621173
0
0
52937124
0
0
0
0
0
0
0
597180987
791632525
0
403056972
0
0
813022007
0
0
0
394865996
229980129
721160113
153391121
0
0
552363467
0
386319932
0
154538165
239477631
0
658742765
0
0
135950155
983040979
0
0
0
0
0
0
0
0
655915172
228706087
0
371620970
0
203592967
335635080
859521762
907700800
245667479
972802672
411007866
0
118109153
841510215
0
34198549
703997485
0
12576789
941312749
0
638553596
209973782
56735103
0
624724145
282866559
0
0
80832650
559113388
0
0
0
300020454
0
0
0
398695254
455093338
937200124
286877746
0
0
327354105
634727057
976555234
0
0
0
899419801
0
271434280
779069437
358554063
0
371488255
0
0
597793643
197574044
0
0
8076537
431757449
0
669083548
502200431
0
769775937
2848437
885562331
0
762992573
0
857197453
636719324
0
572630014
0
0
47195467
392699398
612354188
0
893042197
429386793
0
490212222
179272796
104846682
0
0
151286713
967385883
346101038
0
188726876
0
37961834
0
488590906
0
0
605524134
403771012
0
183193852
412109826
0
0
797038971
957357498
0
324370351
471529822
583460548
0
500468662
903331782
0
304745656
14265193
0
0
0
781101856
0
0
0
931122223
0
0
0
842325949
457124275
0
380688638
880593425
0
417039415
0
127099667
234807061
184367075
178943777
0
0
416070856
267793256
0
730107666
0
562429674
0
134764089
0
0
0
0
81568169
707700653
0
902002461
0
842771803
736111573
0
245843265
0
928346740
0
703708204
0
605406903
0
250758259
184389895
117603414
849241539
0
0
384375800
762820704
0
0
3716539
0
889768514
0
405347389
0
524689750
675522300
665505023
0
0
69749795
883455368
709052366
0
0
318690677
223145525
842096914
0
138755249
480786629
0
393916104
0
0
152478817
0
0
271113686
0
218224052
138263414
40230257
0
255801033
126056736
369455955
0
0
0
29418270
0
0
701359712
0
376151212
0
0
0
0
957616414
259387958
0
891049960
0
180777067
0
607328162
413174851
528504060
306466337
0
0
672705093
250570323
996868030
406125221
0
0
258237552
840550223
478158814
594398561
0
805256005
748849912
484665821
0
722407958
722729319
0
0
107530953
0
0
898124900
354855357
782934386
405189853
0
0
0
0
102391660
903405804
397322822
533085882
0
0
0
314094356
825447963
0
0
339147651
43899795
0
195807218
124147621
0
0
913287703
389755468
14073585
585104490
0
0
762369291
0
0
296331968
385862939
427324609
0
69973187
773680346
100022962
0
0
869071431
433232522
0
262564258
0
982118785
0
0
928994114
0
360931024
263386070
183825860
565090181
0
955417548
0
0
0
405211836
0
0
559728445
364686953
663461411
589429444
0
628710460
0
406289693
0
0
580264418
129307010
0
537620278
0
0
0
296351028
0
582453809
313367712
534826752
0
280712040
656947572
0
11038072
168365965
0
92902120
199812973
322797803
82699135
0
502491995
0
869830661
0
257093431
568742424
563230547
980816374
0
0
184991100
0
425136270
421453936
863189020
159253746
0
77077810
0
540863592
223338009
896082596
235835128
0
0
0
0
777141521
0
94148117
63394615
0
0
113400505
0
0
249382609
797966483
462657346
0
0
0
0
0
213893057
0
698194200
973987566
545298366
0
333982647
0
0
0
60556721
930943789
0
0
893824001
0
401193330
29303100
365578203
566299248
811602339
909859738
602466789
102441128
0
0
844093942
0
580119393
0
504260369
969897724
442432835
920020309
442358942
318543499
0
0
536385124
0
598085050
454779454
432299277
0
0
333700725
382626159
0
0
0
132099672
0
0
438014163
885187398
0
204990262
554626753
0
916289601
936764383
664990704
202832498
0
0
492122962
347450069
781769740
0
79114141
279441535
792179806
566145395
533014144
684281952
83547787
32500795
602745852
160500212
0
43695074
0
0
32304682
0
0
568617652
0
506383582
0
673100874
537266161
875038961
0
0
209454202
0
209148037
262267547
926194986
0
690052546
779735431
585031736
279909924
835726970
0
834982178
379311529
0
0
631247092
653959826
109347545
366767113
0
0
0
0
0
0
528027298
0
0
644818149
182754077
0
0
287735278
228813804
0
557649010
0
0
0
0
354565524
2122074
0
330580115
0
0
0
225498564
467029375
0
0
0
0
572903716
669554809
0
0
0
0
244226465
117433760
0
233497006
358812999
0
385872877
718465070
988811358
0
0
235000426
0
843401042
67034990
0
0
411485836
0
397684077
0
667697343
774982406
481027417
883858703
237461316
0
0
548580512
0
277709215
796343604
108093368
128483996
508365076
605747768
249376970
815444796
983915767
945023862
134972322
0
785501582
177225313
883828763
887212595
32216244
0
0
758370275
0
0
0
0
0
0
224767843
7823477
385606063
0
0
340156055
116650905
558203826
521038087
949556352
0
985186154
679798378
0
185250495
811011949
780750956
609254667
221643100
784121860
0
590817980
0
605392700
834662227
0
0
0
630569882
0
575904489
522874580
520622344
233159254
299093145
902393517
0
755001258
0
213423539
2793745
274207265
150845017
440085907
511680686
216438315
692816705
0
0
502991936
616875347
434813855
331306611
242459493
0
969160094
516683142
70301800
454071242
324095148
0
111431589
0
603402845
213999167
476541363
0
0
113025704
0
0
411750875
508358754
0
0
0
794900799
132479200
0
588763893
757763856
269884268
0
268073431
0
475207745
588945546
464036215
0
210918263
384308988
347766316
558817424
0
0
0
0
340842162
0
816971995
0
852440013
0
252245109
870733348
0
422312702
0
0
25920763
443195647
415449971
439996383
554506037
158514801
0
0
170068747
114205419
778003019
642569330
0
451259219
419722494
0
736796358
774823284
0
0
0
0
209391500
99112445
0
50365792
0
0
0
639606444
732992178
459613999
540301223
0
664829631
0
0
623518325
0
0
957351540
663771134
824622572
190278216
872713855
0
756545738
415930344
0
182603594
753077255
0
238471846
0
0
387150602
814502410
0
0
0
0
799016611
256120491
0
526208486
496382840
0
303503277
898107444
634495687
696380179
250251888
0
145168386
0
420410981
149094592
157511077
390393782
366733988
0
322185
807617051
849653489
0
725805792
0
415666214
964655018
17515769
367398231
364678099
697547809
0
323315161
0
0
188528005
0
0
0
0
594105756
0
0
0
39971572
1187293
247650080
278654091
980463750
411205885
741318676
233940912
669329060
0
344761165
151451086
373622297
910016385
569373735
0
0
41381848
0
0
0
162627899
336134174
238973596
0
414916564
0
709806128
0
0
684027042
0
295779033
771671887
0
481377100
324008431
0
0
856783642
439701745
816072525
603392869
234628590
791886234
0
501660009
265729881
0
284102141
335023788
625980447
0
0
516590267
0
817662042
0
402006907
854108921
0
599284260
782633140
563078065
545396790
0
548708737
0
0
699489369
0
0
858089241
489199822
948293007
613974123
738730848
0
0
14108550
544735122
450931355
938494123
0
0
157526052
0
332744103
0
166731597
279445262
0
859404422
169702751
227975629
0
0
0
0
876755095
0
0
0
768980698
773527456
753148952
117171860
771750612
887245001
371244553
535179445
893546544
0
776016175
225427624
56628337
266508335
392533058
0
0
0
652284093
0
544643581
0
904218846
0
656347527
0
0
0
0
0
827969538
675521355
141573643
0
0
382876966
791396605
768441323
50093111
0
799418886
0
80657907
149910125
314415682
0
61672274
767422890
303147134
726192633
565402178
0
185640827
0
0
0
596631053
0
0
149390683
775862698
252307008
0
0
0
0
0
2962800
844006169
81797012
429798271
670466860
335109370
248177660
94347797
539547471
0
981748024
800009631
0
929517103
0
0
423881119
0
0
970408111
304387782
0
0
0
379765732
505500415
0
0
0
672738659
0
64518438
0
832556743
826953929
0
0
863180089
0
258978318
155123473
0
546420027
341324385
56902481
499987426
0
376669816
0
0
160188793
0
676732399
0
743044750
0
0
895822893
967537177
0
118101061
0
979067208
0
318621370
664701725
708237991
0
478238221
0
958545897
200851429
88938408
0
731419461
357245814
0
946313226
623444961
689068753
491363233
249090718
560023468
122571094
948109392
0
0
335351046
527476358
74432818
574451815
874214301
3977815
721828036
925544345
119876321
0
239438136
0
423521807
0
0
0
0
916406603
614379725
782488601
607661626
303831895
509211185
298607150
277088488
625839946
519614896
138643153
0
346530721
0
221490628
0
0
802371751
0
809677555
298197264
665031414
299722341
493522905
643908413
0
0
474092729
0
0
0
0
476822504
605034199
0
0
0
0
738058606
201787921
601776332
0
785341117
392983310
910016832
406563474
687271981
594406900
714311612
17896408
0
0
0
0
413733969
0
0
814650166
701480800
0
0
672203005
22787322
656326754
987154563
0
235781
0
984370201
294099123
818907471
472005214
195130739
24603702
148798755
0
830017079
0
0
364024864
0
0
931235607
433559956
658583167
0
724706631
683323067
0
312407262
437919224
277022898
307345077
0
578262669
0
600294212
483208662
626437371
48888143
548516574
0
654047576
0
50199683
0
959085857
0
0
851418941
572843227
649172815
0
0
351453039
940879439
345515045
126059121
0
0
0
0
0
0
0
933326144
945389482
145336107
492511014
330007235
646904796
726884814
302457765
309028757
763987250
0
646780254
0
609508082
0
0
884787133
947468029
817211935
600914362
605473985
798906869
0
438132166
960078767
544901313
683816976
0
746108028
0
0
0
408114614
964728836
950740301
661897898
324929326
0
0
791597901
0
21320318
0
443492595
483406961
700942429
372757162
826441032
649051811
948651387
60386930
0
903687924
552055335
126819120
525418040
789594769
344318629
962888277
0
0
282678578
0
381749532
815926143
0
534095509
631524676
759078350
324047012
773641651
0
352048117
916626306
295573656
965708355
0
10841083
0
180265868
0
877498361
0
938666889
822335438
0
228899698
0
701320996
294354053
220733333
17319055
0
0
640616100
0
0
0
933023411
721413649
0
68254880
140964240
0
555782778
125155496
332482185
141931633
0
0
84640713
556331891
856133853
0
752994592
885155089
101933670
0
0
730295784
10710472
567565303
560646945
0
223438527
274667341
608258740
0
439533192
0
0
0
914121798
0
0
561626787
512381191
0
528838625
150015829
423814048
873791244
639900658
56757584
312725519
0
0
356159605
375502175
702933011
303289264
439837216
0
0
0
0
342931951
798245494
120770187
997364330
832970904
52844990
914245749
0
385936355
53549576
79726855
0
0
0
329882297
199901382
896897243
0
0
669663338
0
0
0
834157371
0
0
0
920003687
0
249180074
0
401967370
0
0
0
0
968544421
0
0
830662049
49190952
0
890593082
174595798
518893726
329936084
461692854
0
273303162
0
0
7310
408013968
0
0
673386564
770008126
93063405
320052819
0
0
947772346
0
823319435
627503496
463519997
0
0
0
191937438
101046366
390226719
668179338
268140576
568937664
0
0
0
854382803
111353994
148752797
0
289140342
0
574617561
754405051
0
528840286
715204364
0
0
875415030
538015624
0
221306488
896630624
808454130
232679240
0
773785635
978110367
0
458776722
175672206
0
0
37919132
0
156624036
0
0
731226711
0
870608816
0
509534731
0
468016559
976980467
0
384735050
146477337
0
756206267
821939842
807217611
0
948017934
0
647687453
601558563
887265024
506874141
0
725835471
28886157
0
913787413
612561432
943424083
341720933
188549703
336752955
648519547
403717829
58766303
132985686
652830002
518218452
0
143035754
776291716
698337180
93142404
151154556
966062902
885214904
0
928299228
910281781
498693227
0
743673312
900991991
436010346
0
735652447
348476802
520356196
0
222913623
0
0
0
617484529
0
0
0
0
0
0
235789887
368971922
35581210
751124191
955176416
0
0
221158410
0
469594719
360425860
0
0
0
0
367868239
106158759
876491962
0
871092931
0
0
0
8187224
0
0
0
0
0
0
0
237276603
28018333
104286759
0
0
886864215
0
952468528
164605845
391815631
0
340641706
759708630
480881697
289072693
0
121629417
0
0
0
0
904851702
465113411
11442976
535398927
52940342
379991330
0
0
114822978
0
233574747
980567196
0
0
954057577
0
0
0
223324207
464383006
0
86284181
0
703877895
0
648179526
0
673364708
0
0
299389875
0
0
0
0
757929929
0
665185636
0
682742468
10508407
199580232
0
0
0
690397664
221638033
778209115
0
280519523
0
777556987
136573659
744168999
568015331
942328857
407826995
253138057
978206213
0
298910260
0
908626435
865921102
477624582
0
611462011
502922367
0
528240362
0
0
741685777
157879265
0
985287111
605736266
245644866
770729538
39508593
80332218
0
0
498013596
119848340
626577605
303636386
57383729
875422013
0
205461204
0
39539069
0
0
0
902843419
18754361
263505898
381094966
0
0
0
126962731
31815830
920196538
618279427
0
0
567608303
436118882
201476368
219443968
214713135
0
0
175209188
213597511
0
0
0
604885523
320548084
789310979
195844882
0
0
215392727
672300398
0
53386699
0
295721651
0
810993918
0
321684867
0
0
561618948
0
0
0
515727042
71353645
683942348
111041283
139616022
383852542
241010100
853944697
0
0
0
989697012
608718991
941302666
739762428
215938664
388910155
0
140048060
0
765907306
907769987
43423488
859880656
0
169406041
569902075
770163650
664743934
380870541
0
558548925
0
651625181
723102
890300351
77438883
0
880459223
297068246
439950572
0
931304322
0
132795950
0
0
221183237
948011091
0
0
217282181
516245463
713019267
3038518
373156006
418722822
0
806938009
163188314
553411424
0
167608948
0
0
323088983
251103929
302074792
142014567
0
497870838
569597567
0
0
209695459
0
0
102294910
849011608
618104172
820908265
697400712
0
451770812
0
247493460
0
0
0
592592693
454119186
895820050
885497323
0
0
0
0
0
374954642
0
556173596
517777729
336174044
981842467
0
0
408489732
417153498
537436211
0
0
0
518706932
0
677417356
335970256
376130392
0
607790521
0
0
0
341665441
374382202
426130838
543521954
40767811
822383402
392765371
142991697
0
0
0
226682941
111109292
0
0
156930883
0
0
281844942
926103803
0
0
784793888
0
55922332
0
0
452487640
0
0
167516419
103993683
362078253
0
0
19472783
0
422723645
0
7209329
577131117
111912354
0
671813197
0
0
158839573
103286805
12330762
0
0
546926650
332698881
556098767
271100676
0
57251934
0
72484607
0
0
235670710
653369220
0
0
0
186269172
341480776
0
91453699
0
0
511113070
356466262
344033580
145158178
0
0
957546215
0
192101741
0
0
827176086
205152046
469634680
53021068
0
0
0
140621492
0
567474605
772393985
0
0
0
618026100
133353784
534113253
0
0
19603774
0
377306457
0
69268222
0
0
0
539474171
0
0
640092507
0
638725492
21976511
0
792665683
0
0
0
0
0
0
153738638
0
0
32815899
601049230
0
670015122
0
0
206960724
230331821
248579749
624787169
74277193
0
0
0
746411999
0
0
0
308341778
817097180
119924186
940113011
322526210
0
414365587
120883800
423166771
426590007
0
0
554225682
232123546
464083898
0
0
697936015
0
274149888
876654357
343163996
617620924
891457990
976615154
798885377
808690144
0
0
763916922
0
0
834777920
995382184
499898770
707526880
355154224
0
968749861
628150799
479818163
0
388578702
327268341
0
504858587
0
706897479
0
0
984126378
0
427811516
7875043
0
0
0
0
132839710
0
0
0
0
879728330
0
130607076
0
893806765
0
305882807
0
0
168905937
595019446
98870372
724094203
893916964
399424257
872666230
473971994
936642773
0
786509675
0
0
0
736603606
292904453
965645179
0
908149169
0
892205997
0
68164611
0
0
969367031
0
0
485211985
0
0
881772896
125629918
0
0
0
610082927
0
0
711226783
82175330
263134067
986366659
72455688
0
720445507
620990220
943860846
658609696
447984432
205290617
495080780
0
316478479
0
826342697
991164566
418502891
81671412
0
235199920
0
696773842
461308879
0
0
606490211
439086248
439811307
720157652
0
0
60884704
0
0
0
595147968
0
0
897660824
53096197
0
0
6421570
0
0
0
0
732660932
556051925
34164325
0
0
0
555249433
0
441268219
0
0
843153210
211574237
286222803
328885032
0
279231928
0
313499242
0
0
0
0
946795411
19840811
347589560
0
0
192447014
0
795362662
340951937
746554994
124890254
510104080
731131387
0
0
0
626958447
0
0
0
0
0
930962051
189836899
446346049
384158954
0
0
433666882
213636291
266127891
0
0
0
780720642
268477794
9736343
199762417
298501396
481704930
293724282
328372266
222811244
0
451090897
50171137
679091101
21060753
0
0
729187704
863969410
360136483
0
949162786
0
325565228
0
490499654
0
891416352
83977925
0
623261166
783638135
0
622054345
294078130
662237096
0
640556840
460289472
440446177
355787369
256095290
94933502
314230689
0
566844174
0
420198740
0
380810024
423315175
0
0
560159344
197213795
212995322
290662448
0
0
240146129
250455040
188122264
0
0
0
0
412421255
0
78714831
578390357
61174787
82037677
0
67653278
0
533810647
0
685747940
0
891163499
904693199
193389416
471222285
0
963733037
531644709
613723120
869520358
0
950151330
0
645402691
74422259
816885365
485552592
385352747
0
0
0
685077956
790478620
336575137
966249689
0
0
102350551
749209578
332458779
0
0
678387565
485302594
0
0
726654558
394238732
337602037
0
0
0
275623123
0
437024563
0
0
286518908
113759605
88579301
125475054
857011641
694383911
831189333
89876315
0
0
722188402
625518613
0
0
324296712
691808927
257206346
199473298
0
553885456
0
290120523
170168545
605244517
0
404860744
0
0
0
295104024
0
0
156373311
678402252
371017100
0
0
0
0
680920980
0
0
0
0
906333993
440137612
0
0
541372898
818138032
0
0
0
0
858779840
0
0
0
0
0
963236404
746404995
265890758
0
0
932213029
483775632
0
0
766776761
992827373
548595425
63277602
730041879
0
0
642027642
0
831841329
305408068
666831749
809289002
439493656
0
0
412427724
679754879
874707208
653307642
337900338
422553845
368657420
0
135496672
19577447
804702631
719255402
779303752
108153543
0
695577309
0
0
0
0
0
0
449036360
0
0
866020898
605635343
47381259
0
0
851176803
381476545
555260022
0
170061817
0
0
705953084
412971571
575211713
0
889307742
689966372
223655635
197914011
638742180
0
0
0
545610964
0
235544349
637118263
81637817
0
0
0
0
940828608
597349298
0
214951631
865658356
897758410
420645667
962466530
0
0
721198151
0
167763352
0
602258707
732942512
0
928325216
780997743
652723511
670700578
996613016
393097658
0
0
0
788878711
737540072
640439428
896306110
863196342
0
832038490
364349741
0
868727028
0
0
591250005
0
0
230986404
648555043
0
665968249
793836914
978223898
0
287991729
912017445
821983720
874339366
566743315
0
0
619260365
899022099
0
0
790893876
0
741631284
971334404
0
0
0
0
51555874
0
462747088
0
482773490
0
562486092
345831656
0
180640978
10483263
0
788727772
53707653
232480782
917123230
888886898
0
0
555457098
173582248
0
719929919
0
20732408
0
390873186
152460555
682776698
0
573588574
0
0
294557486
359531658
756220934
556349380
519005234
536360713
182264576
0
567705257
678224750
989743588
0
0
82835867
467578169
745816079
0
478730103
0
369160683
204695470
0
506048381
679119936
595566133
296123214
0
0
0
0
402041832
561155661
0
0
0
0
0
0
0
0
111022331
200182577
897538942
766694751
234813472
203190336
0
160931376
714475743
0
315861364
0
0
0
0
914532206
300265684
0
510849658
806509780
983024699
0
9308185
0
95777432
933036079
0
0
281620898
707052849
0
0
887536112
314408523
339007412
838598357
0
0
551183666
0
0
0
0
0
244425793
817108824
270071481
815661052
0
380356980
0
0
148498054
390581744
452319934
434179581
908411280
807676873
0
721012353
949059939
22242313
0
929950367
0
78155770
498169281
297592908
881391695
61461291
734957010
416227532
0
270425735
548747704
0
115120337
647746051
0
0
0
0
0
612679704
992528977
150350638
583881953
783651533
597483367
929495285
692194902
858318928
0
862703634
794744351
0
875761979
373588267
122434634
0
534697529
0
0
718095565
685249804
0
752774597
0
556531006
657782771
0
0
673588012
528632
0
59536019
0
0
0
0
0
0
403164515
0
0
534346332
0
610891406
492301379
922548327
642129064
61451887
0
0
612327467
456946334
896282293
0
0
820339136
238823266
0
477364069
842978599
601264200
0
592616249
834518667
409487323
0
306552905
0
595412377
0
549877514
0
0
0
29339696
302834878
0
0
0
343557918
0
732697022
841789738
345715894
162851912
290414999
0
0
329043039
0
561583458
0
661920733
0
0
0
0
753789138
351147371
0
629756814
36646337
0
0
0
0
297559959
0
294064533
0
0
0
0
610137906
0
0
0
0
0
0
0
352753675
323536290
0
184337029
0
833556894
116942555
19512672
0
0
256491032
246206627
0
0
293057403
0
0
0
970756322
171534231
163397396
0
194591492
0
880844489
538001939
0
0
263681632
0
476281392
758854972
556834740
0
717944844
933976441
0
514063261
0
547048377
366207163
335127232
0
682260594
0
0
0
543051536
742260146
264705311
447587213
708168949
0
0
753153607
0
235395775
0
677359461
860320037
943502063
109883963
249710590
0
773595987
0
340274633
403870580
901780369
902781769
0
440238650
569554719
17865594
707715993
0
325189108
0
810550490
0
848573750
360877486
566672523
0
910913300
572250628
0
0
6561465
132505720
0
0
0
273109904
613600394
874992320
158200611
0
0
0
0
359722022
0
992039106
62542501
0
940277913
0
76028988
591670666
0
509397448
485553972
528019307
0
427889005
0
0
0
434509656
789573470
0
0
0
334351585
0
191646909
0
28548547
0
0
0
0
507202083
0
177210024
0
218540424
669154713
0
0
632577636
0
756433705
764442465
0
215505410
0
657022650
0
659355620
877724057
169475647
650496310
0
0
886176898
0
0
0
0
914100558
336802571
705903261
664762763
759086739
0
632796238
758403313
0
0
0
0
482266926
444172154
0
602121450
0
0
404743738
957161153
0
53646415
0
0
745331898
0
131148612
0
0
0
258338869
0
0
526733313
666278885
0
0
0
0
793648262
174755517
0
0
717717575
736872422
414104589
525684658
0
0
619047550
230021513
0
684172877
0
599629378
0
762849584
222708046
839387330
382946900
0
35001112
0
0
101869406
413603842
540284640
0
0
562899673
773753582
513196197
0
0
0
571804733
0
493096889
0
246160275
0
0
39797982
814278986
979434723
868517672
0
0
449375582
0
0
105386780
0
0
0
869756961
245127434
0
0
28881466
0
909317447
639456639
486001126
0
0
236428528
630447521
0
492404282
747738684
740289861
0
0
0
0
628644530
294282315
805154181
0
996015999
409795579
206439311
51098619
216265279
0
116543132
869920829
0
653028197
0
0
462361587
29503276
0
0
888603565
825482738
0
282122523
157284196
442232273
0
0
506162397
49013722
198820903
504630700
594010323
0
610187951
0
687068459
0
0
0
0
458788283
0
0
0
0
832025091
0
0
473649952
0
0
0
0
0
756956191
0
0
51525249
661644824
828023470
0
803810857
0
637438179
0
829192101
0
0
9831120
517023678
0
419329109
256633091
0
375236263
0
276590471
0
0
709084500
0
21791212
790443801
0
0
37231026
822501306
0
137267658
184297395
0
585313793
497686643
149899852
0
0
234330457
994682178
0
149873545
484671997
0
847358250
0
682655340
0
748927744
0
0
0
0
0
192625376
0
315695058
0
599874554
743635532
321695338
0
661634980
389227096
600400445
0
463161248
205099832
706162106
0
0
482143367
145253478
0
0
0
185542099
0
586515159
335863423
740125356
0
0
232841701
261044059
549168841
534154560
507944698
852047500
313250127
940119385
0
0
994928207
458709191
351862968
993866251
0
0
22389046
399846294
0
0
0
0
0
0
0
465041735
816866928
574384635
0
337231941
0
417391097
376598660
0
0
436579828
463535428
0
611197134
138065172
86677333
0
0
720198770
17350592
222589244
0
199677430
883203590
0
0
569708503
585690822
0
796431175
560502462
0
0
514826864
0
0
462147285
61761170
0
437694521
0
0
0
0
0
0
0
0
0
579935194
0
476291305
0
0
48528943
0
109983758
48022340
323725307
0
0
0
0
416038252
639444036
0
0
761097551
476396750
0
484237899
656489573
885288044
0
941592089
0
546407814
0
917012627
0
364120668
564223612
876588000
0
127277871
0
988575408
614119388
100364499
0
644939889
181415932
0
0
41840342
907925312
31254396
569715038
668367397
0
72103902
846027467
0
529878415
100002214
560674327
307942680
513388775
62400474
991382675
390857802
93089726
0
0
236272412
0
700268303
583816104
894508980
0
0
719574009
118939835
159751344
0
919637762
504757032
447236608
748383254
719274843
0
0
484766505
717466104
687910107
423765469
803735186
0
616379665
0
586452096
502169022
0
461707550
0
0
0
525399131
487300004
702275910
0
147078303
0
0
0
0
517892686
940107789
0
35052412
293641469
0
0
0
222012654
772864120
925431484
0
749802030
181771438
822973314
0
471296714
910640591
489945059
14878197
677458655
0
0
705742855
0
966304264
598682987
823979256
0
530090687
0
0
161123259
703172735
858503689
516759733
0
0
0
0
521507358
593158960
326893673
426479742
0
0
702373518
13441847
816679550
0
0
926263761
0
0
0
545368403
401566550
738433531
528638781
0
723079950
0
37714628
991919898
810195695
334598239
735256413
965998211
9668636
122839705
348462827
919893099
604954244
984461272
645402393
381453260
622857056
474719018
434977475
952452105
0
650880569
0
987052093
0
767866024
880943265
0
0
955761772
408324861
0
599310030
145581526
0
105989608
0
0
0
433909063
652322760
559377886
958514834
0
0
0
356764131
694235053
0
0
0
0
26122392
787283746
0
459958723
849260008
677442232
162823929
844623519
355888059
0
0
755680796
392828236
0
928115577
79975381
0
839867263
0
580013928
0
0
336793449
0
568530516
413343664
0
0
0
0
0
345233215
0
0
0
0
738289896
0
0
0
520672349
345541475
0
0
409815133
0
0
25907367
0
195303938
108251243
959421457
0
0
0
268813654
910056446
0
328163867
183863725
935177754
367063553
111354805
0
542139102
601507573
0
653540402
0
0
688827694
145397871
222758456
0
0
0
146246010
470589559
0
792298640
751124030
645261702
0
779646449
948148980
0
758606172
604634887
0
0
153256642
0
0
0
871223871
0
0
0
953811387
482244410
462755024
243426513
0
293385372
0
66208993
734792698
784293246
4137828
0
0
692147945
0
0
0
197957367
558588673
217361984
0
0
0
845151122
0
0
395881492
0
692467368
386517743
134103687
0
391851145
902593477
0
0
617451543
0
600854743
0
254071715
895065326
0
831580041
406789491
615538332
634464681
0
457135250
0
229805150
0
56063176
554306914
247684502
496228308
566324339
0
544666179
0
917310458
0
0
0
412222596
479299469
0
470414691
0
136492272
0
438217433
675150818
0
0
0
0
740500299
0
712274447
959179571
0
0
248826008
910288299
185395928
148191839
0
370619546
0
0
0
0
0
0
620768330
655010088
382752614
0
956243230
890078551
730793577
571286781
914747593
192334321
429524086
0
0
0
72783225
927402742
0
0
0
385812574
956255206
0
268401180
272167448
902130809
794250786
457274885
0
839718420
843772039
223266812
93408096
0
106095333
466770078
785636694
668109189
0
310441099
0
933288590
928896882
0
0
0
362161336
89719279
0
600485400
705032752
270659734
738875184
723963024
0
695758067
362118628
885493667
0
894567023
332488264
0
0
422606528
761749270
74075100
0
0
0
304749548
0
0
0
704140670
0
36234201
961411159
0
439315766
948670848
0
791732192
0
624338633
0
0
70375546
0
201767140
416442232
703776252
0
0
0
0
0
945122444
0
0
276719730
644540538
0
494498845
0
630592308
95258684
0
0
706479707
437922575
20112779
0
0
14676917
880693784
0
445113484
0
0
258397110
0
938906396
0
273728327
551418512
850422623
721883244
952620833
0
244434883
415273787
0
0
627609981
0
225659504
0
0
340653522
703351302
0
277910068
997039975
0
0
0
42878840
0
0
0
447192561
0
485518713
0
0
440149018
0
0
0
263697265
0
0
580137739
134652167
0
0
646301435
0
142489283
599834092
0
0
0
761264234
0
0
0
0
397526686
770249437
599497680
582063186
0
0
0
43529847
458948360
310448524
740583899
0
0
0
279885309
488198829
0
371903722
0
0
0
361523186
537153656
643469387
0
942258381
0
536828524
0
584190589
0
0
0
0
697181091
0
384063287
253409314
989378092
495834594
0
0
0
0
0
312495288
0
476632162
387655961
966609995
793528377
961218065
0
668566333
0
0
772709450
0
112917467
0
0
0
913005517
537817455
0
23002142
637246917
0
887944465
0
264393398
704212144
0
281865154
0
372000014
0
0
0
0
0
234907309
653125116
0
0
905682539
906516275
204651523
785227713
0
905482048
0
0
769664314
0
973149374
672197522
0
0
0
291908659
0
0
0
87265052
0
0
728499143
0
95402902
182515687
0
0
387084921
0
6699016
0
438992553
0
45647718
998047033
0
0
0
573158185
649739884
0
428523944
206943373
670282358
437047117
0
654110912
0
0
711321355
702314910
0
304536378
0
0
888026588
0
0
0
0
0
641867104
179369043
0
0
0
0
606246506
814099964
745272426
137540686
683195366
154840526
351423354
0
792383780
343206845
372417668
323429223
553505862
0
0
0
0
0
0
0
131649193
0
499555826
0
379912157
0
14237920
265675268
0
0
0
0
287109232
436740742
0
595650983
448687929
0
0
0
374449923
197922585
397273484
383060460
705129318
567062965
0
92310710
132508717
0
0
0
0
775917861
633717775
0
732989124
639552575
432311344
0
0
0
70807827
0
556893987
292067999
468256193
0
923619009
191461585
832586572
0
55337986
791798559
449013545
908412962
0
0
470286163
233936432
334104151
0
0
569845459
126693759
0
0
0
874547062
305448277
684342200
914370137
299014980
41329836
588390233
285789380
844134110
837353520
0
0
405992520
418815059
627228259
824494792
0
270399619
606464312
0
353419473
851858620
0
489283084
0
734709366
771838392
93786560
0
0
502156948
599060718
0
0
0
0
0
771793969
688564990
798491381
813865902
86033293
682812845
675162162
619310472
536331580
506480572
97892858
849781415
0
0
126240356
650258163
630473268
0
943876813
0
0
0
544741306
480320198
991172217
0
0
782962660
809122624
0
0
816991774
348876001
324447241
151432716
410511337
637611748
800317815
540797011
0
0
128334244
383267373
617455479
818450910
564569447
196326145
985872674
0
0
285851011
0
40684878
251176522
0
0
613137544
205719865
0
0
0
893980765
759406987
462191266
0
0
0
0
811038851
0
848639297
719365031
230446885
164685347
638253188
0
287421920
0
11592692
0
0
0
232460030
729541468
433941068
587987249
158016180
141354588
472215890
750971839
146138274
326554340
0
56313942
474745497
0
0
0
0
453880312
0
607026666
0
787675240
568982743
274722344
422997807
980375062
0
375337423
678128819
465889503
176669308
0
0
0
0
0
634899267
0
0
0
79102667
931641115
658626139
0
0
117603699
406787156
642458481
0
0
42181155
0
0
206258257
0
0
110163123
0
937378584
0
0
262955613
380317782
0
540576964
819034176
906501097
409878800
0
0
0
803560771
285574084
0
0
154351328
811965287
234057324
0
522644795
428776333
738334325
0
0
607343423
917606488
0
159083469
961380033
78547663
0
0
712250150
0
878752117
0
0
876972827
620934009
24038941
474660919
688528416
0
0
0
555080728
0
0
96049505
189124159
0
0
990280715
0
556425928
0
533418199
0
256520812
0
0
0
0
0
0
0
850273824
0
435375599
0
0
0
291810920
0
468920126
0
0
0
0
209037099
0
214738100
266744504
441597842
560683777
161760051
185486672
473038054
153281947
0
0
449018144
0
0
535709308
0
0
0
0
0
400544762
0
0
0
779848944
905229285
225631298
666712518
0
986067018
378199113
0
877029119
0
505413633
829343614
754169312
880931068
0
856829037
0
638715034
745268076
830782411
0
0
0
0
672015287
927315666
833471184
407501991
401702373
746283829
216205183
141919924
113356088
200856804
904553911
0
786671344
0
0
0
0
905177487
0
0
0
622125986
914240226
175016636
0
0
325214073
0
0
589941162
843318971
0
633397212
0
405012520
0
0
0
823438293
0
59521582
0
0
0
16338762
803822992
219505511
0
0
109958327
0
0
0
384892769
0
0
685727008
0
180824274
0
0
0
836361900
588901995
0
290718647
9924246
0
0
0
0
0
164728828
570800873
643324888
520362363
0
359412974
664042797
0
0
951741887
233008952
628765732
0
0
0
0
248140399
0
761495376
5388625
677690457
887354545
0
90428704
0
990306165
0
0
0
0
105854326
0
624748583
0
0
0
453545035
54866650
0
0
441434801
603792457
827962454
0
979574441
0
693167084
440330074
374340313
0
0
572784832
938662144
308019551
229199292
0
0
626971462
956362647
437940596
0
30294058
0
590120515
1709170
399181867
732818438
0
473494847
510127335
9834758
769683886
0
151547947
0
901009539
977809019
0
683622162
153640192
920261757
885763956
586347726
917691159
932058110
0
682042541
0
179950356
725158053
0
448318670
0
0
391141163
0
430478264
0
0
0
530899071
0
207430301
777145616
0
77132089
0
799685056
360425627
58749693
0
404878297
0
73912077
834506088
0
945591165
0
985393878
552936858
2371352
559916236
886211513
0
811225935
706881368
905578270
0
0
0
402216262
876739871
913174346
741115625
0
0
0
217831311
299200762
0
273728089
0
876816858
0
118185985
0
0
0
0
778259906
64886169
278739578
0
290876365
0
472271730
980166119
495534528
939790143
0
0
0
0
0
0
0
220241274
837341752
695912653
194142108
966052713
0
0
0
161529981
603126613
145252947
0
831259556
0
100084520
0
814601971
566576410
658208882
618100766
225755836
0
989258371
0
872334837
703697517
101096070
0
970643232
0
499667878
41300136
0
859115914
507059755
0
150601367
106881659
678485370
655964028
710641978
758925277
419370099
954236341
565369805
0
0
0
0
812978241
0
0
268480489
453528992
0
805935060
843275117
363148575
0
499606679
711755891
0
0
0
0
69654707
0
919020181
0
422371369
637197316
0
382441030
0
820456275
541772403
428002047
354108475
406470783
494409036
85465288
446872178
0
423938100
983772951
997530261
42814476
648025341
903500328
0
329386291
142847463
792407652
0
0
0
0
11348316
0
691625996
357080552
0
0
35286483
0
0
921796072
953084665
0
243626166
242529217
582836441
0
965144801
269780001
0
0
0
0
794459652
289853331
589786391
0
547792349
375956064
0
838107228
0
0
0
0
248241002
0
912403242
897906526
0
0
714709394
0
359262424
160896056
0
0
771389411
0
0
0
0
485537998
0
0
0
0
0
128717584
0
261144832
827982104
0
208269338
0
872199733
875315222
0
741173480
278364314
898782485
0
156611065
259054536
0
937313059
0
601894354
783128245
91293751
0
0
587540389
292290282
249421315
0
678899853
378431962
0
243024652
0
0
0
0
0
505801414
0
492979538
0
942792798
0
0
330684511
0
0
79671585
216459144
563529575
539070718
0
297109315
918534244
0
0
0
0
0
0
258655304
157327317
250413333
466981583
840247134
0
0
0
0
0
823762909
897961533
973417452
0
0
202093320
0
0
129687748
198084149
433203555
746320302
308953821
857372089
265154506
0
0
0
423735284
0
151285436
0
0
741295957
0
0
369732192
0
0
237584069
0
0
0
773926293
0
835203512
52640294
391574639
0
846946600
599831866
0
117286500
322901604
0
0
299517463
0
496321528
112111193
732480047
969596144
443691321
233639898
288198461
0
0
0
793255384
0
0
0
0
0
0
0
0
0
94732375
528660189
844214967
807347743
0
942971522
278193653
0
870194479
730203264
0
935189241
0
173740741
668421992
971141407
113091666
0
0
262796522
628448580
0
654699344
392272660
0
614130834
33118839
0
0
0
43664984
0
88832433
911661146
0
14103781
940525415
0
0
0
0
0
0
0
55261868
0
0
0
0
893528978
410614008
0
584560785
208042087
676977273
254687585
173229870
622767502
730559459
842529462
0
147102941
0
0
640563458
28993375
744526921
849947746
235680935
0
0
0
0
96529803
737712709
802730999
812399425
0
516390636
168227223
0
0
748689267
132361884
86836406
41106959
205542777
0
0
0
898227531
0
0
65879515
565658723
805757020
806102676
394194194
0
0
0
425259235
257085084
447484033
165017138
548545306
939551084
384728366
660667290
0
0
0
0
304462189
0
715604530
0
554985558
0
0
0
0
0
0
0
709767542
0
172664787
83316984
499691529
0
0
620646463
740265423
0
0
0
777987192
0
889001068
0
0
923969999
540329954
0
0
734437116
755941200
949559272
0
759080800
0
673310127
0
373968091
868000249
0
0
920434204
0
0
521035740
597925227
294351563
719049309
902781955
317665936
878351453
783299859
218490485
550238000
730372189
0
393284130
0
0
976050268
184624698
169023133
81518246
0
0
0
120827504
104950224
922346023
701903475
0
0
501849883
99120993
359539497
87452149
962286146
0
730321213
357284168
0
0
0
770805539
65695076
303862155
680946426
260803173
141404997
0
942486857
0
475463174
0
300313956
146974753
196590741
27831864
671788510
519127802
367756604
523108032
0
0
963712200
0
0
393769938
0
0
669202160
3422006
599697794
0
0
0
0
0
0
604500325
0
777006418
0
612471173
0
579203914
647176276
164572282
170257189
0
243569831
178784133
0
0
0
0
0
96061617
0
0
0
20618523
0
509921266
383637970
276118093
337864512
24366254
0
0
834847157
534422463
0
0
0
212097308
174178570
500185986
258112585
0
125161124
0
533286977
611764365
0
892147348
0
0
0
0
0
0
270350266
940925215
0
0
726877993
0
923099276
996952837
906919906
793292460
588764183
658713817
465860961
383705847
0
915179701
837346090
0
658453347
915087666
0
0
0
0
0
0
457305153
0
0
484359441
150857220
264641260
15538297
0
0
0
0
769710970
0
0
0
562892846
0
567222123
0
289504665
0
0
0
430495237
876238922
251595537
977146088
432266716
0
0
357098379
528689218
158973402
120092454
825379099
111475735
598514529
0
57812223
0
0
0
0
0
807080674
250214525
861450085
0
820074997
0
256216533
0
932786319
763587385
0
143557343
0
0
756206761
0
340372908
0
364155928
0
402075849
0
423284362
577496086
0
0
0
0
0
0
767099012
686349923
425104204
0
981081005
0
0
235337401
0
0
914943158
855338658
0
0
0
0
0
553590297
186464302
0
0
0
846455768
0
0
0
0
0
0
297679831
0
260784445
193494698
0
740388422
0
460065365
919653756
812579367
604492966
103089790
0
147236939
0
0
0
501675065
134599095
191961322
521918359
565224762
470229624
82929615
425500619
0
158432046
0
884766523
0
787508947
891497296
0
0
905005573
489540146
0
0
318727831
0
439105198
843508888
248483929
0
347799065
685801038
677309522
0
123196786
673864529
0
221859470
0
0
0
400543312
0
787357883
374121080
0
372845651
0
33442905
0
0
365835057
0
514733439
145504313
658534479
510313765
0
264875218
0
0
0
612057597
853193762
384465096
0
280732451
0
0
0
937855823
106495970
100633567
360047044
623560375
574027842
0
138919745
0
0
0
0
0
0
0
191814884
0
843562093
304039951
0
0
0
113137807
0
583156224
143600600
0
630281681
0
969335608
167473253
822092246
646274229
0
781802362
28822329
0
0
667178117
804872930
0
750491483
708303387
0
432787803
932447450
594364568
49060426
576218324
979665578
0
654626676
0
30450937
324996311
0
102752965
635623660
777798618
0
879799246
0
346703443
965721037
0
202733791
0
82858073
0
925759982
46126451
320399704
606988540
570676391
0
948234514
183892378
572030959
64388605
783179263
380795522
0
579770386
633149089
404812750
919894490
960474122
0
0
302136375
533167518
0
0
949755434
746483370
777641987
0
748480638
0
698002371
0
0
0
251314334
554132200
0
0
0
52987653
0
0
0
0
0
0
0
236717971
0
948793021
0
355727257
240368429
232143005
484290858
244114457
251588697
417233018
0
0
761611632
627204689
69312357
0
941807152
0
300953950
695364661
609139276
47382771
447597949
801040419
0
0
0
0
669778571
525601653
0
0
0
214084812
552770434
0
0
456354782
382845949
284306591
508368448
0
0
0
0
0
431402230
276381525
0
961208022
800166951
0
302213013
0
333685538
927061911
0
902573602
285230287
425627467
0
676888918
0
0
0
638139552
599788125
0
903143021
446703281
71370819
0
22168318
612298195
987746727
897570475
111337123
588123335
115471426
0
696419484
806129790
686662789
789206364
794841153
65586777
430265525
170055384
208830824
0
0
0
0
65963701
0
0
0
566207788
0
962782177
0
0
0
268353088
939801413
994317874
632705721
0
553536171
0
622231410
272934136
923227201
414023710
0
0
213362839
0
0
452212616
0
0
186793565
263875792
0
499887054
0
914437461
816885513
899269916
0
0
0
470601476
0
0
278640163
735661880
653170077
0
685867897
0
0
0
175766929
0
0
0
0
140819807
48396050
0
909332483
857640040
700164936
0
0
0
413367441
905537367
0
826032415
0
259921684
0
57245512
0
912521290
652169369
893551030
0
0
488805107
0
0
659098802
242898054
0
988529191
0
0
700207231
0
439679379
0
792237003
878796422
701026274
70280877
226773534
0
0
593848027
431337542
37213536
376299820
691271504
0
0
0
964634517
540944223
855842806
592152281
198476845
896709939
0
387492518
996412076
879785601
981595906
529926164
448364019
169471659
911680811
0
290420613
0
0
0
0
168793898
768604369
71651358
595883790
942366507
88740353
710587176
0
0
907387070
0
294652761
864892303
742712452
21278877
506140222
0
919491691
931654983
0
943931351
0
223162517
735376934
0
0
0
0
906400595
0
0
0
995885232
0
583469629
0
882041256
925378444
679739260
83154424
0
463847467
227559766
54177557
800063460
645396110
879044494
488868698
72700669
114613841
841450430
828504126
0
464612155
374499884
399872830
0
381681326
0
0
562641137
99343733
0
0
0
0
0
0
0
0
0
0
0
568613166
0
457342672
113678114
736260226
0
835342081
0
458502825
638658772
465955037
387764795
192773303
0
609708546
0
0
158996042
0
763279045
0
643026957
0
389578926
0
954331006
38947982
0
0
359393464
0
220878439
831461743
612380253
59669534
623356609
0
728754361
167315452
0
755099567
720645010
765964081
0
826494787
0
826403273
0
0
0
592537923
0
637853723
310390071
472735466
534900082
498078271
245848289
100166805
608604477
339936469
0
917275141
248469672
944380166
0
0
324030155
11804320
252196725
523533553
52536727
0
0
617183566
0
0
833278838
879009287
0
0
0
469787186
910799433
0
0
63455856
349108239
0
287331234
992318790
950714603
0
104650253
0
248043785
778570516
939589126
400937181
280790951
0
821415169
677513325
502563427
85943374
716077928
395909465
310883761
325048910
0
214283238
0
444972767
744214325
996794361
761724612
0
0
0
649749184
790865407
0
362681548
941725860
829157166
0
220029816
949251313
685006016
0
925431832
646006864
255760820
263083323
0
840957409
239449629
461972669
278177035
0
0
0
0
0
0
694470426
945174312
600488932
880539437
193685624
0
0
801159428
795399819
0
0
0
619746464
671323286
0
0
890351293
36059132
0
0
640646569
241841180
0
854698815
0
12384437
0
305305504
273351667
445510122
566529540
0
0
0
266524654
931949941
701386993
924595982
0
722271147
893543940
0
0
0
603980672
614178345
97448100
924660909
583421810
0
350592950
0
0
230914625
322625740
828782621
0
62643221
0
0
0
353394844
785915364
0
0
0
0
0
185653896
507499510
27075680
123534040
0
655352404
681304411
0
944031319
0
810153314
847177182
0
0
0
576214488
333973129
0
658722574
0
0
14516209
0
0
0
0
586441186
118618625
0
461439353
78967682
534792995
471175765
763869440
6231111
610175872
736229585
76085414
0
945780139
0
530903811
422878621
0
0
632982549
929517140
0
0
479105932
0
902980729
910585221
464522461
0
562485124
0
0
0
650923330
959478507
149747375
362078639
618232924
739397200
0
601610197
653268322
0
0
215239198
0
0
533516716
772227202
0
0
705363769
0
727966564
822320332
0
0
565598471
0
217856995
0
0
0
333851682
299968609
0
0
630998404
0
0
377480114
756095555
0
156232915
0
0
738388004
0
0
0
704059595
314920102
762781159
0
0
285925645
82388724
20800548
0
0
0
354788496
0
0
0
0
0
0
0
240445050
0
41340139
961909316
223970001
275453486
62792397
912619808
521150824
175200017
0
813314765
43747958
888200373
845537677
683881782
0
196117993
996445371
867537956
692571639
913550730
0
738727955
960814757
538512796
695306270
0
0
0
0
283375120
698550063
0
656255124
0
0
0
0
772982953
195725109
0
90750612
122053888
0
0
69160370
11448679
78600853
0
461675952
0
0
0
0
0
0
246824839
374189119
0
0
297320823
0
54377301
525747911
0
508873959
0
393415707
0
0
0
551503249
145027931
0
0
598795496
0
267505836
412562358
0
684868783
369880543
190754203
0
0
171467482
0
895956731
352385107
510661536
0
425417637
0
0
631028864
575754480
71417780
0
826877211
344903066
723426821
0
0
537797262
887282087
0
919260675
131216229
0
0
84507840
993523646
668675313
0
291769889
93201361
207841064
864741816
847070531
0
883352639
0
887298427
472326769
0
0
0
0
0
588579910
666086539
248702089
134232091
0
462408928
0
889155797
0
0
0
207669173
710779325
0
879285500
243733293
33398488
118439882
891049912
618557075
994191430
676402340
21189571
127033197
326233925
629522578
916824577
0
836811272
549792289
559916859
0
236990520
0
488353294
363802964
690977698
493204839
0
0
356339984
452289216
483515899
0
0
289446281
0
0
314179309
523521345
0
0
620698479
447934174
0
0
0
55304519
0
0
0
0
72003699
761094025
244804487
0
0
236979463
0
740840335
868543580
0
343481389
0
0
453840141
0
141687203
577627979
288105068
917447345
0
0
0
0
392962569
483505763
888991229
741294912
0
677429905
316303793
0
775072467
865977145
0
697989493
644353106
0
823380341
0
0
0
65631174
685658027
0
0
0
481151779
348307573
0
111870944
536356366
445738873
530859407
341162900
0
0
203716984
410029049
0
837957467
932195733
0
0
0
0
2877857
0
734143947
4632623
0
312713859
0
639045676
112072116
524547727
0
219345357
444795309
0
50024778
0
0
113307607
163798896
614634743
976816621
0
670297727
0
0
919560244
77635226
484974803
0
927055836
0
893126953
704989445
0
0
0
0
0
0
0
725505169
766318448
0
0
722346946
223798857
313036133
799443605
629442451
776778667
0
943914472
0
591566894
927072662
765118448
386897442
656059080
191805127
636775165
684368280
0
141101081
602379626
0
0
19555204
486346551
820593650
0
0
920415179
0
224289003
0
0
360893047
0
993582889
210290498
0
117847916
509566539
649205708
886781926
917185180
0
0
0
465857759
0
479583241
364061977
711897696
368520178
846426473
956732047
0
988247030
173041797
0
87313449
591895440
0
12703231
688323103
146006599
0
397302009
416503415
534717681
0
0
0
933286306
804288365
0
0
279014980
63738517
0
306029936
0
0
576538138
996562981
248935116
0
0
0
208065261
712966415
0
0
868708386
0
817854219
0
0
701895578
0
0
328589379
762325292
0
707786483
0
780324978
0
876626028
0
509127713
0
0
0
0
0
760538488
0
353613679
0
0
0
0
915137897
31765293
0
436844914
0
574375749
834459975
0
0
469104187
0
87042385
0
223118941
0
857651989
0
0
0
0
0
964259687
518251334
851720005
624439745
375223780
892907825
37811435
0
137225638
0
0
67138852
149788839
0
954794791
177610587
813760351
0
579744106
222984284
0
332082268
0
0
0
889639490
0
957181666
0
0
172030232
155834887
0
237235701
285563961
0
791699829
230816480
199317819
0
0
956446384
94109093
732630642
131477831
8113083
899473913
740608551
0
0
0
895402715
0
0
0
0
0
591073665
550912509
694997212
0
769799708
0
812518486
978700820
655902002
988468491
13576554
0
199675945
0
497776186
0
0
588343690
120555400
0
379849894
0
0
750371291
751994953
843641287
195610608
39631840
0
657723162
0
269120018
122981403
0
233059687
538115382
0
0
0
611165378
0
958576151
44317740
868736518
0
802462740
496468647
0
0
208640309
786150744
0
840261626
184844092
617966650
0
38173984
600858787
0
0
561474757
685000338
805383333
0
0
407977376
0
914672568
637076828
337801649
840794429
630414960
0
724539385
314794197
317806080
322836958
0
946044199
662911949
25570625
0
110981867
0
0
307482142
212331148
261951191
843174553
729903518
0
697023138
605258910
895803879
266468317
16916106
0
978605103
701219760
638417699
994630913
28041425
0
0
0
988190006
0
506752096
796324592
878022042
0
0
901310250
0
284312638
0
0
197438882
567144490
0
129438910
46429161
804380618
0
0
0
985816044
801546433
0
0
208682530
0
92565339
0
0
0
0
631328363
1309369
0
0
945723961
95977935
0
0
644273872
156791569
320392519
0
816258221
168299723
352119043
9993179
0
269175265
129814855
810891114
875891524
0
72035955
509062293
492495042
356939205
0
212464102
237754626
0
0
0
0
0
79947053
0
0
468962757
754687742
507882143
596705835
929035227
701294505
66755718
311567205
694553507
39728073
0
480653040
275867572
32593654
0
0
839601797
0
891924887
0
981284834
0
564390373
830869086
645993948
0
173662195
582116503
0
0
712461270
162614132
965332839
589650795
321046360
137092578
832728881
440269385
0
0
559937802
91684953
335415368
749323101
0
0
0
48588961
23807136
0
0
0
521557292
0
0
767656594
0
0
0
847479753
468980177
426348494
223554395
0
974901602
0
0
466962364
410608092
708837666
52814958
251893302
0
777284260
136177446
622946656
0
351842350
633696414
0
0
0
892588615
0
497309739
345952677
692350542
247723263
890731762
645353826
0
0
839706651
0
0
338127462
417985909
0
12088009
0
0
0
0
823808035
888785473
670691024
0
945492834
0
25648478
0
0
265376125
47195073
987691382
0
137212024
81788477
566602530
6231833
0
0
245876024
282610650
735390389
0
0
913114232
0
854179924
966187260
247262881
0
0
0
76567553
507729464
222630699
497171221
355110424
0
726837241
624144165
23862138
0
0
0
640736585
0
0
0
0
169037308
0
474404449
160372498
0
169082729
284337958
0
384249455
0
459097239
0
120259860
0
470712941
142006490
0
0
0
0
229348687
0
805159681
386702335
0
213534195
354275438
0
565911545
0
0
821519966
496072243
448838845
0
0
0
231541456
0
52223304
961210028
603641019
0
79708420
0
900864867
857056859
0
0
0
103430228
637221922
0
117463890
0
0
0
149054921
230910372
746264398
0
207219016
262433114
0
529295739
0
533926680
0
162870592
928522117
0
0
483589308
352100088
0
529855588
0
493783535
0
651804331
594612030
735800412
666522471
698193181
0
0
0
0
844370689
0
861437560
0
309917197
0
0
513941461
0
0
231057372
51321684
0
630489319
0
180726599
640379049
257727052
0
0
872020270
718281885
0
616784443
0
538504413
0
727284235
282958599
0
0
0
3464228
0
446745985
951989011
228021397
566011341
0
0
309036789
241942389
0
183683942
452696249
0
0
851644380
739760160
162953015
971116567
708054122
0
18425967
0
460020779
974174670
0
215358483
354074658
0
85921643
0
0
820456787
784988925
145221751
0
555499021
59198941
799050756
0
0
0
0
184831029
932066865
533697839
134267972
28472143
0
736293785
842997270
0
464902051
853444610
0
175336875
0
0
0
486752732
0
377285547
547169603
299349819
128154363
0
0
266388586
0
0
147263371
0
879186453
0
400973484
529468056
200083495
302647921
916621161
214400894
0
716497174
0
883945485
344766131
0
304764700
0
768282882
576766260
0
0
0
0
766413039
0
461825954
216990072
0
880515871
0
198980193
0
0
410072635
0
348569371
782483881
0
787942329
826535421
491960272
839641393
835548117
352236959
267494332
0
0
519896614
0
875354216
648630996
0
7926547
29592067
355663209
0
0
0
0
0
421803406
0
88922151
485304791
434303172
487185363
0
0
371343848
930680239
668167308
0
0
327640210
0
0
491779663
424992716
693407495
0
874885968
0
370605606
0
322802890
687726463
0
0
0
481498855
740063613
145886929
160959864
0
0
0
219624617
0
0
275529275
281252712
639296524
0
743621552
874614558
776287055
0
557151985
430929548
0
938897812
293982272
669721434
0
827024156
964582060
0
0
0
708788159
835527169
0
538153963
0
553080964
0
890405964
0
389165632
352805527
0
0
981841725
348134564
290222703
570689188
0
119820022
754530841
492126621
87748830
917602016
194382409
389557135
292725224
0
703202860
335641481
807552395
625106312
0
0
945974581
0
782629647
0
0
719493073
0
506282111
0
155646457
0
0
820835051
937980090
0
0
397779346
0
744871781
0
974532313
0
0
0
671313205
0
455907165
0
0
0
307755386
524374069
0
0
469066552
0
889415386
743491077
192859331
0
0
852005693
156286762
534090599
12794206
757837622
860569499
0
0
576909891
832295063
247384814
0
808582796
371983618
0
0
70520762
0
263836244
687418198
829883827
867128996
0
433470397
0
156248100
0
843836740
0
0
656879353
0
173828495
0
705833238
78504046
0
0
240532689
415305769
0
864551667
257965691
0
369192140
446434195
0
794114848
379296051
599147072
803605038
625871994
0
716379483
0
328783439
0
25383881
0
187942782
967137331
333190654
0
0
460721241
341238565
0
0
0
270664079
0
0
0
7308126
781192419
285668118
971230000
242645828
571218924
220077127
128867968
967044760
0
504499732
103368653
0
221946843
0
123476316
0
0
0
210415265
269365087
0
206358926
0
123476666
339044399
0
727010436
423381351
384094296
0
0
264367767
0
927070237
990806542
0
0
435013339
392131364
992649756
58823506
756877498
111705407
963702672
0
909006379
575975749
0
0
505616416
941393696
522843960
872489741
0
0
854149759
0
0
366009579
464686856
635068377
221312520
136449956
0
0
709108454
724690132
190224526
410663763
0
627641378
448638686
689635227
0
61430438
802749845
0
0
89589708
905370914
0
0
0
88882818
837798842
484824763
0
4108234
0
747972507
388663639
0
311501454
836368245
60258534
0
641632255
556996186
969254679
0
974465871
322259414
0
235110425
734727267
565803450
383974069
576748654
0
676973780
226140820
761128849
46966891
0
0
893441503
0
93193405
0
676712067
313133129
413557686
109666894
222661776
760364120
248415643
643942682
594055480
6064028
462384188
0
247081673
0
0
0
0
598968504
946551692
513053950
697616230
0
984671057
56475165
0
0
196343444
61531997
0
605325608
0
972130430
613065123
994153935
0
761766548
72542675
910243739
797124537
195926396
374132880
0
788937828
769220614
0
126615436
0
0
803551947
302441279
547417985
0
18545244
0
227433409
551882702
0
387548815
0
756724085
825609436
15160076
59022006
0
73214184
676212617
0
0
0
449628822
0
150688497
0
0
0
0
864967462
463136329
0
34306111
160856710
0
823289413
0
0
0
274829405
0
164436210
0
502060647
6571980
0
317933929
0
635178820
0
0
385007376
0
0
670577918
0
0
927978335
765177566
0
891634670
466414282
557064852
682540658
0
0
886160082
986340353
0
0
626912421
943407871
0
359440551
558691549
887624595
742571767
0
0
276392463
0
0
0
0
806019475
0
0
0
866986088
827109243
773384465
533816717
67371528
0
745052947
0
0
0
0
678499616
0
76457714
347589533
0
891579638
0
0
801661286
436479673
837547039
0
177823273
464223869
18751970
194977197
258372180
0
159075741
291594355
141539811
427813375
0
219445569
0
649145081
811352323
495303009
795366970
218619574
500749340
0
924875321
0
966445582
177519216
466234064
696042575
223545849
0
759386490
857355922
0
385445647
0
0
24475433
0
873496732
0
0
201787113
955539446
600058302
754830547
0
264445241
0
900442278
761483889
177335675
47906777
698492891
633773752
458868205
168143257
0
818165317
215294276
355168988
428883171
253853257
0
0
0
463563314
288019439
511611663
657533723
682547108
996839201
415415090
0
912015972
930998583
0
699398648
935430160
0
0
121652964
890099517
441164687
835195769
138376868
155036482
0
0
501408573
787152102
375797334
51609267
0
518852147
374208616
633629867
777364514
0
0
0
347631838
357919553
251268217
242323064
545756845
0
0
26550384
81814431
77497937
0
285810470
0
176653871
847029513
0
549980378
674423920
0
0
824129526
0
562212806
0
197543034
384789688
0
0
428049938
691363163
0
869548731
189648401
0
0
944865146
0
0
22847875
115616349
515709388
269705546
0
235763112
0
761205890
780611741
528638542
542479129
670945107
973271311
603959044
0
0
965495683
0
287511425
657733617
904335034
0
0
0
0
0
0
37322564
0
775313986
0
0
646385906
793058450
0
713262771
652128496
0
0
0
0
942227050
928994384
0
0
0
363247400
0
0
252182256
0
0
28010115
251033031
311215047
142898655
662965605
961346783
0
278601953
0
468865009
0
0
693867226
0
0
352332551
173654705
425239811
0
0
873178048
914693609
0
248241157
0
0
618184090
841236923
110617371
536407561
0
0
963546767
258101625
0
511645298
555602750
0
0
0
428007035
0
346300530
845352767
0
0
551737309
352625170
562998779
835538546
514211177
702780780
0
0
7070602
369450453
0
378924888
300261496
892783861
510479700
0
71806042
0
436211823
0
855720036
0
0
450510680
0
319918003
0
0
977234781
0
513598213
0
304029540
209931306
0
731513039
274449589
47789202
0
474959140
124932114
367997
235290438
0
131774640
0
669245264
0
324440704
605419557
487479652
43339883
0
30340773
471370274
409494272
288797818
665210529
0
835547685
0
0
860417981
0
728727046
0
0
0
0
0
732377970
0
898716869
0
258023697
0
0
0
0
287444880
143666721
128988168
903725258
0
0
0
0
483663935
326400056
0
0
931167056
446631077
646377916
0
336676440
307563057
0
178901282
24793988
0
0
876400424
0
625725669
0
0
67378147
663413156
357644944
844651284
0
154247635
0
0
525101905
941872747
470317789
377981367
0
967206333
374719658
0
0
545948249
0
0
0
0
0
345796018
870478832
109889089
0
688208729
87535854
56742145
0
0
0
354044786
265537716
120975530
0
217858119
0
439512736
5305935
0
0
519536702
220289385
660286967
726035083
0
369863184
0
732296322
560289448
533700853
498691229
0
552783744
866888887
0
876641477
0
352967840
720708531
0
204292485
0
865816879
0
35770140
875075805
0
0
341742352
0
47702306
0
0
408809621
675139317
29504035
0
60528181
0
0
0
356299640
0
0
0
0
0
416782346
296446870
24591694
0
706379622
0
994295306
0
0
622522345
822901338
955693627
0
0
849795455
0
696498307
882061059
270440245
0
130943496
324093600
776708067
0
290962408
265356231
663455105
0
858625161
669226285
0
970939428
620996753
0
656856035
276796296
572101881
403419926
234996504
771586962
0
697841408
0
0
71100038
0
0
0
30487992
0
493932446
0
0
894661764
330479949
12853370
0
0
0
669257167
302243946
59080900
818210767
80929844
0
0
965466723
451743249
0
0
856635790
555336181
0
0
392307275
0
745486306
0
106773891
411296139
522306377
22629957
0
0
517526669
788323141
0
0
195136496
762338892
766706868
0
0
226009743
377497229
102668347
0
16285183
339325994
0
0
0
20597676
0
0
252070663
0
313569695
366459708
0
320341483
832650706
81696993
487465432
0
469917083
177674179
0
0
0
0
455831526
0
0
467181223
942942827
662476329
0
883950971
0
704514894
828388491
441173783
0
305398394
279343476
465373087
896741340
0
850386938
298741839
982089819
31973307
0
0
0
0
427557417
396160561
0
891162150
352632555
0
495146256
0
983325940
0
764376112
768592114
0
949755363
982879073
484839100
704313039
57758561
85252930
0
600360531
0
156647809
0
955209710
0
677853552
947160756
0
109169742
541407247
0
47604457
388746327
0
634893855
374064927
0
0
0
221455052
896929019
431203029
0
260742316
0
528155156
486912353
5415730
381442034
0
0
0
958758168
0
349152670
0
640456400
264867442
344334753
863941756
189259378
0
387754278
0
146755087
221882970
406730079
0
0
618529755
232090645
0
252493590
644673404
0
0
548895923
0
944434466
0
721505571
0
538695626
600765693
925791270
0
372755436
0
0
850291240
968940076
69276505
400180024
0
398111617
0
0
0
818044751
0
0
201951314
0
0
0
0
0
0
0
929064613
599234418
0
0
0
482585836
0
677814003
608732605
542199990
0
0
0
0
730063239
0
431921854
854338126
0
0
304000967
0
109510838
76539427
452820223
0
0
21387890
1245692
0
696718673
763266337
0
0
0
91484124
0
60189042
486444158
0
129234425
355899078
894018214
551784172
0
0
0
0
114435356
0
11697007
670806770
252523183
357802370
451368729
0
797699512
161860973
0
710415513
687694178
901404366
0
0
271730010
0
710632810
422929160
40236931
114107380
835774322
0
955659203
697920581
0
362688893
125867593
0
0
0
0
0
156496806
241741497
0
0
0
123391153
0
673217998
0
25787230
303523933
368642418
0
0
0
457092564
0
639852350
0
279576222
0
350172350
245061138
0
0
0
0
295298288
947888518
0
0
31653586
0
0
0
353463157
0
830684290
526833968
210091042
0
912416486
354027402
0
0
628863780
21223768
170687289
701797908
517246010
200806848
0
0
413388695
0
0
0
0
56247320
709489860
72773934
409918890
97221919
0
136169708
107948070
538980897
514798968
0
0
0
38049890
490815513
0
611522149
407836294
804973872
0
440735906
735327317
699753680
812960893
705519305
0
0
884103594
586242447
894473170
0
481445791
0
688042033
859622633
0
0
0
0
0
359408108
0
666140924
0
0
601933414
976976371
0
39232811
965417811
0
438459177
0
0
0
0
0
0
388180691
578243030
0
0
982208276
478802134
0
468964704
0
0
963615489
0
630681898
0
0
0
110950622
442551031
761707301
0
0
994635450
802152106
0
0
499452359
763086290
0
814799195
0
0
67941572
0
0
456244328
897441577
777635338
453222282
249982279
0
877703319
555859779
528179262
0
798445175
0
947183532
102837440
0
677365186
0
564629532
0
931115823
0
174681191
0
0
0
160716311
740667774
80480306
577654466
0
67033020
0
0
352676698
0
540349908
0
582999618
0
474850464
0
88537096
0
311592833
792205523
50864224
0
388484902
222424602
332082052
0
0
0
0
0
0
4042040
0
0
148821434
510482231
341813105
454621903
539058257
920866002
0
711714033
166180129
824290856
8096930
0
0
327629485
746184447
127171790
591537031
0
941558196
7139633
0
469886519
853369403
0
0
187329558
495381421
714742254
0
0
804306270
958892858
783615257
0
175342471
847004134
0
33498005
26910287
866939708
0
539494346
0
971814501
0
0
0
0
109212163
0
600119465
595440564
828606220
97980838
0
748451415
551369353
0
445976671
0
576792970
953624637
886622386
0
0
991556901
0
0
0
0
0
577105453
0
0
213626707
0
0
0
0
423486824
0
110795390
49161191
0
0
0
864562651
435126296
0
202811029
0
110156207
713739181
162148821
0
974433386
0
371124083
0
750382158
0
374801713
869049688
198148468
541607876
763044784
965689507
0
0
250528720
796929299
0
770016388
0
462126000
82896001
0
126349896
548690522
0
0
0
695444629
0
756593532
0
650324189
0
956682988
590753082
0
0
0
0
584960864
0
185937823
0
86096961
576866259
0
12994851
785851689
0
0
0
512631392
0
0
0
687198769
929892516
0
0
0
795764090
207987432
911906843
0
990667422
813868932
0
215143494
0
965493978
0
0
190368551
0
735350960
81787887
782506947
0
391509774
105076485
580909594
643316504
545410377
490731312
750925390
0
0
0
774524172
0
948525524
603877244
737630812
460233078
493993171
0
327770339
0
685166707
979427661
561439002
992971241
241360575
0
0
0
400703256
0
624634683
0
496912997
949042431
714106023
224031096
762799434
840608061
0
0
938797726
277633092
0
456083397
389037248
841168962
163783887
797285741
798747252
807037468
580080006
0
0
831790060
0
808306620
237558662
843075165
0
326796056
0
0
865463454
0
0
0
732314455
0
0
852376681
0
0
715888394
0
0
0
0
0
910335408
0
0
336189373
234587946
0
232280432
820342788
0
0
225689520
0
0
112626502
0
0
0
150277940
0
59405730
678610455
52783998
0
612447121
0
0
0
0
0
632934452
0
214756042
654406763
900019416
0
626234617
0
0
557704355
0
0
0
841360444
745850999
376207338
0
376917547
0
0
0
430195954
102702141
495706022
208015644
397727772
0
508751827
0
111604162
0
596062214
0
618880045
494514069
0
0
0
745785525
163912033
549380400
0
0
171552838
202177147
320124426
0
276263836
664020246
0
0
816699012
244207696
754709785
117763726
970196519
0
754309298
0
975331478
0
598044524
934269733
312560971
449002239
986005307
424110440
76579173
555838828
134843812
0
283622521
398142065
933434068
281441093
0
182625668
13922830
72607211
325752989
66631392
0
0
0
102664520
261834464
0
0
0
921593185
488584991
725473208
0
64629848
750799231
0
315543437
0
45819768
0
0
684305776
143286546
0
0
0
443482953
419665975
164173369
219086408
0
552953364
452292035
733275210
769236462
754629208
751233035
917162164
695004241
0
600481879
0
597264569
0
0
78221795
0
744665593
91734681
209861077
116658221
0
0
0
807221575
175189040
985908045
0
177551652
587864150
494438840
250410424
569831345
411631742
130754884
0
0
100553131
479998802
0
463327430
0
834478242
234975774
0
151136589
0
0
0
0
644212722
0
0
0
0
727125614
400353082
520309574
0
257332442
797421189
0
0
399427075
789031604
723583923
0
0
0
728289852
971585027
0
0
836002731
0
0
598873182
0
0
0
135270419
779217431
0
361989177
0
0
403162241
463185826
78277835
907543710
0
424120962
778087295
429672154
0
79143456
660474714
561349310
0
0
870701904
0
0
0
629253377
0
536444755
685549602
0
571062962
806136943
607442548
410769622
849065422
0
50197721
580652966
0
0
184777126
0
168100768
35358143
325129971
0
94047318
578909943
776009761
0
0
943471474
0
967669845
0
0
0
821581913
0
0
0
0
260058561
0
0
445128966
0
0
554302771
14003774
0
329377408
0
345204608
0
545053626
34608124
0
381462697
480038179
946838798
708321134
0
0
0
0
676606984
0
0
0
0
91964168
523432914
561001514
0
0
0
0
735893125
9129895
0
500965651
0
0
0
0
474314884
0
300514931
0
264470262
773951651
0
376868788
0
0
0
638471149
0
724480852
300145099
849908447
0
193613865
0
849496971
103608874
339513089
0
0
622505953
901283689
849315838
270031492
405992815
851875664
927386952
763716923
0
0
799035354
0
0
0
0
0
0
0
533539720
0
0
531949318
0
0
951681158
0
0
731788198
0
0
227403068
0
369992012
760620850
691665794
0
669124239
0
0
946932765
390408997
0
703567053
0
0
378905229
0
619637040
0
53761432
0
979959540
0
0
198199061
0
0
0
0
862670500
0
0
109463716
0
0
177873163
0
0
0
188048207
912072795
710072468
0
0
216275892
0
49688320
127116848
0
698358725
0
415406724
125915867
0
0
0
0
0
713209591
591049138
16502272
0
859064252
0
0
0
154232819
551237263
39947950
0
0
0
313568871
113372523
0
0
0
0
276222041
975472762
0
0
336373963
532135993
0
0
0
0
0
854778852
519245913
660111663
364237693
124057774
715023045
359270618
27799174
865960313
530236832
0
927017038
785869989
580367096
390394377
0
0
0
0
827530924
0
458627429
979501531
0
0
259376311
0
0
65873261
284342110
339538727
0
0
0
0
0
0
0
0
346172327
0
0
466605400
0
0
0
483729532
65442083
344764525
983116850
0
0
634390211
845929464
0
982083979
0
0
0
325274356
0
305578419
0
0
620622599
0
0
715500345
466341855
0
950047486
404331842
0
0
0
746970472
921682558
422013692
886977081
378820422
757284639
638851050
680750741
518022054
646627408
551692774
243753951
0
393878603
0
0
0
506606128
220721515
0
604993890
143472936
0
97093381
0
0
611871023
0
159324922
0
301530684
170111454
792047054
290808335
881584503
942106186
0
112852857
824882694
0
306376553
252580794
259128088
57849964
0
796474210
580093605
0
0
0
417783432
0
167733041
540635331
0
929880600
0
0
483843620
0
0
263496144
0
825163564
0
757687373
666794040
51105948
0
385977685
0
710787399
0
0
346325943
0
0
0
520821376
808587621
498491821
251706063
0
0
674648485
59171875
417388173
535292582
0
76977500
525659788
661782579
352151765
753194571
0
647008079
0
0
0
0
397928456
0
442447719
614847100
0
0
0
414797046
635351669
751794074
0
846743324
768539010
183749252
0
26814214
0
537566990
780063674
499632390
744280000
0
238848399
0
0
0
0
53699535
0
0
0
0
0
0
552586498
0
973090362
0
780745830
374472426
433736262
0
545718111
927636403
388409277
0
0
0
0
536506619
0
0
0
290297746
386461962
964663773
0
601935250
812593676
923964898
362783888
0
0
0
0
366243756
328960675
0
300030764
664671506
369503772
295849191
151317079
0
871419331
0
0
285759785
404957272
0
0
0
180536856
944502563
544465634
693729442
0
0
543897553
0
0
525378500
293332034
717701111
0
333280907
859870835
0
377692285
0
285779926
0
0
893054274
473613377
0
448701560
0
223272549
0
0
0
528415679
849602004
257225231
852885545
552367358
534841238
0
872122902
555847543
503683092
492636197
640897336
749388791
503311969
548200027
739261946
0
0
0
0
387012585
147554305
305809278
352428441
140435260
0
964556927
788719199
831236259
857307432
3521441
0
0
448699657
237831032
275455875
0
0
892000798
30732525
0
0
843592119
384631357
0
610569268
0
517453370
0
0
0
749502755
541703793
578476243
902856935
0
432336551
0
27773264
0
0
0
0
795398860
791234864
311395449
0
440279565
990376949
76187093
275790169
0
0
864594189
0
99956323
298267210
0
885704723
0
0
1597498
0
284217335
0
332206305
762710369
701431197
0
13090176
0
627738308
0
103077437
153393465
139564873
899905065
522179949
366007967
0
0
14783551
428933510
605144077
0
944947291
919824475
0
0
770243662
0
417477477
0
437692349
291387432
0
237302766
740845261
0
200685550
0
0
434542919
0
0
368345124
0
136494395
0
0
731040163
430151982
0
429731149
0
793065453
408753624
0
296637272
0
538612315
0
0
227708982
0
0
0
273266423
0
632160629
995114379
574292663
360594958
0
0
133606196
0
601997149
921484318
945267154
855460827
0
0
132203888
0
943203243
131680297
0
0
938749717
192265247
0
152244374
867028875
0
290228687
0
0
0
0
732145019
0
119522764
69479482
258171363
929990764
342627648
602067365
0
788815334
420671262
0
369290998
0
0
0
61686883
0
0
0
0
405043252
619953787
0
658724470
234812769
0
121750289
613179780
208452814
869147382
957353868
0
467528308
336847233
0
0
294957346
178083163
807991336
0
382261377
0
0
593673379
571098472
532216528
425753569
0
922034350
0
0
0
0
663595393
224779766
389330663
0
0
497068018
210803773
716015710
0
675884614
331758589
0
735330261
628492977
958347031
922520723
808131605
0
0
0
211924779
0
0
742594254
0
49256307
981448249
0
0
877885234
0
0
932586266
0
949164047
0
0
945476921
0
355831308
0
168720533
0
0
0
639085820
595442231
211691646
0
0
274792388
0
0
331151240
567723479
13952542
0
0
330372748
0
177686922
0
212603737
0
0
100111457
461797562
139206428
181030585
0
0
995146651
0
183694367
782742738
0
0
401521304
0
713752401
667216443
77388640
0
0
0
0
0
672659347
419119865
0
32782688
420425717
0
3890150
0
415453273
0
575975828
524421794
0
198903812
642987498
438815224
7812921
801067413
18443064
0
102330331
895630242
321706828
0
600423122
0
696732653
288054021
938494137
0
16288332
575653863
123272211
636349495
790515516
313848681
338519400
0
0
505478499
0
203072354
0
0
0
136130088
121370397
0
0
295842262
106356411
278536014
683038969
0
222346117
314332050
0
528545353
377486377
65323595
17789802
563859811
0
0
37085241
0
949107637
769050790
548476819
463144005
810958799
0
438104855
0
374283523
0
0
899450758
0
772296783
0
0
0
946761732
0
0
0
126210222
0
0
0
63462750
0
502542980
12905220
78364635
378316378
0
321913151
760212089
506206122
0
354325751
526591993
920825370
61585207
420507250
356384380
416744820
420693777
0
21690656
0
293059903
401983000
0
282938245
793867437
74871804
930482943
0
665240810
0
834418823
0
29998405
0
0
0
92739691
711580882
103385851
227546656
134291129
70330821
735051889
0
0
141859055
884391463
565634616
0
0
0
0
0
674542163
0
650860604
0
930511441
298647976
700954901
487558081
0
0
676036344
0
0
127451308
0
956226209
592326053
0
0
0
446546087
0
0
0
752704530
71109780
166329343
0
0
726765451
676673280
0
0
196832565
0
0
406613322
93007139
0
0
0
98352285
647063390
440022299
0
758154233
809613167
827398890
584609962
217833165
0
134620971
374491670
0
894732360
191809466
609966197
661782142
521210706
0
741204665
451677581
14889072
360392391
0
616663218
126334376
0
0
0
0
805922677
851187202
0
988952661
0
0
430171028
586480783
0
601089033
0
268184355
0
371337551
720003759
667927702
0
0
0
912487694
45445712
494546841
0
698502849
300341769
0
677054944
384743499
0
20164190
0
685013379
521907450
875357775
0
993787464
0
0
862512316
0
271738255
0
410058889
0
885733990
630652628
0
521169253
963241003
0
279044000
0
0
0
881151515
0
672392484
940657854
785473053
149933480
626382289
0
209909700
0
0
181932742
680677005
42727209
0
121784182
283243550
0
374640613
0
0
479325773
0
0
109939540
809305400
32352047
0
720005684
0
247215088
0
0
616521444
0
966630711
0
0
0
0
347920872
897672735
0
419687578
50924022
0
0
518913226
497954615
0
762553555
0
136139796
0
472910891
856165634
931936892
174646548
0
498022634
0
507147794
0
537625465
275193874
356414650
159539013
25392822
0
905034440
810205891
812532094
0
0
0
303090726
0
593302680
0
412864098
0
429432773
0
0
0
27367099
435400117
0
641340621
71620408
756141561
456932721
0
398301099
29432339
329127005
787748942
0
36836118
0
0
0
0
266316435
0
563006673
704557037
37186797
613437298
263719520
460932270
0
857742733
790479055
187695818
0
291990467
483230713
407913767
19744160
914751810
435347304
0
0
946149889
281494990
494089370
0
297021598
772994195
994287273
787704796
0
535791515
615923668
0
0
147583639
0
0
477219098
952179651
0
0
0
974633120
0
0
666755680
0
858350362
0
0
0
103808268
0
0
639533419
976803983
0
762410200
104951117
832413702
733458894
560260517
757740343
727157231
0
769002616
0
539487435
0
796185191
294624849
0
420991172
608716304
847684343
755418225
0
159125043
365076135
779256071
0
773073060
449397261
264409884
565925518
0
272120312
0
958816614
0
606967096
0
0
938548519
587676654
0
480628473
0
429204733
0
0
923500276
423666706
894997
0
417010050
499045936
327264166
10772600
634649297
85392770
473961962
467581167
458879443
0
120453449
700485122
0
362593281
898494849
948914230
0
0
0
202048066
293032871
0
93467329
848558736
325238171
0
326309313
0
0
571781859
0
823251546
0
0
0
282843517
658327594
793303342
287205877
360628314
968245564
969920880
0
0
623466861
0
925572478
658667090
0
875990086
673226363
0
0
712019619
529226412
0
290057644
827788134
597295097
0
0
848890423
302961107
16941286
481562245
333198847
0
176659276
0
0
292526386
0
0
0
926803657
0
0
65350175
427572628
694842376
243915510
0
100455676
0
0
307566528
538007108
602600237
0
0
390116797
0
468992460
443652124
400342903
220924745
109941013
27541527
268141414
65636406
0
0
264185584
225513284
512993956
562983182
0
283008808
710839154
0
466529198
795609464
355865655
666350970
957669246
0
218286908
0
0
499602655
188411846
730302981
0
0
0
484014309
0
112107638
0
0
419102151
437263598
763117005
0
650573861
0
411475324
769277050
0
365871466
0
671150514
0
0
0
0
0
0
0
0
487094036
286501788
500359357
0
751276231
236520374
0
0
0
498069536
636723746
763554176
0
865764057
797689228
501089070
903898452
0
714605044
0
0
0
0
0
0
0
0
0
359205195
0
0
0
60665676
590156090
263977678
0
490489745
625207955
516947755
145525615
0
926770998
0
879439712
418492679
834209883
444182272
480672381
451755704
0
0
436624297
990033848
0
0
0
476596629
535731775
478345662
938757662
0
759488367
166997931
921795443
0
616203306
0
496590413
795764502
37762742
0
80596586
0
12669535
248231388
245790251
0
0
538073095
661262346
0
935356305
0
262677503
316226635
833616963
0
0
0
295983179
624727776
0
0
0
0
0
0
263928674
0
985618214
746397040
302612400
847331585
829541289
38826032
428290920
0
619606586
0
0
0
0
948416334
910726416
235344035
0
296490094
0
526188623
277036793
0
312184279
0
932605829
25887667
673024725
0
584095503
93706120
624554061
0
221382704
0
241904481
0
621805379
574851449
0
395558795
0
0
851268953
0
156591147
503085117
848274575
803781786
717153852
0
111557653
601449091
0
0
307246257
0
463583752
883696892
107668619
0
247326570
7828386
0
225720713
0
0
0
0
949076395
671728263
907524612
986689856
0
0
698866803
45051631
585830753
237354111
961115286
507940980
82743227
0
753469679
323678218
350589383
251234495
573898259
0
176130810
987153001
0
826648685
143706679
0
0
0
290266863
0
822267594
0
0
0
362187581
27121222
0
916239944
469004145
0
51637086
336311345
724388527
677290011
0
0
211150376
799031013
941510755
0
0
428200886
207049599
601404798
0
321742557
233981861
753011186
800467791
894559472
0
643971383
67188576
374777998
828692446
0
188883122
454339078
870428369
358456825
480732768
0
868025705
369611214
770256819
0
0
127454285
333560162
0
921468605
0
0
142021145
0
0
690034816
779466983
320761665
0
0
0
0
0
534813987
937378891
317263072
657504864
901185583
114489578
0
0
0
0
991325137
0
900630599
229449248
451102833
0
187726953
80547284
252231481
695318149
104874429
0
0
714909981
733688477
0
0
281190599
733974237
397738443
0
0
8701712
997754805
0
362705874
313040022
551209033
130080454
969874126
0
194878626
0
0
583060
793316136
101268605
834341685
0
518316869
242487313
828677727
178127602
0
0
308112579
0
0
581905219
0
828450281
750558351
615987110
0
761609757
0
0
0
761359634
0
552013887
638127393
926019485
0
597088400
909503443
967750595
180545575
0
529489677
0
0
0
5541414
394493190
0
0
0
613407512
874129749
0
749347812
582010782
171960003
400860980
0
469976485
574500831
0
86108571
700241092
0
834331922
345654983
0
0
912960336
840798347
0
704366490
717047079
0
0
207950221
0
291123432
0
0
906355973
456050332
0
21345633
0
846183804
0
0
731811862
582929271
0
0
885943568
0
798213293
343772727
0
0
0
416281709
0
0
505289794
734294016
358399251
366443415
0
244811441
651365428
1375685
981977223
653317661
562534978
0
0
0
90645529
0
929040899
0
0
58573301
344728947
864714849
574947986
292102245
11712806
683299377
117321962
7432017
567629020
830996518
321081867
52467252
106960816
473112226
0
435296767
262923286
0
0
796472715
597830213
746767484
231713529
0
767477636
284545514
953298514
0
858036222
191742295
0
157706279
103396049
211555071
0
0
192671119
204863411
84855651
74335143
0
0
5893975
317206422
0
123529234
0
0
0
0
2297626
484234890
0
308157429
71130550
904462075
662573016
0
277078410
0
805887879
0
260705134
174692284
0
30864789
0
0
0
19385711
957595280
0
901480100
380071331
32783959
0
540976148
0
494094748
449177017
748292440
810359223
0
553111225
0
645944183
777306366
895719062
840328503
694726763
201337224
874316077
392628022
977653076
0
0
0
11136116
499394235
989965491
29441517
859523701
0
0
0
371693302
160558093
717234126
677915686
0
644994828
817711346
933383142
0
0
0
330307478
0
40807700
0
971751048
0
376876815
0
827319432
0
0
846163713
508233672
573079974
0
221005192
421859044
765542019
0
0
514479264
727632969
0
0
382593906
0
0
541635049
251123530
42221112
0
590531039
0
0
713401156
674718497
231677293
0
0
0
0
0
91605515
745336662
942235786
530957914
690118419
0
80185552
423157377
491659951
0
0
403694451
0
2252963
0
897129476
25153445
0
719179649
671376625
625466733
0
805791463
0
15493330
392706174
0
0
137051775
845979445
424936797
0
885515103
341619323
478719863
0
969912071
463815217
0
0
0
0
0
0
0
0
0
640009261
184568172
966022295
831259257
244929663
116911730
167183921
0
467602051
201793988
205766777
0
0
0
211525469
484243552
196125183
0
202717780
284117533
104109316
538444035
0
249850284
65606931
0
0
0
983744478
940324337
0
371193055
0
0
327038064
223422625
484136984
959145734
554750722
0
180101655
326388664
0
0
0
0
302793328
0
321826391
0
0
895435439
0
0
143823609
682435504
0
42930393
161808737
816672598
0
808960144
955401787
751181842
0
676006748
0
930285990
793175870
864051397
76008712
35267866
0
0
0
114204179
537547720
819148263
613218941
82065639
0
0
0
961677305
0
0
700523108
0
0
0
833227912
576405381
587820951
0
724956116
0
828253527
0
390041222
0
0
857314327
175618652
829245680
7390607
0
365973386
438535231
94236477
0
0
0
624204969
0
0
684603842
735770165
0
936603217
0
211673097
0
0
820619299
566585613
952491733
641671680
455045175
707123620
0
473156046
619410532
0
0
0
95191206
0
0
0
0
0
276291670
165420524
513279907
981946866
839998546
0
0
499086976
0
882887198
0
380928983
842070622
0
0
317046443
976665650
905195451
344845453
304810813
0
595366307
255214721
0
0
0
0
567914699
0
0
315678115
0
135836715
0
384307251
730854186
291628706
438735401
351856932
974576659
0
489046650
713236061
0
221236206
0
955593900
184506029
0
0
0
875601725
975773262
0
0
0
870036527
0
909937302
150065233
68851880
644709137
0
0
726742423
0
15563783
0
0
263980956
0
399206356
825673302
101241377
0
398907653
652407036
0
988294479
0
0
0
818022059
0
152854604
0
618397366
0
340591357
0
464329325
0
788450970
0
627040454
50064478
0
0
318828733
0
844468174
0
381097946
507603689
541081572
0
0
694624405
0
949379625
892560681
0
719326111
393747623
327757953
0
0
88040828
0
0
723514534
165085916
301457860
0
242514494
0
0
0
388349304
0
0
246749211
736970924
744967409
0
0
0
0
0
765255940
0
0
451520680
0
0
0
0
0
913952124
361049993
0
373099406
0
511158373
0
995905026
0
0
0
0
747688931
0
285824233
748609912
131775966
0
101822627
54443257
0
93924677
0
0
0
658142902
454988374
0
230063241
0
0
0
0
114253881
0
0
153146851
0
965550764
525283355
0
972833200
463598687
676935247
0
8781817
943254849
0
69207763
0
306024236
295575582
654889962
0
0
0
0
0
0
463540573
0
731885084
0
0
961756361
91052527
981223516
597831991
776077995
0
112137235
905378093
0
0
773117675
129875052
0
577131606
195372518
363206991
0
702717387
915015815
390228805
0
789799109
0
789215767
0
0
0
0
0
147304273
578577997
734064645
0
466520273
0
628395853
0
985769516
0
167206156
526362955
132276388
673220620
642323015
0
0
0
0
630251422
0
0
903656975
0
746448005
639972372
486696828
0
469055299
0
962337559
0
321140047
0
0
0
299088082
0
0
467931060
0
0
815642606
0
463859252
0
888897942
0
990337883
755145957
0
0
0
759974076
854801185
519513609
0
0
240471705
0
0
863879661
0
904335196
744744646
0
946733191
658771919
721454291
0
706498751
0
0
0
0
0
913898317
0
497221761
0
623603492
485301109
0
0
151874929
0
0
679604881
0
0
0
674850757
0
915102689
0
676538157
402097457
0
990764145
568166835
618826217
0
707703699
0
83764959
37621436
57650909
681919597
0
784806769
801277651
0
0
431658137
949988758
0
518677419
608764420
0
163156021
0
0
0
0
857122652
454820659
916506211
0
675827924
809586558
170861830
329455944
468145758
462897282
934149009
0
0
188717927
0
886328106
408342745
30368420
671494971
763406129
295692780
882998474
0
242487198
699725989
507022713
304110942
337457105
0
0
0
936395588
616312781
0
156181408
924051938
0
0
324290806
0
380209905
164077868
821170900
978320833
480689370
318621783
794658643
326751436
0
0
0
0
0
829767904
0
889170885
567557860
0
119082067
23307324
0
538998665
0
0
0
0
120203292
699232899
293122526
30895482
0
17764520
250383484
74793641
285010286
858309222
273188727
182251679
637426015
160371812
0
737011295
0
991977175
75027991
0
38370880
0
0
586847667
0
551524965
0
796906739
0
704909639
440754915
0
0
0
103988926
932637193
0
329314093
0
678364154
329772585
0
173216314
504812159
121457148
253107749
234054217
368517186
734354267
405799378
0
0
428012951
535163350
0
337027967
0
732290462
576117659
0
0
451999635
0
975633923
0
134350061
0
231507255
0
913196973
572735399
157629429
706125255
634017745
689672442
0
826102256
0
320350341
515014490
13026356
918569489
587899402
297411295
704803018
701907519
694317266
778430944
663939868
520139538
903205888
445234954
16030687
0
604169273
0
0
531979139
950023409
199003966
0
540716509
601058681
914400085
790664781
115512650
397911385
332662443
643012547
0
0
0
464867052
139056167
0
0
245290499
421864707
934485640
453416037
355524846
0
447054252
179453766
335867666
0
296636873
654777201
652726638
0
0
0
0
0
831045136
0
981449537
0
17451860
93868531
0
815960500
0
247726992
72169337
0
471851611
443207129
638428010
484511256
0
397866165
0
0
769610014
172322680
0
158679990
0
0
0
0
42684010
685263174
0
294439720
771936808
0
211652256
571905057
0
0
0
0
0
827544042
558702664
827526469
29561860
13619765
0
535526433
0
0
566126049
0
130088173
256160144
0
233809321
0
363233043
575951998
0
0
0
416792533
513438597
977958974
511471669
313658125
821971053
220795918
0
322381662
0
361180887
281423378
0
0
0
863736750
755258818
0
923838831
0
944180164
489694571
794716707
980499762
66981154
0
15898974
848519051
0
628631812
341327087
378357071
0
0
0
625418005
678143879
615407997
0
997259630
871343861
704098617
409929262
74943430
524535315
0
91778894
738813031
0
25874845
460471675
0
0
108710711
0
601165959
875912703
491408256
61065001
0
0
578615574
696968490
0
0
178900035
863562380
164349209
0
0
0
0
0
975460737
632122302
0
323011710
0
55719192
0
551542364
0
0
219400644
178533311
512141508
822438957
834248085
0
487337822
0
28596267
979888912
533374340
0
0
797276982
896105423
401071384
619266296
0
768489794
148482150
0
990455645
0
427713556
868322428
150349306
381795547
0
386468233
194394441
752536657
0
0
172784430
0
172832903
262008036
0
30097832
0
0
0
0
664009081
545463133
0
0
719111454
147685465
797328024
524086850
747990919
150609967
877000078
0
133089812
0
0
0
0
806683210
0
0
24814886
772921904
0
0
0
0
955213287
0
0
0
878364772
562240754
0
631090180
976182674
227240564
785713444
144292016
0
0
262750189
0
0
546701960
549388436
659971744
0
923851615
0
782830158
586441017
74162003
498480980
40969025
0
153151143
0
0
343209860
0
0
171605429
0
786911069
435837503
169416472
0
751161124
21453926
221510022
536793201
591032003
474433725
0
537134092
991565121
0
0
591069477
995252511
232569500
929464160
8462134
864463566
0
698267867
0
0
949343408
0
0
106696859
54293969
720165771
0
527140900
0
968468652
934219414
0
347748941
0
678823592
705028854
625003636
0
29756365
0
22594715
0
736745182
0
980277018
62626305
896744696
268990496
825077875
703445355
0
437666380
0
313690231
895514858
0
812779707
669426274
395832100
595347320
574490501
0
0
564928712
529667893
0
293932265
0
0
0
934935112
0
0
0
0
0
513013999
993098316
370655973
384389671
783526606
743802133
347292774
279097239
0
0
633362355
613074455
0
272749903
0
0
0
416781365
674982478
975695565
0
0
92293319
37263390
328699617
0
0
0
747304719
327875793
564855219
727157429
764569161
0
605516178
0
0
358027180
716058765
421450188
0
455679346
430726887
0
650408071
252550506
0
0
43027973
772750631
370721368
211979332
386371641
636194707
85483116
0
560710216
0
0
994400986
0
0
246321702
348673327
0
805204398
0
42003762
804276868
0
742320211
405577914
0
0
0
641511914
798961345
0
968661600
523694286
538389472
0
0
113168706
0
0
0
987045598
25202872
229702225
445471497
0
0
672082838
0
0
0
677717570
130043824
935054519
745286044
0
0
0
806226828
0
589288136
0
0
916368447
241543779
828859964
0
0
0
150171657
0
57301138
890674718
225110039
0
0
0
0
0
680987272
0
0
0
487247286
261935540
0
416757803
0
269692304
126504361
0
0
0
166759960
385613807
0
92886557
160383011
993334073
0
824890981
573746428
0
878148248
0
911405023
680870850
0
369251105
307146919
997269448
0
476243246
146473236
0
754874888
0
169941494
0
131374766
581040908
558828462
701753694
0
0
0
755944998
0
25246025
524019054
457910684
523259714
498233526
0
0
424088625
218431736
0
955284947
629719990
989106636
0
760804515
0
0
0
0
320697780
0
743518965
0
632697668
0
923062400
197623907
612891014
916987516
0
0
0
783586909
0
717127898
0
897228479
143981793
0
0
0
412397304
491733988
704365419
472100336
0
0
657307975
391040000
221329960
0
737896179
183371416
0
526386668
0
225725504
0
0
682147544
0
585274415
358380561
392856364
4028087
0
0
0
752468019
961321782
809637361
222150317
289767409
0
446628050
159315397
611822008
428611908
535048450
417218319
831178885
301836967
409493125
0
0
705871047
717324031
0
981016136
380295417
871492134
214275927
641374859
0
776870024
0
0
402211342
0
0
826341722
0
0
0
299449156
0
658545286
0
0
0
668562046
639178244
0
65163115
0
169299743
359712317
0
731030950
15012677
0
998200300
0
0
415563476
954982015
198532354
467686031
698302729
0
826217168
0
0
0
393970850
762980590
0
0
594862848
35175810
108298347
570611903
470682583
0
681496941
0
341423204
0
258312300
0
696246431
737266368
240638828
176552828
252107072
380051748
0
0
0
0
254704113
45154842
0
0
764086800
695390220
64017515
0
252894056
766328018
49872093
12906889
814227866
0
0
321692963
247361660
417336477
0
420148650
531991252
0
0
378866239
651112850
201769618
341157450
0
380996121
0
273192130
336940105
0
0
207407521
130446282
861589015
248663307
0
274327301
116421097
0
573249031
682970074
0
143866692
0
561248648
110611670
445999033
768107433
0
254052411
0
0
638295531
717635246
0
387634368
855069524
350948068
0
665798898
728657376
301353647
0
358794583
197378743
890016684
679953062
85984913
0
324183926
864564439
0
0
0
182818372
517749621
0
660885000
351317118
491094856
682127443
0
0
0
0
0
750551343
0
0
0
0
847414472
926843341
967304418
514823793
169835128
530610395
164320967
831368685
0
0
0
910902263
80215047
0
774381253
896846734
737581854
0
61988331
0
0
934358664
690899775
0
0
0
0
883129625
122778614
0
806901087
437011364
0
0
0
0
162337877
0
380217887
0
360507585
0
644344866
246411871
847695199
460698453
742271512
0
0
204380994
318021824
0
0
736999417
282642873
935266590
0
0
460689386
332827039
273510882
569745818
0
531474846
600165218
104992887
0
1
280904903
88615511
0
929166854
0
488864370
102114856
0
0
0
941384315
490407531
0
0
470497400
0
0
367283705
0
0
275733467
0
12480136
167634219
951340165
501869104
471946092
0
992787261
0
0
692840554
656949026
0
969598945
377360635
0
2001393
456455144
0
180925386
0
0
319281492
402891692
0
0
0
0
178809128
480743742
892468202
392991102
319977368
919115082
604946442
472505988
0
0
0
0
0
295853587
897332131
0
0
0
55667315
0
0
0
0
799547033
624258834
435156108
0
316351620
812610583
457452148
0
627486950
0
0
705763720
0
0
0
243720402
0
0
880571461
560235520
71745860
982774445
388558910
0
649952734
477558901
955278356
179291741
0
474166112
0
70200630
298634224
0
728549573
629770880
364471655
0
322031839
735728159
0
529774891
604502278
496704643
0
569024633
0
0
0
193333005
0
0
440690513
551132783
67266214
0
926256385
0
868387265
0
405796907
717871568
322729753
432937741
96023704
512966621
509583142
0
0
0
90189521
0
997651264
367171089
511798662
308900481
0
124707155
0
0
116545484
802920234
0
886805104
0
0
690668940
0
517761624
876026840
0
574488407
713665702
0
900035688
28874097
0
638762909
0
135593595
470131103
0
0
0
715600661
815708904
181127838
519511000
519127311
469355597
0
714944217
0
485504051
0
0
732168786
566700200
0
466124174
513523117
958772907
317550599
0
0
181936607
0
0
498496070
0
214873150
340456714
0
43232540
629968698
920919101
444601372
0
0
556360609
89606127
0
23191673
0
0
944927847
636327218
333599122
0
600180928
0
0
0
700156364
0
951044785
356669071
282924083
446845522
617155325
0
0
232302088
331652010
832455547
387620336
524011068
287129749
154125998
103702116
0
0
0
0
0
0
0
0
962043330
832808089
164608498
537924243
13246716
253013111
489324564
0
0
957384014
435946228
273226263
544012332
425942229
0
0
0
0
0
225581309
0
0
0
506625279
0
519041890
213963424
493138239
781755600
439676098
142468264
867754784
518007791
61089302
0
631727676
0
782650510
0
0
0
919104111
0
97789563
590184450
434421596
0
43342430
0
0
0
530565057
700615491
793184999
0
294250231
93860284
0
735626258
0
743435177
602253908
779167556
501387917
0
0
566077257
715327197
0
0
33565237
505593834
0
0
486293713
104109579
679367498
957684595
765200704
0
0
469105247
788466935
274434642
324346863
668458415
0
716281025
0
0
922129916
0
553266061
0
814024093
0
0
113009522
0
0
899035039
372647598
0
0
300661250
0
0
0
0
0
0
429544588
780188995
482163174
426159498
717274741
0
0
0
0
0
602138669
0
0
0
996058702
796371917
37599381
500382723
0
0
256511546
572673318
0
0
486430111
0
318641534
912827068
560286303
108090611
746804401
903178239
418922033
81394215
0
277769369
260096024
0
721137163
531963513
555271959
586825444
0
0
0
60779275
433168806
0
563834521
852696501
0
0
0
0
0
0
946165380
583275959
134137334
563346298
0
0
444569040
0
861682266
0
171139613
385331799
0
0
331516672
0
0
0
0
0
951056059
105079112
769559291
577504386
688187174
670944380
312984546
0
976392944
108053944
0
256804856
565564614
609852701
376278533
82377000
424581700
0
0
762058309
0
584459148
0
176642329
807466998
0
0
0
0
899294904
26423848
0
54763817
0
0
154288931
0
942889086
963577514
111385839
306614314
332694823
134006081
365182833
0
550672890
962802583
557991013
0
417137136
0
0
405942704
0
745825420
980319349
0
0
0
0
0
0
0
569255057
78044132
14745790
0
338112401
761393738
604246546
0
921973302
768366685
811125814
0
205290864
956821642
0
390857588
0
942716308
419774321
0
431761216
0
124197143
0
0
0
0
499791573
297679643
18431223
0
450735412
444379005
670355902
0
261846689
0
327161910
0
544206615
0
249823732
522119235
109876884
807066853
210165335
968558074
0
836118127
760183016
0
0
989094773
950723217
865080510
847481432
0
274847984
968746409
0
784815754
40212028
0
857779113
0
310696528
906483766
140615286
206813388
944948530
794606066
0
255753730
535419932
60641892
36269737
517833094
935252013
0
512529249
245672372
280842907
27541426
516175531
8401033
0
0
