42
3
1 5 2
309762211 514868483 173613660
7
8 3 4 5 6 1 10
549318894 394507167 109043222 312341674 529314077 333352721 766855305
10
1 2 3 4 5 9 7 8 10 6
216359482 611815978 498997396 437784054 205235046 464828490 605054869 265161651 169570770 518169677
5
1 3 6 5 7
744081359 337800898 597546075 124902330 192158045
4
1 3 4 10
77037512 415089967 122242009 383874866
7
1 3 4 5 6 8 10
225030232 798960840 366467481 773876956 191888519 377722686 260786346
3
2 1 8
709378392 237363541 51502421
5
1 6 2 8 9
707207211 504128372 756156122 160382929 866858426
5
1 5 4 7 8
464273467 545843007 348737663 356340292 281294278
6
8 3 5 6 1 10
184636274 856648383 607091288 370430511 942206908 33719696
7
8 3 4 6 7 1 9
21697840 972825059 57724478 245274627 289468901 158654968 250842834
4
1 4 6 8
41203534 376365074 321165156 259510590
3
1 4 9
760928729 100999369 136316256
6
1 3 5 6 8 10
267812989 325308868 841533965 549944793 538542846 471589599
5
1 4 10 8 5
35649303 936393133 261120758 338880000 424445513
7
1 2 3 6 5 7 9
302990121 558641498 980452644 418738550 257958320 406981228 68970699
3
5 1 10
813663981 607695226 575129500
5
1 3 4 7 10
659586962 752260973 216064999 392307036 974513090
7
3 1 4 5 7 8 10
583285157 490030167 236135700 741526851 530057769 249429320 164268096
7
1 3 4 6 7 10 8
646097686 709588023 647839622 928484043 354954729 254964585 451048725
6
6 2 3 1 7 8
742029967 230788105 758635761 298709649 948792326 15777252
10
1 2 7 4 5 6 3 9 8 10
444158843 653452750 583606591 114615422 371059405 124449127 188399655 208151916 767067931 538015773
4
9 4 7 1
813513247 194584777 728576627 259814056
7
4 2 1 6 7 8 9
46249660 991233683 9016143 719119260 278642941 935666411 14804962
4
9 5 7 1
135085421 770421034 883925410 207056842
5
1 2 9 8 5
51734014 37423183 613989156 526356279 766986075
4
1 2 6 9
566478715 223519888 572793608 633696496
6
1 3 5 6 7 9
151905838 516289983 196949618 648916728 47498463 434928077
5
8 3 4 7 1
351159404 231191396 197819089 117557248 100517217
5
1 10 5 8 2
848720327 1825789 823415830 105624235 216902526
6
1 2 5 7 8 9
132193507 152598620 29123779 418525924 520126236 743920641
4
5 2 1 9
249615992 811889103 365760724 569222888
6
4 1 5 6 8 10
113624166 363742274 127545681 770523853 282617950 338434783
7
1 3 8 6 7 4 10
555263439 923801279 717123770 563381162 448573079 591973875 192860809
7
9 3 4 5 6 7 1
753789285 488665567 872458577 186151609 491170162 840651517 360090696
3
4 1 7
99649743 578324880 320269731
4
6 5 1 9
591046506 984329825 716595699 702761030
4
7 5 1 10
821238660 339186461 842730860 991577079
5
1 6 3 2 9
410678726 552518267 522058837 893285947 616191283
3
1 2 7
386952454 221105135 390186765
7
1 2 9 6 7 8 3
298501016 324134933 735754004 751343586 675945192 537750240 669548442
3
7 1 9
747132992 967301773 282053942
93
1 1 42 9
1 1 42 3
1 1 42 10
1 1 41 3
1 2 42 10
1 1 42 3
1 2 42 3
1 2 42 8
1 4 41 3
1 4 38 3
1 4 39 1
1 5 37 3
1 2 40 2
1 6 41 10
1 4 38 6
1 6 36 5
1 2 38 7
1 1 42 5
1 8 35 10
1 6 34 1
1 9 38 10
1 2 34 5
1 3 39 4
1 2 39 8
1 4 37 5
1 6 42 4
1 2 40 2
1 4 41 7
1 7 36 4
1 3 30 3
1 1 40 1
1 11 40 1
1 13 30 10
1 14 41 8
1 3 30 10
1 14 30 10
1 11 34 5
1 10 26 1
1 13 41 4
1 2 29 6
1 6 32 1
1 17 28 1
1 2 36 2
1 4 36 1
1 16 31 3
1 14 25 4
1 2 33 2
1 3 41 4
1 13 26 7
1 7 31 1
1 13 26 2
1 17 34 2
1 1 41 1
1 6 26 3
1 6 25 6
1 12 21 5
1 3 42 6
1 10 25 1
1 1 21 4
1 22 30 5
1 24 27 4
1 5 24 1
1 9 33 5
1 2 32 7
1 12 24 8
1 19 40 4
1 13 30 4
1 13 35 10
1 11 40 6
1 1 21 3
1 21 22 6
1 16 39 6
1 11 41 7
1 33 36 1
1 16 34 3
1 32 41 3
1 34 34 4
1 7 26 5
1 19 41 9
1 20 22 3
1 16 21 10
1 34 39 7
1 2 10 3
1 17 28 4
1 4 31 6
1 31 39 6
1 2 3 10
1 2 24 5
1 16 16 1
1 25 28 4
1 32 33 10
1 24 42 1
1 11 18 2
