1140
210 977
879 432
1120 247
44 1003
521 424
119 917
245 314
216 944
598 228
369 235
588 1084
229 215
979 605
255 736
861 805
325 673
513 482
591 1008
616 688
910 569
582 838
615 851
730 579
592 141
427 886
876 443
485 525
855 1066
633 447
473 174
211 728
818 464
311 706
614 1133
916 425
33 487
745 460
893 18
391 407
491 921
744 133
437 1056
638 15
259 336
158 465
195 886
655 1054
435 833
767 413
767 126
72 302
1028 369
1091 321
944 324
460 366
426 573
990 927
683 958
50 562
829 799
1030 689
187 362
210 953
1002 798
894 361
861 366
14 1002
343 737
287 75
687 888
20 122
1124 627
790 110
642 12
238 725
452 254
664 411
292 554
783 656
73 234
800 536
541 653
568 972
445 450
643 78
35 399
526 257
542 359
511 379
945 395
812 991
765 24
387 551
767 1029
838 637
254 271
837 169
718 42
86 562
957 448
420 803
1062 3
379 48
682 617
932 787
517 188
237 194
249 529
131 347
940 853
335 869
119 209
548 1094
965 933
474 1031
1089 1043
19 589
546 92
390 130
191 204
482 505
475 722
866 409
530 628
644 339
576 735
663 215
829 1062
1038 1025
638 741
325 1056
917 887
394 126
133 899
274 415
955 23
998 517
228 491
309 318
841 376
959 933
709 451
583 307
1031 271
177 28
657 756
61 167
781 1133
184 785
931 962
365 1062
593 672
774 555
886 576
1130 36
553 808
642 490
840 732
222 694
405 1114
677 1069
336 1038
864 960
926 181
84 704
873 354
251 196
1104 153
712 185
418 481
883 350
199 336
670 767
41 1001
58 488
682 518
466 928
636 669
1110 388
970 709
355 873
945 789
400 513
385 22
699 271
1022 448
76 989
520 654
500 866
554 246
446 911
680 867
1129 31
751 140
433 574
1065 150
33 912
550 85
167 272
1056 460
1097 1080
1097 139
690 260
509 837
840 1019
471 1080
536 939
130 34
738 338
219 580
131 1063
498 835
691 366
329 697
1119 206
190 155
803 953
560 341
1063 231
840 682
172 147
1097 950
415 174
746 998
1109 179
774 767
1140 1109
571 463
489 777
838 266
374 1022
561 640
915 37
324 624
667 683
189 1110
793 1022
293 1079
1128 338
592 31
507 844
557 1027
862 270
452 205
54 174
240 15
531 191
733 39
738 839
542 92
199 82
921 771
1129 499
666 190
668 189
690 677
460 422
952 883
672 1097
97 438
608 714
708 990
70 646
570 605
1127 632
736 635
383 238
653 161
1110 1095
876 117
354 303
213 806
183 835
469 501
26 351
169 601
898 885
199 718
707 20
592 105
377 113
534 281
706 902
553 77
271 453
516 682
1072 74
904 766
622 972
899 680
1 802
858 1137
762 813
101 225
974 655
518 191
425 440
751 911
603 48
1029 615
1061 698
253 12
967 939
134 12
123 166
503 830
957 477
300 947
376 70
925 884
285 542
40 447
766 1119
501 871
447 822
1001 664
690 84
467 44
694 578
714 1091
522 363
868 919
123 978
261 887
823 759
979 551
577 901
606 344
41 1106
13 526
638 684
419 488
330 709
544 727
1110 123
770 334
94 1110
1018 200
327 369
826 423
204 942
997 288
540 822
938 929
425 308
844 1007
67 562
271 776
959 1090
1049 289
1076 1126
668 1063
307 51
79 266
568 889
154 518
785 848
1111 833
887 34
762 226
102 1024
777 200
822 91
943 293
857 115
156 16
559 800
969 481
158 1052
144 313
770 898
519 185
88 109
689 755
763 105
1087 736
377 517
1010 401
839 1003
719 224
825 1038
285 625
1029 22
1112 397
468 1081
266 269
492 1024
92 143
866 133
1058 562
1027 967
717 947
1086 305
1105 955
296 1046
1048 17
86 941
820 196
881 86
148 784
1122 1109
428 1033
294 640
27 132
302 484
854 796
803 232
575 47
674 788
1094 1103
1029 469
299 1024
89 244
873 158
26 972
225 169
263 760
61 864
615 84
658 199
979 175
179 270
30 772
339 982
322 1024
1038 415
1075 683
102 60
15 667
310 952
327 870
344 866
482 121
115 433
1108 677
261 38
1056 236
369 133
1019 963
722 224
252 1080
1125 553
384 240
996 1021
133 41
280 1087
457 31
170 909
469 494
741 909
124 1074
140 884
640 118
471 890
211 356
838 947
68 216
104 547
1039 825
930 1112
988 1076
158 386
294 173
1013 286
15 974
983 703
764 210
638 342
839 157
947 483
441 498
336 992
1022 55
393 242
297 163
168 731
752 817
80 977
224 1024
115 934
377 913
634 448
168 193
860 24
900 303
906 289
127 51
718 850
326 83
296 538
803 868
259 558
661 343
239 289
537 983
354 52
1051 364
122 357
254 840
200 743
693 361
283 854
193 282
772 204
975 734
258 955
711 496
315 349
1093 533
367 631
1116 431
606 739
6 540
945 790
961 19
346 63
713 1052
198 727
658 290
11 378
978 313
1098 527
1040 904
824 323
291 382
290 1002
53 231
613 71
524 425
1062 1004
36 271
525 242
378 616
240 700
797 712
444 599
7 225
1009 351
1029 600
169 506
4 551
436 521
504 798
460 372
460 354
789 83
117 301
1110 107
768 886
791 116
346 640
496 833
143 779
26 414
1064 655
923 290
597 218
392 462
493 660
1105 190
1025 869
613 266
640 423
724 103
3 695
790 498
287 295
745 887
973 569
324 935
88 872
599 791
364 322
502 807
70 237
129 615
941 1006
164 281
270 455
694 84
810 284
403 880
1124 528
686 244
456 228
61 622
462 592
229 10
79 948
1118 614
574 354
626 28
287 381
396 307
1107 369
1059 943
377 649
180 306
1117 290
775 907
210 562
1013 961
689 815
662 556
579 82
73 139
240 891
250 223
84 95
658 689
929 563
704 584
896 702
95 192
734 784
945 375
276 773
416 736
203 361
115 541
729 102
343 517
846 956
613 111
623 505
585 403
48 194
106 945
215 1120
520 335
527 181
964 816
98 1093
233 433
415 15
611 137
1012 739
611 12
439 234
908 1016
875 357
893 242
44 726
45 458
254 224
312 722
659 845
567 78
29 1007
824 944
625 410
973 530
419 452
718 1124
864 1121
148 9
881 740
767 859
352 621
476 715
1115 592
995 125
536 769
753 249
648 563
31 1025
148 522
538 756
702 337
1045 248
404 752
562 838
1104 319
753 138
415 563
106 927
1003 32
283 801
491 13
356 828
415 954
79 278
158 760
480 900
892 825
803 804
986 895
1072 149
802 340
838 172
893 164
837 1038
1032 350
163 57
460 837
619 1036
955 215
565 1101
339 822
770 151
228 662
405 667
993 891
920 420
762 604
171 303
252 21
1084 610
1068 761
969 491
287 84
265 950
1057 379
599 1036
596 535
1043 901
1131 369
1019 142
271 903
990 512
551 981
554 516
964 434
815 1138
640 1017
609 9
564 922
801 629
98 658
493 351
208 181
1101 751
937 146
434 503
912 26
207 662
134 502
995 327
421 715
639 119
836 1085
542 158
995 431
1037 558
37 773
415 939
630 99
380 518
544 701
285 24
1132 859
364 848
1035 790
183 614
324 615
318 148
271 549
548 463
637 445
884 353
996 311
1092 268
751 86
403 996
1037 1065
1041 587
955 964
716 940
914 220
1003 626
115 801
462 176
576 182
1075 797
836 180
567 792
106 1029
193 25
415 275
866 460
454 61
336 515
203 320
290 373
1078 530
305 595
399 1099
56 1008
1003 1008
230 350
1070 520
1072 1011
593 398
1091 652
14 208
1073 240
1008 332
780 2
847 1096
1052 220
277 818
370 1115
1100 576
269 180
254 203
336 522
887 886
459 506
213 354
49 815
562 1007
1045 1089
130 566
595 751
735 510
453 827
616 895
145 535
290 279
74 466
1091 705
873 1066
943 201
815 88
324 415
649 615
815 262
269 833
606 532
676 899
659 166
31 834
886 632
336 1062
819 1028
270 174
573 773
574 612
631 230
590 15
1000 669
805 821
34 444
1057 727
8 944
47 285
944 486
87 733
1139 485
971 1081
237 89
1008 946
773 288
569 322
46 604
832 696
984 874
578 256
669 851
663 650
897 723
882 808
688 647
1136 1098
580 618
655 5
932 59
671 64
931 1052
285 905
250 727
324 812
379 417
913 81
267 1008
690 865
811 556
35 725
527 1053
245 540
852 983
551 495
156 604
69 412
200 823
202 212
989 955
1097 266
626 136
848 62
966 440
801 547
582 442
939 1016
92 298
885 421
17 165
1014 580
667 43
402 840
691 328
552 735
702 837
28 1045
371 93
1047 1056
885 345
461 221
288 482
1123 1013
143 1042
21 809
562 687
743 86
656 402
665 106
226 408
316 396
224 521
1025 122
599 221
44 786
448 994
789 315
563 698
980 233
100 739
885 423
843 790
460 808
135 91
856 789
1128 227
1048 1085
1058 72
368 83
459 1071
122 123
1088 356
843 87
238 438
989 333
781 1044
753 45
667 78
1081 955
869 754
65 233
1137 876
327 697
384 145
451 269
130 782
1085 243
838 887
707 1113
452 846
689 716
985 381
795 1135
516 449
999 322
961 491
1087 838
581 750
128 411
162 510
282 425
230 736
520 103
679 492
747 470
245 560
1036 922
849 674
523 840
514 649
725 332
425 906
1077 115
1067 994
108 1035
452 831
382 817
581 12
842 377
124 702
428 887
1041 716
284 1034
976 563
160 46
339 114
389 243
951 891
918 364
817 692
344 1026
157 1082
941 678
344 1076
1037 264
168 186
721 979
840 1072
1024 705
907 961
642 27
480 780
482 741
563 630
551 178
909 401
100 749
736 979
607 591
947 943
91 788
874 718
728 1129
924 995
818 687
358 995
1029 795
787 8
391 850
217 268
12 978
331 841
1112 725
354 1019
597 641
814 600
837 813
251 668
671 37
1020 1131
723 620
651 870
747 683
706 1015
859 1104
34 1060
572 345
90 297
574 571
1057 212
348 73
822 415
939 214
936 187
794 979
622 562
271 1005
913 241
723 911
36 1
230 1134
810 271
372 316
720 696
879 700
1022 899
96 862
497 327
933 327
742 66
1056 291
1105 48
268 990
304 134
766 31
112 1138
915 360
70 968
196 1102
74 621
876 616
152 947
1004 1055
699 297
93 569
777 937
311 1105
683 479
535 472
197 74
48 1029
1083 524
284 748
13 508
955 430
806 594
69 84
193 78
61 1050
702 586
120 273
893 645
1139 344
181 778
1001 597
852 965
442 159
325 66
941 332
545 279
1023 592
774 675
657 12
862 878
961 1007
682 423
240 876
313 120
761 402
830 478
727 987
55 681
710 311
680 429
953 249
758 682
362 601
1096 708
692 877
233 317
682 832
249 406
1084 758
690 550
846 949
999 757
691 863
280 543
602 1087
927 580
685 944
539 503
63268161 537625740 151437439 308817582 798542324 489186719 346365354 354373540 236633844 842361657 757174209 286005010 529410993 353004847 402574257 875230483 473677898 59699059 931104637 344335329 415982096 946396718 480286894 646844287 182456170 679122057 613766497 43943794 242853622 718052672 682474171 338411949 404523488 330094027 145972780 824338795 90582130 528013293 699679423 361269481 819155175 134644569 789670080 591758861 177347760 431820978 305157385 415041995 462463107 251726807 576985827 468241965 552731553 592466631 306825184 667216487 64917257 539225570 804636904 381251491 565372320 689873558 690521810 879107535 919343237 138813690 995012749 446709682 355328790 464097618 748738126 257026112 249358496 767726514 255706132 481585143 178849497 445168991 320943103 977274126 853719849 794776795 413812009 463187169 587471543 875214849 386693422 607327455 875037433 287408432 990229521 173950761 683674455 406404653 332299382 515346675 541238742 187405346 89082112 566492363 688353098 779858297 31265495 47576807 28911135 289914603 711023350 700455175 426614900 342574268 942385011 746887687 728125305 180262100 773705154 706284842 639116872 393932225 625939234 428747895 612060734 337030500 285219139 453643498 137702621 974877934 564285076 910851069 133239955 655604559 549559879 899273308 771380112 586101280 434374024 466529551 243432552 908999504 449060469 278412994 337027781 408438462 856259716 889470777 77504056 355325439 312898108 772516124 299412112 588311467 945467434 998465255 533055976 79803916 856461174 753354167 942133982 475961923 376638472 771894056 316859857 133270382 789360243 309399948 588096819 602758166 429560255 38290548 708381907 375407432 216062557 478658077 966228703 794065120 866159209 617693439 480074274 169326798 117628229 438899750 899597872 667799684 636618225 125130914 529454788 979517519 409085698 655434474 521490746 321869614 161659292 950317742 68522810 327951828 995392069 947662023 47822914 353917210 251666204 665580785 820295615 148408967 953908983 991933667 229675850 280594318 591024163 890940361 311702947 753361397 765794397 790388494 340138204 931586351 562522317 866260949 16430152 922867206 378525172 660626725 335026190 987036902 936369065 913877916 524614964 383134444 94624459 980655868 424065510 735248536 696227905 25998845 739687095 719070728 79204241 179229913 150812861 436192636 207694086 805368280 355201951 675690748 344233553 69662199 579932191 415403334 923345304 400327559 527156984 445283124 764830879 76926500 104302862 867507510 629563729 299332113 79408296 889554034 835500541 365053893 251885989 303341444 394305844 552124000 999377540 295284613 196089268 491098639 59780817 28712225 943946016 519490930 651295230 886930925 573802086 523712758 934880292 339347684 838447192 887177396 229105072 835247078 793361646 40147510 243156412 347872288 326121130 804889946 18922313 996209206 779682219 294333451 663492931 994182688 669142114 336227144 451637569 907483505 252836138 318484112 284267644 493773371 286390654 792360272 170962936 982846364 799553975 652055786 935208790 180274845 653207991 672494433 257653753 67943852 995388305 532673495 702792396 82613460 31297281 720159981 235121455 141146118 309441170 938470431 722759553 755304447 831431975 585582473 791094639 197510448 379710515 120333463 914503387 533311392 736452693 117092901 528213262 350987583 189777411 987544284 263081545 111963804 780745792 648356691 33894872 575001074 10463771 691278556 445516720 545147879 185871796 739483807 304119164 415031189 336995220 52428370 268724601 885883 837046631 606859204 461321534 335345152 946616486 762963141 424664389 536546436 516013908 660129198 708918448 295401316 246237474 533380390 760561324 445878171 265459600 244290165 272722340 32037300 688827354 165885991 963288994 637106868 636240778 804143223 801057294 77966230 514586524 8481504 597390907 494554076 327552698 334206106 725483595 265023701 397990252 938281162 139723890 478369609 516802838 182100370 830193455 764774317 573019226 753099709 186950436 150894794 897464797 559138502 796435009 250869975 608862727 644776069 653783373 487061680 550140867 77083146 846420160 251129464 456581622 638270154 641810057 739057655 263553873 77632873 808443126 726253274 78501691 266436213 509343550 459675586 41362834 471219431 75753163 881511085 701205930 290240503 723100296 461695252 622819941 401208106 850641512 915685149 883645240 895327205 2732154 726026787 481851121 178512590 267000834 47289633 21380780 678246605 209186236 528200369 783435849 304061833 462246175 203204006 474687088 828846493 62195562 468771189 53333148 911345307 865184384 362273746 48775011 780384552 268992057 124338103 32884721 392868618 410485135 547767128 957264914 492849348 704587109 279530597 654226862 794421822 288664019 567895679 757791179 531294695 705128174 290839958 12287969 17452992 302672633 477185576 308285491 694971650 49368542 498921640 992188193 345660967 261005371 797224416 964313612 334858541 911451419 748642749 869605660 719171441 571162617 519557705 105336599 829775956 950924449 13363072 175506612 109453798 560482721 359313456 628036912 316429434 587384794 910862031 220550044 668449569 226653772 506632536 176745492 134586072 105285340 66401781 633959806 524158288 342050757 85634716 157701323 288798874 811906049 155069250 834980022 994553236 240102418 98719223 267649038 822125888 104320569 621627606 792309044 971106816 104888035 45026977 60336550 162813419 207151734 344233939 828983424 64908595 609084460 255641327 81992543 679355800 514256998 325841081 582802253 338262604 604873333 578973568 690866467 132077693 20061432 499512820 807220581 951676602 928614577 302760170 217543268 606677171 450202852 166032986 369119980 451528842 574554310 468230533 40192782 39256751 245134847 599832396 964039188 471485307 918286414 490149683 480458913 753974997 259294013 48689212 458509706 956083079 240612259 917338881 664420608 36366432 464376317 627038160 498205597 2589486 321762572 605905192 942919610 368902968 425850775 275741402 608498685 201945312 812846813 725945885 332484770 260531803 300708791 469781312 852886542 287245472 754744763 619414655 269899284 567605398 137942703 632614340 479277998 7970703 806034535 282622365 733587802 316519491 811111529 433214135 365409295 664392748 327942903 244322622 942775161 904507984 190726218 313594312 606532585 283982906 453634645 637143935 542420214 96786398 321428862 727932151 945834359 361932136 345945339 641887727 326690023 817962670 24718967 718688011 81155159 552181006 479096808 78950384 942712702 46164517 264942726 458135120 43815981 241988222 801157855 716654880 449841107 62661796 811757231 96195343 812499400 906329977 329415985 730093251 460106184 445540253 540044958 992524755 540590026 65273634 998273913 454306205 455646180 338644886 60803763 167511395 937717004 426269962 624079707 512855991 950467235 8745964 334285238 403169743 337508010 886502842 819679451 86593213 343816791 594378181 66709722 118378978 542849413 363527316 597625014 585691604 280646324 756552527 510304764 710731510 589360865 553705205 743110024 491763813 385983829 431601628 273030169 142537939 518478035 19813694 404231449 99310482 387067531 313949282 366326343 704863833 623541060 972367076 605292964 602443225 845396185 320481371 707467949 407358636 733901608 419794763 426593739 114382987 70223439 706735352 207400788 612667684 976619838 897045262 113031359 397002511 989662625 697489133 908335949 494564191 233410505 149019704 790012872 67773977 198421847 247816116 196640854 463193022 259265644 727320449 231493719 236127064 864548786 930191294 828826764 341913646 347165111 682930280 185618292 810981887 31124230 58509556 325248969 425261231 671407763 939121216 105829219 209135081 807042976 769576592 863215975 763663461 812344827 450014672 333433670 740897847 608992811 72869425 263942084 226558956 765485588 118648887 164416 585768122 964691291 400601435 391755898 962810242 585192367 233411487 799085792 885401947 836762196 129051909 765038467 385810515 97351657 199886918 967798147 583314921 718670704 729856978 821058994 117498595 769152648 962876976 737055492 164067468 692109223 178195030 488428451 883029687 852545287 216589048 805625826 677323402 809426945 5843145 513517044 681253053 197428662 90955877 199400614 561339502 592822708 737249103 242908739 380755529 714837698 636886486 875307261 447112532 978964968 495549794 827153959 656850015 193009713 510175183 564284054 567555776 110394589 249731585 398582347 79732345 364109192 563312094 458789054 12011850 446546195 557354563 328408636 177362816 943041043 939749608 308183014 91712452 676150081 640101464 548765555 173778196 215291809 336764301 578077348 671544967 95466689 202833732 654387255 367138991 679417048 783609304 970924011 921724031 814544344 974669265 626803516 369728541 290269421 829835208 985449473 92639007 892208851 755168675 584475338 599021365 611051684 622079631 229769595 647282156 666164544 540251990 205343913 877371568 611479598 187935950 489033074 103660896 334165636 929006137 515894903 822467033 227952217 824654934 356080573 203070213 16706916 349267198 131982878 397543265 750406910 224678978 444844253 764853700 914976389 374437987 212779031 114922914 871149452 214626227 391194187 816345575 719490099 279341253 141874700 899614104 767830863 796765165 398095688 871150418 45136726 266321665 803526318 253677047 232818770 406912045 36070183 836383753 410146210 150424796 224840021 545247720 436811504 454870559 817882520 353538700 431562041 656109233 439631930 437436705 930094615 595239436 219305072 804358007 184653816 696744450 461036189 96395494 719900692 420520308 202182880 522071709 256827016 643813877 709955676 358722595 76730740 177134450 620344620 544644716 244546607 659419469 224974431 100588453 4059184 870740734 217714333 109256606 170586848 885359312 447039823 156284445 347855628 843236865 704724557 533596201 490948918 818105552 491335647 278398593 758708817 223848606 4014071 391536290 472373088 964133650 947242324 926040944 66751880 385124921 789244798 33183064 142975485 266718836 185336326 969352833 760134840 481655389 838107631 776483785 888634224 329746598 902590366 52833872 396852542 496551124 135514978 52323553 816745761 93173328 83218132 239200989 131560860 417454296 125389918 376054211 671046051 70358290 628398901 633110394 696248509 39666869 73434626 868648310 187785143 36592727 12616671 942317598 731913061 83921672 443451432 25112634 575146207 138157326 670436019 104819134 483712875 472541763 37978846 953952184 245495717 49969404 533411973 849499732 65261321 539090684 127146153 757118840 786067822 815325026 251000692 775967705 894246072 875184343 841593805 203664161 425644768 55244744 362191428 23975276 413256076 372618227 626447083 305219070 213718477 497562187 761238969 726470890 111355609 555657940 765131183 27380460 460186738 647268728 919759083 150711079 920379170 437024533 765484669 536429 840032241 135030875 703190244 635426481 452108762 295836710 957678612 808170551 83151449 838000712 650375877 737698018 466396068 391823554 122633012 2479578 143255168 248903139 495037411 828299588 579686766 269754384 143089369 494770130 804148125 124207404 215681477 672918165 585188258 4591243 856251869 171515287 953261143 146876468 991046298 551814975 857016340 100895216 670049887 822399188 689837161 702638828
43 9 11 27 6 62 35 41 37 63 14 41 36 22 9 54 2 2 49 59 36 58 49 9 29 21 3 7 33 36 33 48 57 44 0 47 56 48 38 17 51 6 24 44 53 12 30 2 9 42 34 14 63 20 23 4 62 27 22 51 7 20 35 33 4 28 50 43 55 30 41 38 62 58 11 3 35 61 39 42 24 43 59 61 39 55 58 57 25 23 62 45 47 44 62 62 43 46 25 13 61 3 17 39 4 43 56 21 14 38 56 60 35 58 41 58 5 59 2 62 9 44 8 10 26 8 43 63 45 12 54 10 17 58 36 51 25 38 50 40 54 49 62 19 16 62 54 53 53 18 43 9 53 29 2 15 16 41 33 53 5 29 24 10 45 48 0 37 58 3 11 56 54 50 29 38 36 48 63 32 63 5 9 62 21 29 7 9 58 28 53 38 4 24 38 2 51 20 21 31 38 10 31 50 18 2 57 52 61 12 0 11 11 2 34 37 15 31 18 12 6 46 5 53 21 17 63 44 22 41 12 7 36 58 61 11 47 50 44 52 49 46 52 59 40 17 49 49 23 40 61 45 40 57 25 49 11 5 35 38 1 20 11 26 34 50 54 20 60 43 62 34 12 26 27 7 61 51 58 63 8 34 1 15 57 45 10 17 23 35 20 20 0 2 58 39 62 57 62 26 42 63 12 29 58 21 28 21 20 60 2 15 16 32 46 16 14 62 1 58 47 36 45 9 48 50 32 60 30 53 47 49 55 32 21 37 4 48 21 38 14 60 16 12 8 37 51 4 55 12 34 5 50 59 62 41 14 11 62 48 63 20 38 26 12 58 63 9 21 6 36 21 10 12 32 7 51 31 24 0 24 16 23 4 9 2 36 15 48 35 24 56 27 14 36 18 21 24 5 32 11 1 9 54 26 39 21 38 24 14 55 51 45 14 50 25 0 63 35 63 47 9 25 53 41 35 48 34 61 33 63 0 17 50 29 11 11 4 38 48 36 12 8 62 26 23 46 12 16 4 47 28 18 36 6 59 51 36 1 1 13 32 9 57 63 25 22 39 16 3 44 26 32 60 35 13 30 14 53 12 60 42 25 13 22 49 12 24 55 7 23 5 56 45 6 46 10 38 8 7 16 47 2 43 11 4 12 44 59 61 59 25 31 59 44 40 5 63 28 37 20 28 51 47 33 46 39 23 2 34 41 44 8 58 41 40 20 49 25 15 10 29 25 46 24 19 33 63 54 21 62 33 23 26 31 21 27 52 43 52 42 62 47 63 24 33 21 62 54 42 32 24 41 8 1 60 36 45 17 25 7 19 33 21 49 58 11 24 22 45 18 11 39 17 60 30 25 41 29 24 10 54 21 8 6 21 36 41 45 32 46 27 60 41 56 20 19 43 1 18 52 48 62 37 7 35 13 28 21 20 1 59 39 37 56 39 59 54 14 55 47 55 34 11 14 57 12 58 43 48 60 62 59 37 25 31 57 21 25 4 45 0 11 9 4 41 15 62 30 21 0 23 2 30 14 15 29 40 29 46 3 8 35 34 59 36 24 56 13 46 26 57 56 17 0 33 58 11 58 21 24 6 2 17 43 4 8 53 36 37 52 33 41 48 26 15 35 42 11 6 63 36 59 34 14 49 34 46 12 0 36 0 1 45 43 38 27 20 4 20 11 15 41 31 26 24 0 45 49 53 27 59 1 36 37 43 32 7 48 35 4 53 39 20 59 36 43 62 26 62 39 8 35 12 51 32 8 41 11 31 56 51 14 3 43 62 59 43 50 17 13 13 20 48 47 23 5 58 31 63 45 49 8 36 21 3 60 33 20 17 7 36 22 50 14 40 53 30 52 33 51 22 48 5 37 54 42 56 8 48 63 56 13 32 11 24 48 13 7 32 54 62 59 32 44 2 54 25 55 49 25 18 45 63 53 17 11 63 2 2 45 60 0 19 39 62 18 3 32 28 28 15 48 59 58 4 49 14 59 55 0 61 28 36 2 47 5 25 59 44 47 10 36 15 27 61 57 12 18 50 3 63 49 0 59 16 30 55 55 32 26 22 38 15 20 52 22 41 52 17 51 61 52 38 44 14 6 60 34 25 48 28 32 13 12 15 9 23 10 49 41 5 35 53 7 35 31 27 12 42 30 47 51 52 19 62 18 29 20 35 36 10 3 18 2 41 25 35 35 4 31 1 62 8 54 39 39 8 23 23 19 48 33 26 23 46 12 8 49 23 45 39 14 11 29 17 1 35 34 50 36 31 31 36 29 63 1 47 11 20 10 53 62 54 51 33 54 34 17 26 17 35 52 59 30 59 47 42 59 43 42 58 35 46 3 17 21 33 62 36 15 30 25 13 18 12 54 55 34 17 2 12 27 13 55 28 39 39 10 39 61 57 34 6 24 51 19 20 2 11 6 63 4 36 45 31 51 61 46 39 5 63 5 54 53 15 27 62 32 51 56 40 1 29 17 9 21 7 51 9 57 29 38 27 47 56 1 47 49 37 59 34 24 1 21 41 23 54 33 36 4 60 5 33 2 26 34 52 35 27 2 49 24 53 32 54 19 40 4 60
34