1140
1 2
2 3
3 4
4 5
5 6
6 7
7 8
8 9
9 10
10 11
11 12
12 13
13 14
14 15
15 16
16 17
17 18
18 19
19 20
20 21
21 22
22 23
23 24
24 25
25 26
26 27
27 28
28 29
29 30
30 31
31 32
32 33
33 34
34 35
35 36
36 37
37 38
38 39
39 40
40 41
41 42
42 43
43 44
44 45
45 46
46 47
47 48
48 49
49 50
50 51
51 52
52 53
53 54
54 55
55 56
56 57
57 58
58 59
59 60
60 61
61 62
62 63
63 64
64 65
65 66
66 67
67 68
68 69
69 70
70 71
71 72
72 73
73 74
74 75
75 76
76 77
77 78
78 79
79 80
80 81
81 82
82 83
83 84
84 85
85 86
86 87
87 88
88 89
89 90
90 91
91 92
92 93
93 94
94 95
95 96
96 97
97 98
98 99
99 100
100 101
101 102
102 103
103 104
104 105
105 106
106 107
107 108
108 109
109 110
110 111
111 112
112 113
113 114
114 115
115 116
116 117
117 118
118 119
119 120
120 121
121 122
122 123
123 124
124 125
125 126
126 127
127 128
128 129
129 130
130 131
131 132
132 133
133 134
134 135
135 136
136 137
137 138
138 139
139 140
140 141
141 142
142 143
143 144
144 145
145 146
146 147
147 148
148 149
149 150
150 151
151 152
152 153
153 154
154 155
155 156
156 157
157 158
158 159
159 160
160 161
161 162
162 163
163 164
164 165
165 166
166 167
167 168
168 169
169 170
170 171
171 172
172 173
173 174
174 175
175 176
176 177
177 178
178 179
179 180
180 181
181 182
182 183
183 184
184 185
185 186
186 187
187 188
188 189
189 190
190 191
191 192
192 193
193 194
194 195
195 196
196 197
197 198
198 199
199 200
200 201
201 202
202 203
203 204
204 205
205 206
206 207
207 208
208 209
209 210
210 211
211 212
212 213
213 214
214 215
215 216
216 217
217 218
218 219
219 220
220 221
221 222
222 223
223 224
224 225
225 226
226 227
227 228
228 229
229 230
230 231
231 232
232 233
233 234
234 235
235 236
236 237
237 238
238 239
239 240
240 241
241 242
242 243
243 244
244 245
245 246
246 247
247 248
248 249
249 250
250 251
251 252
252 253
253 254
254 255
255 256
256 257
257 258
258 259
259 260
260 261
261 262
262 263
263 264
264 265
265 266
266 267
267 268
268 269
269 270
270 271
271 272
272 273
273 274
274 275
275 276
276 277
277 278
278 279
279 280
280 281
281 282
282 283
283 284
284 285
285 286
286 287
287 288
288 289
289 290
290 291
291 292
292 293
293 294
294 295
295 296
296 297
297 298
298 299
299 300
300 301
301 302
302 303
303 304
304 305
305 306
306 307
307 308
308 309
309 310
310 311
311 312
312 313
313 314
314 315
315 316
316 317
317 318
318 319
319 320
320 321
321 322
322 323
323 324
324 325
325 326
326 327
327 328
328 329
329 330
330 331
331 332
332 333
333 334
334 335
335 336
336 337
337 338
338 339
339 340
340 341
341 342
342 343
343 344
344 345
345 346
346 347
347 348
348 349
349 350
350 351
351 352
352 353
353 354
354 355
355 356
356 357
357 358
358 359
359 360
360 361
361 362
362 363
363 364
364 365
365 366
366 367
367 368
368 369
369 370
370 371
371 372
372 373
373 374
374 375
375 376
376 377
377 378
378 379
379 380
380 381
381 382
382 383
383 384
384 385
385 386
386 387
387 388
388 389
389 390
390 391
391 392
392 393
393 394
394 395
395 396
396 397
397 398
398 399
399 400
400 401
401 402
402 403
403 404
404 405
405 406
406 407
407 408
408 409
409 410
410 411
411 412
412 413
413 414
414 415
415 416
416 417
417 418
418 419
419 420
420 421
421 422
422 423
423 424
424 425
425 426
426 427
427 428
428 429
429 430
430 431
431 432
432 433
433 434
434 435
435 436
436 437
437 438
438 439
439 440
440 441
441 442
442 443
443 444
444 445
445 446
446 447
447 448
448 449
449 450
450 451
451 452
452 453
453 454
454 455
455 456
456 457
457 458
458 459
459 460
460 461
461 462
462 463
463 464
464 465
465 466
466 467
467 468
468 469
469 470
470 471
471 472
472 473
473 474
474 475
475 476
476 477
477 478
478 479
479 480
480 481
481 482
482 483
483 484
484 485
485 486
486 487
487 488
488 489
489 490
490 491
491 492
492 493
493 494
494 495
495 496
496 497
497 498
498 499
499 500
500 501
501 502
502 503
503 504
504 505
505 506
506 507
507 508
508 509
509 510
510 511
511 512
512 513
513 514
514 515
515 516
516 517
517 518
518 519
519 520
520 521
521 522
522 523
523 524
524 525
525 526
526 527
527 528
528 529
529 530
530 531
531 532
532 533
533 534
534 535
535 536
536 537
537 538
538 539
539 540
540 541
541 542
542 543
543 544
544 545
545 546
546 547
547 548
548 549
549 550
550 551
551 552
552 553
553 554
554 555
555 556
556 557
557 558
558 559
559 560
560 561
561 562
562 563
563 564
564 565
565 566
566 567
567 568
568 569
569 570
570 571
571 572
572 573
573 574
574 575
575 576
576 577
577 578
578 579
579 580
580 581
581 582
582 583
583 584
584 585
585 586
586 587
587 588
588 589
589 590
590 591
591 592
592 593
593 594
594 595
595 596
596 597
597 598
598 599
599 600
600 601
601 602
602 603
603 604
604 605
605 606
606 607
607 608
608 609
609 610
610 611
611 612
612 613
613 614
614 615
615 616
616 617
617 618
618 619
619 620
620 621
621 622
622 623
623 624
624 625
625 626
626 627
627 628
628 629
629 630
630 631
631 632
632 633
633 634
634 635
635 636
636 637
637 638
638 639
639 640
640 641
641 642
642 643
643 644
644 645
645 646
646 647
647 648
648 649
649 650
650 651
651 652
652 653
653 654
654 655
655 656
656 657
657 658
658 659
659 660
660 661
661 662
662 663
663 664
664 665
665 666
666 667
667 668
668 669
669 670
670 671
671 672
672 673
673 674
674 675
675 676
676 677
677 678
678 679
679 680
680 681
681 682
682 683
683 684
684 685
685 686
686 687
687 688
688 689
689 690
690 691
691 692
692 693
693 694
694 695
695 696
696 697
697 698
698 699
699 700
700 701
701 702
702 703
703 704
704 705
705 706
706 707
707 708
708 709
709 710
710 711
711 712
712 713
713 714
714 715
715 716
716 717
717 718
718 719
719 720
720 721
721 722
722 723
723 724
724 725
725 726
726 727
727 728
728 729
729 730
730 731
731 732
732 733
733 734
734 735
735 736
736 737
737 738
738 739
739 740
740 741
741 742
742 743
743 744
744 745
745 746
746 747
747 748
748 749
749 750
750 751
751 752
752 753
753 754
754 755
755 756
756 757
757 758
758 759
759 760
760 761
761 762
762 763
763 764
764 765
765 766
766 767
767 768
768 769
769 770
770 771
771 772
772 773
773 774
774 775
775 776
776 777
777 778
778 779
779 780
780 781
781 782
782 783
783 784
784 785
785 786
786 787
787 788
788 789
789 790
790 791
791 792
792 793
793 794
794 795
795 796
796 797
797 798
798 799
799 800
800 801
801 802
802 803
803 804
804 805
805 806
806 807
807 808
808 809
809 810
810 811
811 812
812 813
813 814
814 815
815 816
816 817
817 818
818 819
819 820
820 821
821 822
822 823
823 824
824 825
825 826
826 827
827 828
828 829
829 830
830 831
831 832
832 833
833 834
834 835
835 836
836 837
837 838
838 839
839 840
840 841
841 842
842 843
843 844
844 845
845 846
846 847
847 848
848 849
849 850
850 851
851 852
852 853
853 854
854 855
855 856
856 857
857 858
858 859
859 860
860 861
861 862
862 863
863 864
864 865
865 866
866 867
867 868
868 869
869 870
870 871
871 872
872 873
873 874
874 875
875 876
876 877
877 878
878 879
879 880
880 881
881 882
882 883
883 884
884 885
885 886
886 887
887 888
888 889
889 890
890 891
891 892
892 893
893 894
894 895
895 896
896 897
897 898
898 899
899 900
900 901
901 902
902 903
903 904
904 905
905 906
906 907
907 908
908 909
909 910
910 911
911 912
912 913
913 914
914 915
915 916
916 917
917 918
918 919
919 920
920 921
921 922
922 923
923 924
924 925
925 926
926 927
927 928
928 929
929 930
930 931
931 932
932 933
933 934
934 935
935 936
936 937
937 938
938 939
939 940
940 941
941 942
942 943
943 944
944 945
945 946
946 947
947 948
948 949
949 950
950 951
951 952
952 953
953 954
954 955
955 956
956 957
957 958
958 959
959 960
960 961
961 962
962 963
963 964
964 965
965 966
966 967
967 968
968 969
969 970
970 971
971 972
972 973
973 974
974 975
975 976
976 977
977 978
978 979
979 980
980 981
981 982
982 983
983 984
984 985
985 986
986 987
987 988
988 989
989 990
990 991
991 992
992 993
993 994
994 995
995 996
996 997
997 998
998 999
999 1000
1000 1001
1001 1002
1002 1003
1003 1004
1004 1005
1005 1006
1006 1007
1007 1008
1008 1009
1009 1010
1010 1011
1011 1012
1012 1013
1013 1014
1014 1015
1015 1016
1016 1017
1017 1018
1018 1019
1019 1020
1020 1021
1021 1022
1022 1023
1023 1024
1024 1025
1025 1026
1026 1027
1027 1028
1028 1029
1029 1030
1030 1031
1031 1032
1032 1033
1033 1034
1034 1035
1035 1036
1036 1037
1037 1038
1038 1039
1039 1040
1040 1041
1041 1042
1042 1043
1043 1044
1044 1045
1045 1046
1046 1047
1047 1048
1048 1049
1049 1050
1050 1051
1051 1052
1052 1053
1053 1054
1054 1055
1055 1056
1056 1057
1057 1058
1058 1059
1059 1060
1060 1061
1061 1062
1062 1063
1063 1064
1064 1065
1065 1066
1066 1067
1067 1068
1068 1069
1069 1070
1070 1071
1071 1072
1072 1073
1073 1074
1074 1075
1075 1076
1076 1077
1077 1078
1078 1079
1079 1080
1080 1081
1081 1082
1082 1083
1083 1084
1084 1085
1085 1086
1086 1087
1087 1088
1088 1089
1089 1090
1090 1091
1091 1092
1092 1093
1093 1094
1094 1095
1095 1096
1096 1097
1097 1098
1098 1099
1099 1100
1100 1101
1101 1102
1102 1103
1103 1104
1104 1105
1105 1106
1106 1107
1107 1108
1108 1109
1109 1110
1110 1111
1111 1112
1112 1113
1113 1114
1114 1115
1115 1116
1116 1117
1117 1118
1118 1119
1119 1120
1120 1121
1121 1122
1122 1123
1123 1124
1124 1125
1125 1126
1126 1127
1127 1128
1128 1129
1129 1130
1130 1131
1131 1132
1132 1133
1133 1134
1134 1135
1135 1136
1136 1137
1137 1138
1138 1139
1139 1140
315935280 787904989 740441921 848232259 576573704 840950472 985655558 602000661 905000419 536646864 549545488 276269115 132011327 198541942 162331358 570637714 207865292 982560765 693284778 730121644 657209408 533246378 756159365 742818449 822087443 200311597 769844106 389112329 803425086 706342310 168969595 785379694 546823112 673621670 99333225 954056091 118083749 900383162 554747132 828194105 55582846 617073112 111676336 237929733 709831103 479601941 554120993 352232144 444203769 625291411 836811283 442514572 759098290 270041138 119569153 624493594 927391435 221411819 921318303 49191321 284591917 584357099 598396662 408386775 282065730 1241535 272010377 917133698 673807244 727100120 437746097 507592463 907655849 993777709 482463150 878309247 916344501 103428257 354008261 716338033 35481232 678231448 661392161 598465388 211778133 752054204 8645469 890875842 944927402 260153571 465224267 525851406 82349892 462017850 216657132 318012788 242274624 553910013 83340576 439793304 85100866 811162716 399215330 805122026 219015800 47421972 859785269 472424816 49361623 259615915 259140832 738459960 77312021 120845382 250123770 202612786 995379713 740200387 798712064 18082589 876931251 991238394 903423641 229484895 769397864 102576354 609273266 502452287 260744594 772215176 88804778 736922026 466400825 853353004 292263234 439338886 819110609 185907691 598168684 14704847 141725451 368443192 546677526 291787977 438818620 786507236 472489536 69335471 284840407 845884334 687740498 654512918 178157752 553639077 560958733 808246813 380297421 714650638 398647697 947474324 269157602 461885967 305847019 884484683 108545367 849929908 303432626 212330271 927849538 373330146 891333714 387304860 789633566 580195077 532933042 295208979 433500473 132372707 740258172 437246182 875394462 357696175 935412015 687461563 119758103 688778392 970305846 116660480 201995417 327006643 321553398 768412198 349296649 631713804 813627753 190744907 769094772 808431593 698103826 907024389 700196368 80620712 967570622 4513208 926320710 358178079 926349889 579098409 885699469 348875407 951172322 546493494 382582536 429416498 618594980 142348249 767820278 67627346 190215021 87925363 176677802 847188075 829403658 972616724 22969853 542158152 552175765 927037309 183760308 189532022 939445 990175188 686843034 595741138 866697099 467928045 40360129 736517501 894303131 343354285 431862612 953196300 691373857 1764249 442852772 313000152 645568362 862792782 173951419 686182405 953844823 789000205 207976100 746494630 175910949 271849570 249945465 474522826 289503268 368709590 335947137 470055727 720798991 838535434 719816468 262020641 686044706 419089752 950483589 817217625 740774838 103769397 248701990 955920029 505194593 457238259 967723201 286319609 555451440 852246146 745433552 513041117 195578354 830728544 590034759 431675242 298130202 220527350 724063500 376061163 706067210 210179771 21233928 681306750 350320226 653199514 359341178 659064942 559387989 748968886 880945652 49781736 279908657 541360878 500557859 354147563 193611336 390402480 63072389 329874113 454296612 279486801 96269597 925173922 889305951 940245684 41737791 708219007 144485731 802752321 198911717 615409683 684640527 484433076 34813630 126651176 101192070 653783011 476702940 886900106 970185929 567984017 688857781 861315398 517274682 173181499 820277879 694952596 534634814 487209937 621346307 367087691 126829221 627101113 956906571 761943932 743316613 606932387 939011386 803916357 153200711 573481052 680361326 211522707 360392512 728490346 933594555 264406764 952329289 357751774 200492831 896506574 80740468 384109559 790487509 146952152 223553757 87500044 545964433 42243768 242029675 292266466 18627092 978819462 788580699 112926610 194443138 41307886 528663452 117422302 856846130 573998059 817864637 640566106 468965360 451668813 309713344 46385866 384378861 761261895 885002404 625752046 897105848 724779757 373647679 758929369 130439780 827755298 713089368 664142687 749521236 971773826 90322170 661730073 554283485 107328458 106847790 917656091 162258687 966906274 268680152 154526389 198407335 996486930 212442743 530594991 819027083 269193251 12673349 506422789 765519218 818588979 277810223 374076277 639018271 170593 677516721 770012026 355800414 835446357 533398828 115386873 985913458 837594932 538189013 985719600 506826499 281809204 703448940 312125595 668769724 171888537 576156052 51770006 72009121 580721580 125983945 511834064 805054474 75440297 250706262 210225447 296552880 716545059 103958527 216539744 61132062 951373773 54016462 358878689 828136371 709559335 727287067 7278223 420010522 380793666 53264300 883506983 672853812 998847873 913268588 160500759 329961451 36450915 419477029 957577000 925828031 176828452 653111189 930179415 551753715 229593782 175777283 655497111 910286074 418663934 428407807 225909019 807509237 254040516 253859229 871810638 302846630 518548954 32718612 358547880 906628492 702069516 502654489 530348549 190911551 829887254 530826141 86833089 560549926 272586617 764359696 670348910 252346677 766887252 638375377 165983708 394516118 401592224 467758083 218512761 931275227 495410487 202561260 966829294 36099185 56278553 171005733 879795577 881005472 370564915 822963971 249101080 287517718 77415758 182688080 462438975 83030905 744263451 513688736 466866397 425054170 950037123 788634029 197286416 935649133 761974692 313369347 519497921 993775636 937508742 822864000 434613035 955528092 479269877 997046571 329863480 457194918 165055830 203979661 847732172 360509779 811995929 756888947 884697150 618839051 612992711 923122891 924251842 765235011 69679032 88487227 807430156 518123678 419862454 920617207 816261145 389457375 127108006 811222111 110013877 561033229 840396358 569936610 537496763 327112740 632637143 788067171 449113591 507422899 70069297 869351633 219429955 483103216 673907676 194198004 424270822 555251440 356837562 684016982 494905947 640851370 201140831 560811919 478582371 164988943 869090153 953904904 64528853 791278754 137887980 563718854 775101958 793898641 1750521 489323418 133109709 312329261 605989971 461605968 634939433 24967713 929162076 846153115 901646525 16583318 568365178 787700697 136178592 329239170 245024150 726264867 574707561 987685068 200620187 427136658 127645598 353924498 406162485 920537010 234282490 871087172 568740738 284673838 132720281 843236608 55311411 224579123 392240405 511347782 780447853 857165962 317982167 885376485 193694297 241523813 745816215 164813184 550818405 225592207 950192759 999353681 208481538 782478340 134068092 20116436 412026615 678111000 718418499 762037189 615574773 919983629 575054583 428351423 656733985 922765512 362038326 592798032 154790648 348107898 423315795 909279598 424780634 388134526 895986933 647640094 853385542 191185720 565477456 983368110 255655457 899555643 449800477 241057528 868054963 167096059 335531573 354575510 707677415 310355672 344226502 663058055 18060430 53546751 838231255 998599162 501757520 516945070 660673906 779924804 988403771 93871913 447190488 544181386 878627837 823407575 784057824 393879162 519622925 495695763 279183462 88678438 108843115 433259243 146668312 663292090 942952224 647336554 451345706 739910837 699166477 578738947 499551604 100420973 310056745 269555175 374259474 799722705 424576833 647447132 653775059 472973052 760764793 830287419 793363655 79889998 328257933 48356871 684459658 285793173 996337533 93524883 99074672 592916391 730184613 116975807 101837286 712457395 869323812 506712200 369834845 857747529 203616191 349329103 68469257 460394521 734498983 387994986 193254696 86438312 831366559 63310532 978167790 997337693 908520050 175699833 586750460 195643726 622220262 346097375 948803883 858124482 899471077 947691549 342725809 793091809 980430891 776862488 231353061 633196053 421939419 156514056 414821783 875668659 281274036 759109113 571153998 262758338 664492201 532631157 598806236 779608977 43241548 321625528 967881364 663984837 541648183 256834844 904312001 539226260 214933220 271848864 215858035 940109430 992533672 889389482 112094326 193064405 95176315 158317688 850307914 438041553 773843234 590122868 979889147 970762725 796500940 687342257 636177013 592829779 146960998 372335353 53910443 582692002 393020654 795951183 540399569 966126554 353348617 355867080 197498729 813944000 91975485 326147137 445964305 99661708 776438380 994062788 953073086 391111884 184686358 682151629 867398967 465560944 855513865 122237251 420942226 345277790 613170403 696540779 496848143 342935612 625198980 802374575 751901853 224899001 284291620 638487013 442091202 286274146 152649017 228862444 648563439 489611452 293006476 499104059 403968338 564692274 186202578 81913158 166582589 974794684 805616084 851300644 296678041 438086720 798703216 350805971 596350470 519792744 366726352 955576327 158110569 365589268 907316999 137690115 700541565 730770925 278338724 4985846 834159108 787364812 647641315 376393183 825317614 965172132 530993956 844261308 610748252 725513358 663086059 385802801 307832430 244396560 805890425 860291413 511971695 526774540 759357072 723297911 297595336 58828485 369618550 873007524 505125192 850817998 291381375 402411344 974500861 920029277 251133121 852292960 524432114 798712491 525505762 430365537 215625126 988341149 715877580 544120299 669631786 145731519 701172564 82892696 656485370 783702761 304984789 937381319 165451072 948985825 570638776 581691792 26208015 991225590 993674748 550235200 521186412 195847429 310493241 889674422 336865852 420159323 366180819 612915922 667389865 594090343 260164200 988774711 374738995 757549141 801251545 578645493 35146443 645953925 598739235 607550240 7320180 877462245 171637882 82916245 903143226 20122196 322193111 196975364 280175415 684988816 206854243 591848497 937363039 877695611 79110255 910744734 739154008 784291219 703535594 124495091 533942619 488381032 159529971 939858362 307811411 287647959 582969868 669532170 470791054 941779377 623187659 256659246 528184356 911895213 544513044 664091555 441698008 474879929 107723106 497094825 895316026 885993325 834012482 740484245 484788051 645499467 972790377 355241917 824453954 312558091 541757136 516248582 30048244 712314538 49551126 841421830 559543009 126889945 466987405 127886172 695552591 865911802 621258044 82832199 838305020 379344780 790922152 934597635 616033478 736317881 149102290 464134718 70253861 587594705 347850933 759596736 774337380 198867266 456139168 414514663 819780780 858440343 687191586 736365752 25519606 794423674 357998033 778915950 604942549 190792571 239653483 21632438 994418331 438337423 382087809 136968006 531483923 361332748 720134044 859330248 811465594 474963193 123684606 537169516 866798869 578275149 990898806 338216208 461851725 675967808 132106389 792668834 668350193 126075020 693676852 179033299 952264565 220992762 731138729 716931921 301205810 992928698 821844505 880900247 73256599 587333592 456192378 363038484 458036498 830304095 613253847 354508012 505803716 991456839 442036679 134209311 833809782 851462128 631792467 259162038 169766500 582165982 355468067 247018181 216897212 214430574 651279672 965163123 698937309 411514397 940957547 264161407 44864148 263873388 517944816 263914211 351661395 500251142 123318917 547203190 30622683 565789471 217494807 663001176 925729016 643669055 713227581 289489198 348243009
13 13 13 13 13 13 13 13 13 13 13 13 13 13 13 13 13 13 13 13 13 13 13 13 13 13 13 13 13 13 13 13 13 13 13 13 13 13 13 13 13 13 13 13 13 13 13 13 13 13 13 13 13 13 13 13 13 13 13 13 13 13 13 13 13 13 13 13 13 13 13 13 13 13 13 13 13 13 13 13 13 13 13 13 13 13 13 13 13 13 13 13 13 13 13 13 13 13 13 13 13 13 13 13 13 13 13 13 13 13 13 13 13 13 13 13 13 13 13 13 13 13 13 13 13 13 13 13 13 13 13 13 13 13 13 13 13 13 13 13 13 13 13 13 13 13 13 13 13 13 13 13 13 13 13 13 13 13 13 13 13 13 13 13 13 13 13 13 13 13 13 13 13 13 13 13 13 13 13 13 13 13 13 13 13 13 13 13 13 13 13 13 13 13 13 13 13 13 13 13 13 13 13 13 13 13 13 13 13 13 13 13 13 13 13 13 13 13 13 13 13 13 13 13 13 13 13 13 13 13 13 13 13 13 13 13 13 13 13 13 13 13 13 13 13 13 13 13 13 13 13 13 13 13 13 13 13 13 13 13 13 13 13 13 13 13 13 13 13 13 13 13 13 13 13 13 13 13 13 13 13 13 13 13 13 13 13 13 13 13 13 13 13 13 13 13 13 13 13 13 13 13 13 13 13 13 13 13 13 13 13 13 13 13 13 13 13 13 13 13 13 13 13 13 13 13 13 13 13 13 13 13 13 13 13 13 13 13 13 13 13 13 13 13 13 13 13 13 13 13 13 13 13 13 13 13 13 13 13 13 13 13 13 13 13 13 13 13 13 13 13 13 13 13 13 13 13 13 13 13 13 13 13 13 13 13 13 13 13 13 13 13 13 13 13 13 13 13 13 13 13 13 13 13 13 13 13 13 13 13 13 13 13 13 13 13 13 13 13 13 13 13 13 13 13 13 13 13 13 13 13 13 13 13 13 13 13 13 13 13 13 13 13 13 13 13 13 13 13 13 13 13 13 13 13 13 13 13 13 13 13 13 13 13 13 13 13 13 13 13 13 13 13 13 13 13 13 13 13 13 13 13 13 13 13 13 13 13 13 13 13 13 13 13 13 13 13 13 13 13 13 13 13 13 13 13 13 13 13 13 13 13 13 13 13 13 13 13 13 13 13 13 13 13 13 13 13 13 13 13 13 13 13 13 13 13 13 13 13 13 13 13 13 13 13 13 13 13 13 13 13 13 13 13 13 13 13 13 13 13 13 13 13 13 13 13 13 13 13 13 13 13 13 13 13 13 13 13 13 13 13 13 13 13 13 13 13 13 13 13 13 13 13 13 13 13 13 13 13 13 13 13 13 13 13 13 13 13 13 13 13 13 13 13 13 13 13 13 13 13 13 13 13 13 13 13 13 13 13 13 13 13 13 13 13 13 13 13 13 13 13 13 13 13 13 13 13 13 13 13 13 13 13 13 13 13 13 13 13 13 13 13 13 13 13 13 13 13 13 13 13 13 13 13 13 13 13 13 13 13 13 13 13 13 13 13 13 13 13 13 13 13 13 13 13 13 13 13 13 13 13 13 13 13 13 13 13 13 13 13 13 13 13 13 13 13 13 13 13 13 13 13 13 13 13 13 13 13 13 13 13 13 13 13 13 13 13 13 13 13 13 13 13 13 13 13 13 13 13 13 13 13 13 13 13 13 13 13 13 13 13 13 13 13 13 13 13 13 13 13 13 13 13 13 13 13 13 13 13 13 13 13 13 13 13 13 13 13 13 13 13 13 13 13 13 13 13 13 13 13 13 13 13 13 13 13 13 13 13 13 13 13 13 13 13 13 13 13 13 13 13 13 13 13 13 13 13 13 13 13 13 13 13 13 13 13 13 13 13 13 13 13 13 13 13 13 13 13 13 13 13 13 13 13 13 13 13 13 13 13 13 13 13 13 13 13 13 13 13 13 13 13 13 13 13 13 13 13 13 13 13 13 13 13 13 13 13 13 13 13 13 13 13 13 13 13 13 13 13 13 13 13 13 13 13 13 13 13 13 13 13 13 13 13 13 13 13 13 13 13 13 13 13 13 13 13 13 13 13 13 13 13 13 13 13 13 13 13 13 13 13 13 13 13 13 13 13 13 13 13 13 13 13 13 13 13 13 13 13 13 13 13 13 13 13 13 13 13 13 13 13 13 13 13 13 13 13 13 13 13 13 13 13 13 13 13 13 13 13 13 13 13 13 13 13 13 13 13 13 13 13 13 13 13 13 13 13 13 13 13 13 13 13 13 13 13 13 13 13 13 13 13 13 13 13 13 13 13 13 13 13 13 13 13 13 13 13 13 13 13 13 13 13 13 13 13 13 13 13 13 13 13 13 13 13 13 13 13 13 13 13 13 13 13 13 13 13 13 13 13 13 13 13 13 13 13 13 13 13 13 13 13 13 13 13 13 13 13 13 13 13 13 13 13 13 13 13 13 13 13 13 13 13 13 13 13 13 13 13 13 13 13 13 13 13 13 13 13 13 13 13 13 13 13 13 13 13 13 13 13 13 13 13 13 13 13 13 13 13 13
56