332606590
857554135
930704730
978086436
89434145
219338284
69866908
405218687
373218361
772247885
177515379
164482032
663828452
5121185
245440280
267024801
561384499
939130339
315708557
608488985
709670196
525109503
127997901
931924445
886992342
972648144
586139193
392192285
283600251
922870447
143025473
803081435
648616579
533176246
890197967
481390953
39726645
788047864
845238601
944120453
130556828
241151958
744227971
593082799
97863967
829040072
5115898
244869038
29107757
941224744
644747950
823176009
289164455
162515366
662206598
301647423
237839948
463864102
306084231
338173708
100416540
815648680
884039044
834028163
526213909
19779529
767234665
653519255
866825165
837054922
895323148
860319724
133527611
897380695
360046720
800106225
931960660
226404304
805823011
616628048
687303703
541502778
764553705
565189016
982496568
645264079
281134381
836062628
368018614
622911948
100757094
846452329
175845045
162573038
953859613
128248686
318547938
111358444
67451376
523134273
298416770
498616754
717016671
71644105
455370627
921986696
131879177
713156548
880072559
134847780
628301326
699971030
640523719
122663217
552249471
728649305
219433967
150931779
175330734
854462618
634480125
824207782
379122524
526462368
843595867
619705208
872242981
342768921
601201592
967436770
614393941
357130035
499483040
834953860
249446605
778724874
144119016
799698056
925303551
384829470
561939913
439409946
334325562
979848490
557398229
397717803
179743982
270677220
540460238
755061862
23695542
640070957
349330233
16721486
940496963
416635106
889055209
224191401
782097305
738687352
806934856
356077344
771135768
208911766
566536881
276812468
590622209
949082847
416125457
994654038
238507909
27261310
642379279
55165006
235634553
875535343
176348247
299993511
534130662
450742009
476556654
792765790
388835750
376964703
835456965
613811448
341818375
896900461
108850735
662697853
408655509
30293572
232464357
585419556
953637106
955672553
981705937
650224467
62143467
655486585
299204926
27085870
331286351
742728556
850783744
464980852
103805598
699351087
92225199
544272653
164373112
591462341
190654693
28860523
143261377
168366979
120071190
574610617
559612130
449118141
856439121
127825249
573795341
177633064
770248400
470105291
902442962
770674991
978772895
873719216
79453491
66702511
162866027
590414550
77531337
383547718
160095555
207796694
477874630
515089317
540957859
176533326
557960949
563328289
591656286
548726498
499770118
819143067
914581620
530466099
189529011
9942117
151983873
334114407
887723712
974749994
135415700
147782434
844629578
100042360
783835328
276420185
727665202
266645135
401163092
484931863
236405584
762521335
667489904
252966614
798476969
628896787
540574978
879813830
621389149
536017306
961497700
527898471
701103518
689853504
377612597
994725985
340879897
585223635
959216532
460048374
801374690
317539246
987555915
294860981
727947815
935270541
331106781
399032060
687775458
552169590
68316835
623654533
985481416
298070567
764239110
451386139
371097120
91981974
697718630
700269109
522695086
309421554
866181406
338761954
192770553
929102884
159170998
878598437
24596736
445971773
978436657
66123385
933840691
719223484
81517284
49882229
431841443
568640373
482385355
180186126
248141902
662455716
380718560
39138185
549580955
844704930
423900289
627792568
809997797
266060008
844476202
300572050
162038860
107511729
199409957
482742099
811481567
841680789
309660594
397432675
699397186
783823289
168871043
667366809
647131675
791680667
581000765
776522110
735131969
119454527
125435910
217812276
580721100
139600064
606791831
465394994
174416047
39962554
930166111
315975384
773358293
367711997
510515715
584544341
172368920
27233763
535050345
142809946
667477591
261826916
104960408
577695920
753578109
483748122
225269853
926343632
958705799
769134093
339469789
543626085
420428750
347545528
919611101
612736510
689232855
197929767
583631003
945599979
645335667
758210962
213802692
615314149
639247704
899302602
252809659
332429469
730220769
369569467
303415084
778768238
31182484
695530421
76518535
577692056
268272227
974361913
179242283
691816489
838722353
469162900
764915601
887777555
670438765
605977521
379560125
115610210
564171603
627739480
622190289
591076730
301153267
921446077
589220440
575202957
786180738
559569732
727544246
502365289
649949329
406036398
317008693
425457352
554762046
872037480
444187263
211433780
575709289
538190950
262764483
326884009
681316128
337277997
229367991
463108174
619053795
176025379
548467512
564267283
50846992
528961147
317485591
923544870
240687707
216074658
632916650
576677363
67156560
389419828
320935369
833036800
257061021
26783381
102459666
139841270
564946265
884701708
937162582
38538510
14584758
458760691
706672293
960499660
321504820
860109457
213855344
242449603
879146262
815942638
975975969
497594815
569536571
889648876
828067163
768373851
896177942
450620239
932522517
167648792
74882897
805878055
834249513
448363497
365285691
98745519
211737123
646601938
706359726
860587644
470278036
34159633
383339570
211296299
591732489
964337626
967941272
804560539
528067231
689042349
824658459
574762769
545799227
463825591
418935393
375750866
117329364
846325878
418155145
458355909
338418080
471287176
771084714
466008301
294378915
222204151
472531047
533382072
864323052
390737180
185510576
700612593
518598374
262514864
782028058
794052329
830693124
926197142
94789648
286033820
310810953
902954680
264610891
439581667
783740512
217982718
994495139
163094392
77658409
80316920
426918092
773248952
919100682
865676099
437386826
377319644
547234010
514837252
966699961
392241510
662570561
981702711
658042877
988344673
306117386
654818436
586059019
996158184
612636335
56969565
962328292
195944373
302257881
390143755
893602888
797689501
239365631
619103096
850511029
401332287
573315924
556413588
431362741
654927074
18136600
438410238
237320653
0
827597882
408584247
546015822
584513920
396185556
757473137
184757939
655743263
371852492
797530597
503842921
852211218
234151542
429163679
599411222
914312644
414533473
139214010
517397146
338344884
577574658
943312434
680896040
277492790
133321259
51796376
533145116
313597193
746862025
232750266
241870722
867496827
316707596
241766450
467023892
320001393
389488938
625535542
163827106
611551692
578271894
760748807
282544179
836543558
873228410
297328907
906586574
403786506
876887017
464556266
601252301
397450581
116961379
83129794
771727921
233941608
88886325
66258764
588554763
951325578
158423247
226013972
642727559
803633523
29420342
884487733
529426654
675624381
627862238
31802038
351217144
567214616
353308227
133667452
546125842
407079506
450542330
769788257
145962427
722724108
114451746
702627736
827663157
12763650
368690089
738742554
672118974
487977327
775508102
734885211
167218162
167228821
966096483
644802052
172493256
15314104
331779692
634624561
8967120
563983725
575920574
863461763
254680055
130568581
398164018
866710030
401182078
270822991
98114859
940485345
643152649
997033869
544002799
864510359
413836017
179720896
272777705
97868584
157212846
183178670
645151566
417155740
751413833
416474878
442553023
672301236
152779876
860517961
162615608
687665793
220013557
72188458
953576281
763186070
954152103
220053226
171862118
87440161
185922302
756182673
236691315
203935873
364861960
499762179
650740321
694923539
595415975
667877895
756952604
481823098
434850785
392407253
484720482
96059412
565143420
194554925
383112564
430485522
874782532
203933237
917000849
288425253
351220456
306332733
0
781897773
578944247
568635894
465723477
355830649
737766150
601539041
885180335
752371810
664634112
886657639
115014258
487984612
928106544
678170347
476381818
348059188
437254744
908023261
553602152
571275883
564977121
689826637
796493544
273900274
399258622
995274519
809250474
216208524
833486192
985561725
336396607
815626384
322700355
228185197
148916867
528908500
69628764
366357310
882284477
208832182
405732482
475776270
716958225
960034120
529629510
827451366
295826932
841645742
472087660
539961862
345176106
314428125
330020283
697328488
806749119
105297492
443452591
618123684
895683693
108981410
625668601
621031416
885991460
621114250
761591619
782962820
294091077
613670636
960250629
838355317
26418572
241595232
976297353
940097790
819305841
306855268
316978648
563573018
236952977
628894804
364816092
47747725
77402507
151831700
164551955
403592800
113803721
350764760
632879561
31767610
667931598
277700372
442001729
740293378
766442423
462902507
709853202
15013368
623566978
177448879
439366380
946774310
358153156
115171109
230635769
557522661
80344621
629854407
744831488
142992074
707322027
270587348
173465857
824296958
316197070
9850674
476568530
728125648
543188822
161792778
655352159
46517949
144714026
372282434
849357940
782611605
466705017
818260844
391374857
865052857
142318434
672777310
690926117
843070280
372507738
564108977
709179440
458588460
272125777
268986218
568995418
263702786
630334676
870113945
505916764
374421122
197360244
240465509
257434822
553307076
576595425
903969882
809514355
49254860
307131899
784845233
119960720
544465383
733332309
209656479
105149127
709120655
3471118
93436793
158102982
13387724
203166112
383848447
373443882
9557514
961072041
133530703
885279000
583948508
930702796
591145832
632645169
946598667
328572512
201663540
14778659
359500285
909800703
551896626
268772915
904097588
628829027
498875037
356327718
961329198
618270176
954300673
856437342
552536409
595667958
558559911
767735060
563708786
800778696
979053760
628332842
124323207
371351343
361622438
813690219
819069904
76646421
730584970
382493139
326517156
851386114
77213476
169617759
308305701
971997149
164746641
505106370
399617484
357416813
382059688
619720743
569497730
266062070
728347315
112887540
127823403
210303045
207218173
806599683
724183617
411120165
444110599
637316107
932318931
711357063
867264478
79204157
310159302
503594674
764215382
641293882
146377189
950260673
651864985
596167078
54877770
930590650
527319818
847579942
410526010
292725016
764889340
450625156
95453818
548759320
608275066
300919415
107729193
216180923
509411399
89463288
557497734
131662489
273832204
568409852
936820193
913188356
222154312
955260084
349650032
371247366
566664913
886186393
188831054
22359712
191215411
661885374
880259769
611480300
582250051
877240576
391860758
130389000
189998369
459733967
246810451
680787859
466493058
425707100
487988511
12313756
533000629
116485288
461017800
95991419
855782976
10527178
841540918
351158911
455364992
113157445
493481357
983051068
241893449
305222657
489405270
937872125
705627139
522503703
53548270
120725622
254734825
189960143
568508198
763824987
524402010
588464914
864863734
473529887
74195399
480690270
894811405
932872061
918547213
63270237
31273709
526460050
612437943
918577013
106251523
57768535
675175488
548839857
6379282
799418310
100725203
765311358
148571731
99633217
602282852
913149678
668723860
948537549
435469763
544659360
152910613
649286693
629069863
708174477
883752152
301379675
121046772
756922271
97222656
308203742
418994070
980742178
310670450
397457790
641629736
639533525
483850181
644666327
18821740
387227412
231249669
127350408
185929182
425990007
617455703
502366996
498813330
237611097
84630933
88129437
788804014
391418362
208927711
255476655
205292703
233321188
744568
490189191
74164176
96000107
310800788
821311626
372232720
662652546
641877435
784185484
112428512
108497135
291467875
421616790
173688563
142351348
372366508
443132741
173345954
661354508
838595002
99206079
965988382
360285074
335999897
819586230
24471170
532829572
318675107
813121288
521875146
542402734
700732039
171997624