1167
1 2
1 235
1 236
1 237
1 238
1 239
1 240
1 241
1 242
1 243
1 244
1 245
1 246
1 247
1 248
1 249
1 250
1 251
1 252
1 253
1 254
1 255
1 256
1 257
1 258
1 259
1 260
1 261
1 262
1 263
1 264
1 265
1 266
1 267
1 268
1 269
1 270
1 271
1 272
1 273
1 274
1 275
1 276
1 277
1 278
1 279
1 280
1 281
1 282
1 283
1 284
1 285
1 286
1 287
1 288
1 289
1 290
1 291
1 292
1 293
1 294
1 295
1 296
1 297
1 298
1 299
1 300
1 301
1 302
1 303
1 304
1 305
1 306
1 307
1 308
1 309
1 310
1 311
1 312
1 313
1 314
1 315
1 316
1 317
1 318
1 319
1 320
1 321
1 322
1 323
1 324
1 325
1 326
1 327
1 328
1 329
1 330
1 331
1 332
1 333
1 334
1 335
1 336
1 337
1 338
1 339
1 340
1 341
1 342
1 343
1 344
1 345
1 346
1 347
1 348
1 349
1 350
1 351
1 352
1 353
1 354
1 355
1 356
1 357
1 358
1 359
1 360
1 361
1 362
1 363
1 364
1 365
1 366
1 367
1 368
1 369
1 370
1 371
1 372
1 373
1 374
1 375
1 376
1 377
1 378
1 379
1 380
1 381
1 382
1 383
1 384
1 385
1 386
1 387
1 388
1 389
1 390
1 391
1 392
1 393
1 394
1 395
1 396
1 397
1 398
1 399
1 400
1 401
1 402
1 403
1 404
1 405
1 406
1 407
1 408
1 409
1 410
1 411
1 412
1 413
1 414
1 415
1 416
1 417
1 418
1 419
1 420
1 421
1 422
1 423
1 424
1 425
1 426
1 427
1 428
1 429
1 430
1 431
1 432
1 433
1 434
1 435
1 436
1 437
1 438
1 439
1 440
1 441
1 442
1 443
1 444
1 445
1 446
1 447
1 448
1 449
1 450
1 451
1 452
1 453
1 454
1 455
1 456
1 457
1 458
1 459
1 460
1 461
1 462
1 463
1 464
1 465
1 466
1 467
1 468
1 469
1 470
1 471
1 472
1 473
1 474
1 475
1 476
1 477
1 478
1 479
1 480
1 481
1 482
1 483
1 484
1 485
1 486
1 487
1 488
1 489
1 490
1 491
1 492
1 493
1 494
1 495
1 496
1 497
1 498
1 499
1 500
1 501
1 502
1 503
1 504
1 505
1 506
1 507
1 508
1 509
1 510
1 511
1 512
1 513
1 514
1 515
1 516
1 517
1 518
1 519
1 520
1 521
1 522
1 523
1 524
1 525
1 526
1 527
1 528
1 529
1 530
1 531
1 532
1 533
1 534
1 535
1 536
1 537
1 538
1 539
1 540
1 541
1 542
1 543
1 544
1 545
1 546
1 547
1 548
1 549
1 550
1 551
1 552
1 553
1 554
1 555
1 556
1 557
1 558
1 559
1 560
1 561
1 562
1 563
1 564
1 565
1 566
1 567
1 568
1 569
1 570
1 571
1 572
1 573
1 574
1 575
1 576
1 577
1 578
1 579
1 580
1 581
1 582
1 583
1 584
1 585
1 586
1 587
1 588
1 589
1 590
1 591
1 592
1 593
1 594
1 595
1 596
1 597
1 598
1 599
1 600
1 601
1 602
1 603
1 604
1 605
1 606
1 607
1 608
1 609
1 610
1 611
1 612
1 613
1 614
1 615
1 616
1 617
1 618
1 619
1 620
1 621
1 622
1 623
1 624
1 625
1 626
1 627
1 628
1 629
1 630
1 631
1 632
1 633
1 634
1 635
1 636
1 637
1 638
1 639
1 640
1 641
1 642
1 643
1 644
1 645
1 646
1 647
1 648
1 649
1 650
1 651
1 652
1 653
1 654
1 655
1 656
1 657
1 658
1 659
1 660
1 661
1 662
1 663
1 664
1 665
1 666
1 667
1 668
1 669
1 670
1 671
1 672
1 673
1 674
1 675
1 676
1 677
1 678
1 679
1 680
1 681
1 682
1 683
1 684
1 685
1 686
1 687
1 688
1 689
1 690
1 691
1 692
1 693
1 694
1 695
1 696
1 697
1 698
1 699
1 700
1 701
1 702
1 703
1 704
1 705
1 706
1 707
1 708
1 709
1 710
1 711
1 712
1 713
1 714
1 715
1 716
1 717
1 718
1 719
1 720
1 721
1 722
1 723
1 724
1 725
1 726
1 727
1 728
1 729
1 730
1 731
1 732
1 733
1 734
1 735
1 736
1 737
1 738
1 739
1 740
1 741
1 742
1 743
1 744
1 745
1 746
1 747
1 748
1 749
1 750
1 751
1 752
1 753
1 754
1 755
1 756
1 757
1 758
1 759
1 760
1 761
1 762
1 763
1 764
1 765
1 766
1 767
1 768
1 769
1 770
1 771
1 772
1 773
1 774
1 775
1 776
1 777
1 778
1 779
1 780
1 781
1 782
1 783
1 784
1 785
1 786
1 787
1 788
1 789
1 790
1 791
1 792
1 793
1 794
1 795
1 796
1 797
1 798
1 799
1 800
1 801
1 802
1 803
1 804
1 805
1 806
1 807
1 808
1 809
1 810
1 811
1 812
1 813
1 814
1 815
1 816
1 817
1 818
1 819
1 820
1 821
1 822
1 823
1 824
1 825
1 826
1 827
1 828
1 829
1 830
1 831
1 832
1 833
1 834
1 835
1 836
1 837
1 838
1 839
1 840
1 841
1 842
1 843
1 844
1 845
1 846
1 847
1 848
1 849
1 850
1 851
1 852
1 853
1 854
1 855
1 856
1 857
1 858
1 859
1 860
1 861
1 862
1 863
1 864
1 865
1 866
1 867
1 868
1 869
1 870
1 871
1 872
1 873
1 874
1 875
1 876
1 877
1 878
1 879
1 880
1 881
1 882
1 883
1 884
1 885
1 886
1 887
1 888
1 889
1 890
1 891
1 892
1 893
1 894
1 895
1 896
1 897
1 898
1 899
1 900
1 901
1 902
1 903
1 904
1 905
1 906
1 907
1 908
1 909
1 910
1 911
1 912
1 913
1 914
1 915
1 916
1 917
1 918
1 919
1 920
1 921
1 922
1 923
1 924
1 925
1 926
1 927
1 928
1 929
1 930
1 931
1 932
1 933
2 3
3 4
4 5
4 971
5 6
6 7
7 8
8 9
9 10
9 1097
10 11
10 1139
10 1154
11 12
12 13
13 14
14 15
15 16
16 17
17 18
18 19
19 20
20 21
20 1088
21 22
22 23
23 24
24 25
24 1141
25 26
26 27
27 28
28 29
29 30
30 31
31 32
32 33
33 34
34 35
35 36
36 37
36 1026
37 38
38 39
39 40
40 41
40 1063
41 42
42 43
43 44
44 45
45 46
46 47
47 48
48 49
48 977
49 50
50 51
51 52
52 53
53 54
54 55
55 56
56 57
57 58
58 59
59 60
60 61
61 62
62 63
62 1107
63 64
64 65
65 66
66 67
67 68
68 69
69 70
70 71
71 72
72 73
72 951
72 1054
73 74
73 1151
74 75
75 76
76 77
76 976
77 78
78 79
79 80
80 81
81 82
82 83
83 84
83 1144
84 85
85 86
86 87
86 1098
87 88
88 89
89 90
89 997
90 91
91 92
92 93
93 94
94 95
95 96
96 97
97 98
97 937
98 99
99 100
100 101
101 102
102 103
103 104
104 105
105 106
106 107
107 108
108 109
108 935
109 110
110 111
110 1117
111 112
112 113
112 963
113 114
113 953
114 115
115 116
115 946
115 1089
116 117
116 1052
117 118
118 119
119 120
120 121
120 996
121 122
121 1114
122 123
123 124
123 1096
124 125
125 126
126 127
127 128
127 941
127 991
128 129
129 130
130 131
130 1129
131 132
132 133
132 1080
133 134
134 135
134 1090
135 136
136 137
137 138
138 139
139 140
140 141
141 142
141 939
142 143
143 144
143 1130
144 145
145 146
146 147
146 1143
147 148
148 149
149 150
150 151
150 1023
151 152
152 153
152 975
153 154
153 1019
154 155
155 156
156 157
157 158
157 1116
158 159
159 160
160 161
161 162
162 163
162 1091
163 164
164 165
165 166
166 167
167 168
168 169
169 170
170 171
171 172
171 1056
172 173
173 174
174 175
174 1033
175 176
176 177
177 178
178 179
179 180
180 181
181 182
182 183
183 184
183 982
184 185
185 186
185 970
186 187
186 1125
187 188
187 978
188 189
189 190
190 191
191 192
191 1133
192 193
193 194
194 195
195 196
196 197
197 198
198 199
199 200
199 1086
200 201
201 202
201 1073
202 203
202 1059
203 204
204 205
205 206
206 207
207 208
207 1006
208 209
209 210
209 1071
210 211
211 212
212 213
213 214
214 215
215 216
216 217
217 218
218 219
219 220
220 221
221 222
221 942
221 1138
222 223
223 224
224 225
225 226
225 1013
226 227
226 1120
227 228
228 229
229 230
230 231
231 232
231 984
232 233
233 234
236 1103
237 1016
243 1155
247 1061
247 1157
251 957
252 1003
252 1035
254 1064
265 1010
268 955
271 1158
277 1025
278 1044
280 1024
282 1166
283 986
289 1106
291 983
297 1041
302 1000
302 1094
311 1029
311 1124
312 1127
314 1021
314 1156
318 1036
319 1132
328 964
333 1123
345 998
355 1007
359 1126
361 1111
372 1062
377 962
377 992
377 1099
378 1008
379 994
384 1070
385 974
388 954
390 993
397 1030
398 1050
400 943
400 1147
401 961
418 1012
427 988
427 990
432 980
438 1002
438 1152
441 1047
454 995
469 934
469 956
479 949
496 1087
506 989
513 1067
514 1162
515 1085
517 936
525 1055
529 1101
535 1149
536 1153
541 947
543 1049
551 1104
555 1069
557 1078
566 1057
583 1018
586 1131
602 1005
603 972
606 967
607 999
616 966
619 1017
622 1112
623 1022
626 1076
626 1082
635 948
636 1014
639 968
648 1119
651 959
653 1043
658 1145
666 1150
667 1163
679 1051
686 938
691 1167
695 1084
698 1001
699 1128
700 1038
707 1015
712 1068
715 958
724 1137
732 1109
735 1039
737 1028
737 1092
741 1046
743 1079
745 940
771 1148
774 1053
775 944
776 1081
781 1060
783 985
791 945
792 1045
793 1100
801 969
803 950
805 1065
813 1075
819 1072
825 1020
827 952
839 1004
841 1037
842 1102
844 1110
845 1160
848 1042
849 1140
850 1032
851 973
855 1074
862 1058
866 1011
867 979
880 1134
882 1142
885 1122
895 981
895 1077
901 960
904 1108
908 1027
935 1095
936 1159
952 1040
952 1121
953 987
953 1009
958 965
965 1034
966 1115
997 1161
1004 1083
1019 1031
1022 1118
1023 1048
1023 1105
1051 1146
1060 1135
1062 1066
1078 1093
1078 1136
1094 1113
1131 1165
1139 1164
25449035 384597123 543017592 629249032 86555578 222034360 363314727 750845542 147837607 541603619 35257114 969917707 359435037 847343321 192302758 395176513 269926830 802246443 47173646 250318690 28340098 64182624 245079555 760248469 361569459 486692944 132356800 712657317 836967161 551751361 458716869 120136048 793730684 300728777 665308433 257840896 91545285 726440737 569902450 58418184 148169929 483517286 94392861 307983931 160233169 911751610 166289188 566077947 780237826 80281187 129396234 811208277 497397413 317110620 594606148 813097364 323472148 530000402 824994437 120506595 148873018 607631220 564014883 43049172 389603280 980920214 160910525 128214636 768335612 274555675 629314378 320326866 170201407 74128985 694729090 973157948 58888723 206925654 501869852 393084517 974852975 546594941 955947120 873613752 98093755 319899317 179835262 168404845 193677014 333440579 814973810 993034248 339511656 421404344 896983882 301035420 31792362 93970183 285648529 506523763 827266546 150303706 723445089 769242056 497668561 854031652 190564315 449490846 870489461 193443461 780351819 375850480 607138800 945626360 782187398 956086923 323290716 394564441 502535160 656270220 476335925 744675339 680790942 927967185 897879507 590364929 286371762 482162799 928653292 359459427 827419195 461395101 795204525 987153112 390002867 20059181 491422555 379382744 41645962 410452672 140514336 39569393 662464780 956385194 219320884 327551300 975239450 125392302 797701945 979813662 658174391 472458271 921092712 150567735 288829603 355999428 731679029 755372006 331596345 549768937 938673756 325841338 489936699 372970891 321539663 783092143 315633060 708643492 788409223 241871320 59898664 186653249 570847409 86315963 991240128 44779190 567856673 391173521 39284669 291600317 272318872 977649492 765250539 333588098 585625085 8079014 994495811 316069140 234307036 156247185 535507706 657409989 11646659 877089801 425849284 232442761 270999986 1251884 717525727 720274716 125109127 312915578 58127112 106830662 838453807 820498961 840548767 487414013 687206647 459205272 679161987 101795358 831223249 863379719 8435300 65093202 690268641 480921674 268013823 44632976 725057900 39329536 883010779 762713893 519144101 517435928 334016008 493358533 964252209 285469046 151099895 649785870 602133960 604486723 233983561 277162618 796195267 710188226 93196332 921487001 868900998 998547552 604997954 896614658 9932469 380080303 695440578 72019103 431078891 614047940 244509528 276530210 586937658 209750732 689459790 469913414 194846845 986930043 370877436 777551964 857216756 164034086 266579377 863387890 894674985 955723785 328966319 435766857 579533239 989534448 923735972 140833080 495987577 98395368 999871494 332596986 653784616 711965077 593903558 752234848 12453746 228450867 896668001 292338071 116426273 999155420 952567978 775973749 100610768 189692022 726422848 528047312 248865501 859093153 152576114 592860989 331607583 348404191 685086401 281577506 553462227 891771369 840712205 242184338 440764778 973230424 556855054 661853513 410807037 279363438 844349461 506371408 365881598 882726851 570012525 344648699 207720204 15358312 293248159 891956361 701794061 513667882 847255580 687799679 137814718 604332265 832707824 596330801 464113544 724922475 209910767 649725760 636761110 137425447 447233442 175243229 410159401 71941530 253471382 293563617 31845532 902842100 977372258 585120766 654778629 856146753 654021837 607178504 797846917 830474422 76994290 544467476 871589947 534250699 386125236 104250721 518716512 36574018 566986005 720907345 429185564 11976874 977302186 439128671 35480423 197310084 437174827 435955814 192983577 870416342 176205153 47185249 772702187 376107903 971403042 716000972 198393817 950019575 144897377 365610950 674445017 761813543 326170446 825437419 521086963 94765638 382299706 126379053 775090349 141428109 46056615 765870551 24694590 864361700 397141916 328442253 621707269 877297977 591941623 293943586 874881902 710256570 350346963 490732392 493890988 220217532 552003554 137871858 864713644 477384664 229995917 231067955 239304876 334324023 69639768 725694576 204002394 84105362 38120111 122594212 37755164 387600858 11147596 182493464 912575171 346598204 510975223 67458262 758763051 144741099 232661976 712436353 969293943 217649298 861341102 880731247 69128089 889306122 522822355 731569868 800395869 867523464 926653581 192160730 982803152 298794496 929744963 929748778 545828497 636767334 576912018 280002252 42035933 556152294 855674097 688699260 735996749 365128714 950672584 157253647 432991557 615759572 866894386 111491248 496966706 455468325 896845005 378082895 462109401 153857933 172390794 526371962 843767356 563118661 140412592 265333915 144173901 66732282 55976457 643538855 430851757 455281893 668101216 600240172 286238518 9528711 624458273 779633857 734162835 497995442 335561753 790481309 92354394 38944755 130563768 707773608 62713272 711678057 159709911 944451727 244442870 453750704 82244042 893470169 245872801 840005091 670909651 400275262 428073520 644258937 949636661 216208955 943400796 546312146 433204959 470681220 736183782 426735411 385708778 646399555 419124033 680663481 716433622 97073199 761075336 465588835 735298489 581075326 912423727 205561327 776478069 319483755 120456016 974263793 394090222 624035215 284680661 326446806 148123387 200474610 750459381 957294655 801610236 32268269 301814138 769275957 426443287 434414463 594276988 631454446 446485071 772654044 582551447 19655909 130816825 576054742 125378996 28801365 421882983 404490254 934134669 412293738 758700520 300935029 731898901 888493110 135208474 242663243 261847210 425659245 313004898 991578298 610137671 481032632 335230783 459053086 383835479 508763899 537182652 361110176 212011761 638925193 264451239 452265105 58536157 409565905 615994985 753075786 520664115 99265523 805622950 620241829 679156253 406023992 435968202 995171343 195558212 268013682 197499285 670919013 231066640 348154708 751862810 533232108 808832446 154882396 606999947 194335216 234412239 363901668 726330324 745452304 174948229 35478960 355723917 872752646 92959982 970975766 935655056 803298909 488361051 96137737 260374566 917400154 766324505 987631526 864830597 713376362 574262203 406880422 80542021 872931854 486174242 926201566 27844158 249633285 993814243 164633160 155986844 41772592 216935279 377301748 515273275 395044477 349758864 20907978 110011567 21642737 395049943 590322139 541675100 273907945 97873745 102774411 643738791 944797696 234704021 278288278 747779547 377453263 275695116 67629112 248003733 850960957 6380233 18051439 165661437 668616523 255932852 290152031 171223351 231417048 165459566 946272904 905001010 386857493 639465973 736462158 275269796 98088297 579011164 515741154 40801723 832940295 828615153 696692325 105255611 463246410 979906450 253532841 213254768 436108529 877251094 920072104 5599314 325336901 360973153 475049356 175013726 268851777 202446605 273306520 330666546 350736819 951733024 276887950 227751240 827422094 380337746 791087688 460784160 415336469 973758602 577013496 336064423 687835590 490537271 910698327 645041792 718372142 701513405 25274687 184960043 683218371 227418427 705642923 127597738 644729885 237987395 468242313 284753924 759558905 55856586 546786456 762958133 450973861 952591610 773106051 746288834 595411597 728804214 547307610 875701987 67063779 374039821 753183364 472249694 447077358 797321891 334753650 222407795 247301948 390304515 800683340 409152269 578623174 55913127 836532644 571725691 918961247 346846841 192793153 865797359 749175137 21379169 290221671 26065943 987657616 41546686 809063236 241561942 853326938 701392943 347307631 132577113 676532291 535797644 90078025 923799194 316574419 634109086 177513874 715269498 507270016 272998220 738952205 347423206 505823574 624673887 850613224 818231931 757485954 2360730 145452671 776373110 621120457 163348082 9266485 673049946 351053200 881505458 970060119 302705386 259262014 881330734 560150097 323634349 557690313 59108519 828467711 630651316 816807340 718661326 903403771 504792660 942226599 521588756 833337946 724869259 843594666 360227371 668766571 721380123 170525806 808720841 838397801 192579498 780547169 525372466 411735234 216599849 274520344 858561301 850431803 808069112 146148217 658481892 272901831 535496045 574445251 985994931 48303662 964385863 545216197 622185648 615904917 886342446 452245473 331108456 545934618 404542347 296777711 375171860 596479374 532064330 914283011 110556972 778757367 80470729 331226907 487160452 183615215 789126781 172418449 956441078 111146813 919556989 13563291 653291882 719603957 890083902 453457746 371821286 628889424 675552758 564626362 739298431 786414516 356021555 6545851 370035706 937731248 777904607 422263093 175852388 826980898 98526484 874031389 627164475 654516336 728070103 267024040 330897142 939639815 680534694 115736709 452307565 559660556 17134012 270194149 311913357 96286507 969131528 641724364 519405684 339793582 118933028 77776549 536966258 920225605 429370245 988797053 579691527 846496456 945407890 619847415 2640171 301961495 800320680 884476376 609241266 560498627 642771046 20079176 602028891 738202045 503186881 110193122 952269307 214657319 699277343 781627456 915940432 153090619 541601461 506611493 704866627 379498354 247887678 620558367 621711362 889479732 214678487 464715446 595290604 228132889 436725011 329612786 315060582 372777441 456497190 788419804 661765545 835258139 293709871 633754763 876227379 195498063 667930138 324283862 524847870 621852557 513300396 10634811 952689465 470428161 227053925 741261279 940544564 888685481 837466684 69912194 846852450 617094057 906515219 628770589 641226065 873420908 835567436 246501689 606191958 624545790 140288011 51958505 350954893 759775015 538878758 843331367 929872408 202066058 680848668 814102866 147550098 422811499 500580388 197126202 512617731 584912223 29774955 885614898 987047271 735299655 223642535 898148365 342462812 723064650 987888271 919761221 482367507 341908184 888843379 699583534 863639147 577054824 298515411 420044002 792997918 68028246 976728840 843637802 58204520 951702805 13532980 777732163 564571786 8847164 700198692 154152610 856332093 576675748 48911841 536802676 622462513 624106078 220698794 184660246 357965436 310829597 105380777 206172986 136820216 142030276 872858252 813877058 675928529 791540656 769039735 926079752 921216615 670411361 345993269 657217644 732247673 364011406 517267742 186949117 453295430 902021800 64805817 93699274 36120076 669362557 356171895 990694950 112252471 877660107 573081778 20735197 323505814 141754989 641066417 509973362 58693707 34637578 181870222 925900180 522417777 199963521 882833127 277920574 838556625 251851671 556436541 678829996 169185 837408166 924852322 721107763 907125099 287401821 388451577 703038782 765366022 134798846 708003126 607968812 662378275 643628558 654670186 819796332 137118188 645380902 688576715 687491303 974251251 24216571 378784354 930030401 875628693 201391110 365454889 545226147 158172637 752888827 681643011 71992029 909175169 427213709 14527460 515071457 754710256 287891749 316617559 793639998 954516207 986254705 663396630 903923811 868481268 942596402 180780956 908117279 228669980 333799654 474840770 479451227 310423440 232531747 327376349 290447922 454537974 361771043 630069246 985988261 999919765 225716726 840561368 512124898 453467005 616480012 224220362 708898600 405443573 695452315 557278511 231254422 317042255 899488777 986997501 819583510 378746145 120566092 975171991 254162673 108574171 330725594 832763204
44 21 10 10 26 26 27 34 44 16 36 25 61 26 53 42 33 24 14 10 0 16 12 46 11 29 21 48 1 38 44 14 30 24 24 61 15 56 30 29 39 60 56 16 49 58 0 2 17 48 58 15 36 40 17 63 60 59 2 28 10 20 44 56 33 60 5 12 60 22 38 26 63 12 21 27 19 40 51 56 18 49 22 7 56 45 20 63 2 23 27 41 10 55 39 35 23 11 12 54 36 6 50 37 15 21 14 19 14 29 37 10 30 4 51 18 23 51 0 11 29 48 60 10 21 6 27 22 6 60 44 1 1 47 9 35 19 1 44 26 21 55 47 43 46 17 45 41 0 4 49 8 42 27 8 28 55 63 19 57 32 2 26 44 14 25 17 4 9 10 30 55 5 52 7 61 0 45 47 35 0 6 43 24 5 37 26 6 54 8 44 53 15 40 17 44 3 14 63 62 51 51 61 23 33 1 32 25 2 19 27 27 51 41 56 48 22 13 22 15 10 28 37 10 1 9 10 23 57 57 1 32 47 2 14 62 50 31 5 54 38 28 31 7 59 10 20 63 60 44 59 21 6 1 54 6 11 32 5 20 47 26 2 11 25 0 49 3 39 20 25 52 30 12 4 41 48 31 43 18 0 47 7 39 12 18 28 57 47 39 37 47 32 56 42 58 23 21 27 51 37 31 39 1 25 59 35 16 31 63 39 8 1 53 12 4 41 14 16 52 30 8 9 61 26 6 47 44 55 58 15 22 49 41 19 19 61 59 43 24 56 52 32 39 47 52 20 29 63 10 20 5 7 62 36 9 16 41 19 12 8 14 8 63 26 16 40 30 13 6 35 50 42 32 36 36 3 52 25 16 3 29 59 10 7 63 55 14 2 47 36 15 16 30 44 31 50 47 31 42 37 37 35 7 38 15 22 16 21 38 19 43 23 49 59 45 10 60 15 20 7 57 2 40 22 8 18 32 63 25 17 16 6 3 10 40 57 54 37 42 6 41 43 56 49 9 22 29 13 50 10 8 42 15 28 31 46 36 55 22 60 61 14 15 62 9 28 18 47 28 8 0 12 29 50 24 25 58 20 8 20 53 32 2 3 37 35 7 46 12 28 33 55 52 8 25 49 36 9 37 14 27 60 62 1 36 6 57 10 57 17 33 56 42 15 4 62 54 61 52 4 27 33 13 9 12 45 22 38 31 2 44 2 32 41 59 53 36 39 0 54 60 13 43 26 30 28 50 12 32 61 40 56 20 6 15 50 24 22 33 6 59 36 30 43 56 0 54 17 45 53 19 7 39 42 29 43 7 24 48 40 31 0 35 24 10 55 20 58 29 29 53 43 16 58 52 42 20 9 35 60 2 55 5 60 32 12 61 14 33 38 25 47 48 8 48 2 46 20 8 7 22 61 22 50 16 5 26 54 23 32 33 47 37 12 45 52 49 3 4 63 60 52 33 15 20 52 48 18 38 30 34 62 56 12 62 6 22 47 53 32 42 37 63 31 12 9 19 10 46 42 18 8 13 48 51 17 46 38 40 3 31 63 51 19 3 3 22 30 13 44 54 15 16 58 44 4 39 17 59 37 5 53 14 0 13 43 20 30 53 29 23 43 37 22 55 34 49 29 22 34 37 62 53 48 23 14 29 22 18 4 41 23 28 55 53 3 7 63 49 30 53 12 57 26 29 3 24 63 37 18 42 15 37 22 61 54 34 16 22 56 31 32 62 10 12 59 53 44 19 39 7 22 49 15 59 20 21 27 33 54 18 54 30 62 54 17 26 9 30 7 32 24 20 6 10 49 28 0 57 36 34 10 63 63 43 62 8 3 20 59 0 35 44 45 23 52 0 28 44 40 8 32 23 50 45 26 25 34 12 10 4 55 13 22 16 51 28 11 46 6 16 33 44 12 4 34 5 62 44 22 17 37 41 50 46 7 11 8 27 45 50 21 56 43 19 48 18 18 44 26 32 58 37 20 26 59 33 52 3 25 42 8 51 32 33 29 2 42 0 27 10 30 13 10 31 43 16 3 19 20 5 34 44 27 11 57 56 11 32 40 5 39 40 43 53 53 47 44 20 56 12 15 29 43 59 21 23 19 33 55 15 6 19 5 63 34 16 7 18 2 38 45 41 13 9 12 9 27 48 13 54 26 54 13 56 9 39 4 53 17 25 22 30 52 32 34 23 60 32 48 19 21 20 0 37 62 47 31 37 13 48 26 0 13 43 7 7 35 21 14 38 21 20 12 20 60 27 3 0 52 57 27 33 17 30 57 38 61 18 33 37 31 35 20 17 43 8 36 58 59 23 56 43 6 24 25 37 54 44 43 39 41 52 35 7 13 34 55 43 63 60 13 4 40 29 12 41 45 24 34 7 5 34 31 0 30 41 62 15 26 43 43 39 58 44 51 37 8 30 8 43 35 6 48 15 4 17 56 41 36 2 15 0 3 14 21 48 33 6 28 41 10 34 3 18 54 32 62 5 7 27 7 45 56 60 35 18 42 38 11 5 4 28 39 47 63 0 21 46 52 32 25 13 14 49 9 54 61 15 28 31 29 58 17 31 43 49 10 37 34 9 63 48 31 14 47 42 6 6 34 50 13 35 56 0 61 15 24 33 22 39 35 40 9 57 17
52