1181
297 1030
200 870
489 339
780 26
1075 323
897 1074
83 160
939 632
14 824
13 202
24 76
1093 101
712 854
250 477
770 238
215 723
931 869
1007 1013
228 483
775 651
777 786
305 742
694 503
784 41
677 40
659 134
1116 256
273 142
459 271
458 371
1177 46
510 1118
1115 976
780 78
1014 1110
151 45
292 683
14 970
488 820
165 1027
1011 679
547 786
655 381
231 590
890 631
841 295
430 1130
891 521
376 96
924 433
273 198
362 1089
457 408
523 639
1169 542
465 832
628 868
928 578
44 1059
645 1096
130 156
971 459
959 543
933 579
151 546
85 889
353 985
832 777
842 1023
908 220
100 1124
117 853
436 637
1033 114
527 1143
65 380
685 775
29 339
434 1109
36 312
856 782
334 588
102 592
402 45
1086 879
1005 934
916 1026
717 843
450 971
132 750
741 500
146 941
754 363
1034 939
992 1008
312 1109
361 85
1016 904
1000 91
317 652
122 433
950 545
298 379
323 1101
360 959
714 178
983 133
259 347
980 250
204 1139
734 228
1068 476
366 923
64 38
1168 880
981 658
574 1076
783 868
1161 417
175 455
369 440
51 184
1016 960
179 225
963 1006
191 158
826 1034
1040 56
728 1095
973 443
1149 666
97 366
318 719
756 114
461 728
318 802
237 893
133 848
38 985
135 248
862 571
383 733
196 837
623 897
28 523
830 135
350 627
796 119
482 756
1139 386
1166 127
255 744
253 705
3 52
208 1181
1055 130
190 850
467 199
853 722
1159 1173
509 697
281 195
5 624
887 1027
66 886
779 769
123 1103
23 272
442 493
536 410
392 814
691 1084
906 53
471 1160
349 694
866 649
826 1163
899 696
1072 494
264 444
55 914
699 815
60 967
256 169
94 812
954 441
354 606
121 383
881 197
58 137
31 931
203 568
639 233
6 704
993 894
1019 1048
166 185
787 302
234 792
846 48
641 150
148 258
1099 241
745 932
35 1004
668 762
867 835
701 619
608 168
566 496
178 935
20 1170
1034 234
1119 891
1078 283
183 866
936 874
638 903
831 896
79 1068
914 426
531 409
693 526
288 1179
319 979
988 388
934 1113
571 762
443 951
1170 112
59 769
178 555
735 1133
1153 878
1160 808
901 187
188 969
324 900
849 898
663 690
681 915
1077 1061
214 1121
511 1058
1062 949
169 768
344 342
118 113
995 487
907 988
452 43
170 977
407 924
923 633
905 995
66 9
298 325
738 727
1158 213
13 295
235 283
225 1161
269 806
741 1141
556 784
551 201
1015 642
109 910
917 825
554 1058
635 375
321 391
291 662
431 610
441 969
1119 77
491 14
535 264
242 1126
422 411
215 672
533 124
114 295
787 1156
816 143
1098 341
432 856
1046 245
552 573
813 644
55 192
647 186
1142 223
171 812
481 251
149 676
347 209
930 857
255 436
220 737
920 901
830 348
682 917
600 801
972 226
437 1135
706 341
937 917
1045 393
279 326
506 61
234 606
515 763
449 489
535 890
219 617
168 524
1162 774
534 925
463 1042
986 909
576 734
331 946
205 131
1059 996
732 809
1002 928
570 1043
845 636
296 692
1035 811
419 763
722 873
658 677
978 150
133 1125
753 69
1088 136
344 809
600 711
563 614
540 63
746 879
504 898
701 672
661 229
422 818
1029 361
204 570
491 458
878 270
536 703
781 311
1168 136
475 344
863 402
1003 1054
416 411
890 524
930 400
387 399
1006 1167
823 617
302 762
593 412
447 803
158 46
321 829
251 820
254 1094
460 216
44 643
184 522
885 1103
1041 376
892 596
99 718
707 954
1141 1022
463 445
1118 352
1129 86
1153 226
160 580
599 223
894 598
701 131
1153 766
91 752
462 159
57 453
464 798
416 428
265 414
17 849
57 713
331 715
514 464
456 531
22 603
557 1060
1120 471
491 104
184 453
660 1024
347 625
602 140
844 761
420 416
887 75
289 821
815 81
487 971
703 36
629 1138
88 1015
884 1035
86 1054
1127 1094
692 869
8 61
674 1112
857 217
649 1172
105 513
616 743
527 360
212 776
785 358
1017 323
1067 250
955 929
379 686
8 232
983 1070
397 1100
56 259
743 913
315 435
307 871
528 919
534 688
299 353
172 746
379 230
795 889
439 119
993 303
976 913
237 551
332 526
106 92
213 708
584 132
664 565
1170 1049
525 220
124 28
965 828
400 843
36 1135
103 1077
335 1036
806 1164
139 335
7 911
733 612
1131 340
902 172
999 125
80 328
105 121
846 555
680 719
726 69
757 484
214 180
690 361
943 903
51 228
632 107
589 138
944 1178
749 768
644 1060
1144 640
916 805
658 71
103 412
582 262
1073 89
864 698
1091 734
378 312
429 198
671 649
731 646
285 1131
351 409
242 448
899 19
478 987
957 468
74 851
43 183
1114 88
375 918
50 810
954 154
450 304
260 611
1178 131
563 952
396 647
157 952
1026 986
906 672
1175 1120
194 526
248 702
1107 958
585 44
1048 860
22 145
1071 301
664 802
325 257
583 561
1029 155
984 1063
452 716
1174 243
26 719
687 116
443 317
84 831
878 82
152 1040
596 249
167 254
1117 905
332 255
42 778
567 1065
229 239
1056 499
858 274
613 964
916 573
434 652
384 1140
582 815
1024 1173
781 1134
622 166
474 919
792 1130
307 790
1111 660
1064 59
322 212
833 935
1150 572
880 760
715 576
171 1063
712 1097
657 950
973 489
330 559
309 412
962 394
648 1070
391 484
667 446
1021 193
192 222
46 591
825 350
1172 339
1159 118
450 144
1058 1024
75 789
715 604
1177 1032
758 820
24 252
355 182
45 675
607 1166
415 692
951 310
832 1175
470 997
793 1113
1071 566
161 315
995 164
277 953
68 1003
760 1046
1106 132
538 680
587 1038
626 1148
1028 433
1152 1080
791 963
38 501
569 174
622 1000
65 705
679 835
583 474
244 739
707 279
757 486
354 691
960 532
1011 668
206 661
398 730
824 542
913 27
378 1175
560 1068
947 597
624 122
575 306
48 615
1004 606
112 145
438 50
452 1083
123 896
338 1042
517 870
842 89
359 865
161 994
55 130
1064 466
858 282
814 721
169 287
595 1135
34 10
278 559
646 43
366 378
224 1051
663 102
368 262
292 227
723 949
621 73
466 746
292 296
773 1010
653 767
1156 413
882 688
285 603
343 539
945 643
771 264
969 404
769 1037
426 538
1055 940
961 710
533 844
823 1157
372 1180
4 502
595 316
176 539
16 418
826 919
503 175
997 518
624 411
1069 241
998 453
511 238
393 685
3 97
586 1137
1168 709
1028 498
440 346
321 430
1046 1147
334 1090
1009 257
639 1062
162 1158
37 490
1063 922
370 851
818 7
1073 747
813 249
21 538
1149 673
166 951
755 18
875 1143
1014 1020
775 833
270 697
73 926
303 626
1041 872
454 691
1039 877
127 876
510 247
666 1119
496 157
684 830
994 40
85 785
185 109
854 157
224 1042
508 1059
320 68
753 920
933 1108
593 261
576 1140
492 249
613 294
837 839
674 286
70 667
463 1171
104 724
628 759
1172 935
128 155
32 570
685 375
424 792
702 992
654 364
895 307
939 69
10 618
247 63
251 439
737 434
1128 80
474 439
1116 870
298 882
1050 235
112 1092
146 485
50 1085
1053 918
657 1167
740 1108
1144 195
726 201
1082 286
860 629
349 888
577 188
1109 403
238 140
269 942
755 75
192 700
123 252
1040 1112
982 143
1002 731
636 355
1032 949
1181 605
37 651
87 1007
864 12
1018 205
392 529
1078 906
1151 807
1152 80
39 513
252 1146
569 622
904 819
58 105
1067 208
516 736
470 1099
313 1027
874 853
8 332
260 577
23 333
694 680
1079 1
670 795
232 720
418 553
429 163
779 564
135 1036
267 847
550 467
731 203
968 451
515 167
108 359
569 305
786 847
1122 821
556 78
620 512
530 91
838 1162
406 1107
186 946
584 350
1139 840
322 288
794 507
337 1078
464 394
415 915
30 678
4 437
398 13
410 214
841 833
580 177
582 794
367 117
755 1173
531 587
973 108
817 66
693 1026
504 859
1072 1010
742 314
640 788
871 682
641 864
196 173
84 103
28 804
181 16
1066 72
423 26
725 661
967 548
106 729
139 284
270 619
1101 405
1087 894
258 991
614 268
767 357
1133 365
1013 1150
902 999
1031 374
811 1113
953 17
194 574
675 869
1072 49
562 1110
405 912
824 1155
304 15
469 315
718 909
62 644
310 17
723 163
478 748
621 942
1051 942
424 1030
880 604
279 610
152 669
385 1136
460 293
877 397
101 948
345 274
695 293
54 421
1158 226
1162 1012
291 101
813 682
9 1077
996 377
197 1147
173 938
271 810
887 836
110 997
1064 842
147 1018
589 40
753 253
405 126
966 438
293 543
387 16
883 961
797 962
1035 1124
1049 659
29 986
751 1146
974 807
945 882
656 138
18 11
53 952
628 1100
319 886
700 665
276 111
508 189
144 341
947 789
1090 362
372 884
395 1160
1110 421
560 956
248 984
788 1025
79 240
329 855
225 937
300 141
618 82
59 1057
764 259
984 1144
572 37
129 1021
655 962
863 516
803 854
512 1022
737 236
205 896
33 990
1061 989
540 798
914 223
355 1165
619 865
604 540
512 643
403 265
524 382
427 609
513 167
392 284
924 1081
544 125
700 1041
1052 931
1178 1075
271 77
150 922
73 727
932 1123
766 855
331 363
577 106
517 21
710 990
1003 982
626 290
278 879
507 280
865 122
551 689
918 1065
955 1055
739 849
468 198
245 1107
621 809
678 99
827 51
356 1048
748 475
941 1079
766 291
306 516
199 144
64 116
789 961
335 449
498 930
1044 630
201 218
499 266
1151 1022
1159 1089
872 448
139 483
449 426
310 383
845 409
850 425
263 1091
627 1125
774 616
911 581
362 56
401 876
282 1006
667 357
21 459
1018 732
627 359
385 558
1130 284
404 517
175 204
777 964
721 834
1141 1016
1044 697
645 788
39 67
163 1087
629 1044
6 631
5 991
974 560
754 541
1123 848
657 725
390 185
822 31
1128 25
866 558
470 977
147 1169
53 1021
47 797
728 401
1125 501
211 9
473 938
29 302
495 1154
669 275
1079 497
1029 88
974 389
586 1065
535 428
153 303
92 852
635 676
1176 650
455 246
876 563
861 159
1089 317
498 1067
5 159
256 1154
907 67
828 823
900 241
336 958
115 733
138 1102
799 193
90 210
554 549
365 587
119 634
1036 22
594 407
266 798
1176 764
161 671
134 765
311 834
711 429
1099 814
387 384
562 846
446 479
872 800
423 23
90 1011
671 276
304 850
599 1104
1074 183
566 231
975 1092
749 42
537 1
1066 327
422 548
976 427
289 1075
428 690
968 970
507 475
1095 207
780 2
791 810
472 616
927 431
972 1132
393 851
1105 614
520 825
528 480
688 364
584 743
1014 873
327 617
493 943
77 446
322 542
561 505
1145 224
920 1031
646 485
1071 19
1108 593
221 447
177 1147
555 343
457 268
424 772
943 472
432 652
346 707
1151 693
196 1000
327 468
483 25
992 1047
120 268
456 909
1010 25
529 466
111 1001
397 922
1088 308
818 601
143 963
430 141
257 921
194 95
519 300
58 675
329 1174
283 959
115 98
773 811
1167 373
93 162
844245102 469332066 164021975 509642526 671316474 97344899 428999990 285666696 213176101 426557275 635509401 790051997 915448764 696298710 120754746 246182112 384656732 528316240 872753531 396078124 228610949 797788020 334775548 507695213 524322959 637461951 360577486 242481165 681756561 357384446 946748701 976203475 841069921 18653885 280277293 135758733 920470473 280231841 969111329 294076350 223352543 174853215 986894247 688900214 292236603 469583391 797828423 307374972 912170822 407798522 48540890 160965516 632558536 376613576 682492931 411396126 644523403 571673468 251365875 472045911 794825958 870631241 512890401 738739431 243022674 217741018 269901840 666474920 765640025 573823963 490095831 968033785 209578547 952250817 198041499 352572242 85522684 648013313 22128285 460774111 253758356 63593295 376444755 302290348 666878420 351068733 822989974 461306227 416274877 448907475 200609304 857908280 364101448 498045328 85548575 286858886 713552265 492120237 561190026 866694019 396996064 672388376 777202108 316889888 568616897 615266347 236398885 139796788 937446490 108457727 837792505 751685790 992489654 213126049 287640454 567256839 395552075 349442698 439756424 846275097 352437185 896799615 896162420 396057387 526446878 601077409 44483242 709820280 673894258 955603702 783944038 800502611 803319427 678414956 502361802 49762463 970255585 970221448 71706692 840173884 360070571 406342110 711760786 56240414 979320168 48850188 636468366 664308880 389347260 434812465 262047958 827169591 202199813 17478564 922050962 945051797 859006553 12462187 27544946 46884668 416134193 230491572 704055121 475101411 191496443 56639114 56754953 114383297 488578972 754146680 180863884 931551643 8303077 181779834 151755741 567939435 15779618 204087598 948696594 498292496 784956780 176026458 557566922 257004456 992617038 497953286 570122217 464518000 776884885 330048444 779833820 954210244 663505733 694721684 202921129 218627978 914908744 524234111 611494354 370160513 690373183 525392643 161720987 424828240 333185755 357326848 349796141 173506233 411549171 440254013 780544511 203860615 228963967 339028789 887657751 979340796 516202109 922929235 919035298 602941933 766654444 672907243 130731323 349516059 537586752 699913571 606207501 681133262 307431905 83456567 640921982 995792431 838673433 967634944 860414300 114500714 545053472 388794017 793247591 55155397 913830239 562506016 480558781 445864932 587871392 228258976 84047076 753347001 836913845 607789370 412408581 274955844 285581931 39038098 679080010 898894294 904323301 368310236 619626392 616065014 660613298 124055547 943505146 145489482 290169049 267032363 298586835 364076765 474084408 605531392 922646468 799407352 706438752 91008473 36197251 520966444 784666486 451327065 292990777 619795615 8952795 672301519 222943268 190974814 706026626 482336727 812351228 808008201 997957973 539224601 94220657 588445292 199205568 236194518 496440219 167664087 857100911 867180222 676257719 402216949 720685366 208850881 403942393 205485974 136370682 34942158 761787880 198813673 459368413 775040857 584497314 713593357 329690048 242941766 978785286 920096713 285573744 466162704 135502473 321622006 534432768 137563945 766646420 967623762 922827909 557497955 732134904 819495982 92787884 477464635 245027989 548724047 938426468 171975731 485686170 508779700 714963104 535491924 909016993 41325514 119917509 323793398 419382858 795327037 932434393 477508899 186022890 803031927 287592129 993945284 454909947 938457776 757089176 935793877 477847773 914294312 339657772 157737032 154727965 916450995 675655805 971676540 389635593 592590260 81034420 435484033 447542830 903443176 976551855 104207868 711376085 59251303 919276066 512118494 579265978 366919283 263314482 681789104 379378277 221995933 387098527 163275968 986940399 14686429 520123963 651548434 424925925 21441501 432768491 8445596 520514364 200916128 390232088 703088225 321456490 131464491 220354404 861208447 769499232 972485764 162439775 851565582 110773683 591582198 725820310 763242981 404777091 161087273 531266986 499302004 806182529 438844340 233239256 610783585 98833908 112609001 902236438 846892796 551208419 717958114 289357905 81984266 542267892 13545422 248358799 280293256 522265443 967151912 538378474 108871926 364126804 335155167 175883544 453760781 935068331 504972132 718815440 546703551 758563186 870168448 471356297 827936000 814661250 937256541 273181349 548678354 749278853 647300216 65031414 252449343 475953297 649768764 656993400 826957548 473728279 469292125 759091150 306732825 86275674 853922079 131281998 458516243 351303101 110786569 339587181 434926157 979984882 126985912 885489947 261497386 841441514 577852682 791258862 788548325 15152571 612464745 211745880 562979060 872331297 46228424 845080230 75359886 684261470 979526094 397906766 197278048 512184854 426906556 909921725 896200885 77063084 388381883 11172084 573043968 50762772 373510520 812427238 31561494 37959406 67883513 275871841 897702105 4675767 909392450 423605260 759030466 800893701 71763339 52984636 195345970 230751392 708742815 439045349 774377289 255019875 731016616 244254817 230742142 69359490 366448045 794118520 842008043 271516200 713670117 928473848 968224966 874923500 824381094 957352725 406257184 628129723 653493312 640944034 586558067 801420975 551829134 346731612 660537616 152491165 575854404 578448331 722831727 372129088 566107553 366265478 835259996 521865963 70983148 757490838 992996241 32554956 230931497 707562725 958006581 550964813 642687353 761157586 990056470 275953813 182488767 186025443 745394360 168878192 946172650 433100832 97808574 544625946 104168457 847509889 992572293 167596402 43253704 699077410 324295008 15561009 823286327 76385675 997240589 478480126 444886365 471787866 920425329 672586881 605969596 131006586 148632800 541083555 614803191 98287486 12371048 808717848 72209307 828553230 97555975 835667664 281245949 896465145 717105343 534535409 65015058 446915946 601829949 421062160 610978486 313873836 425275654 68060636 623606926 584611174 273594071 756919309 87897397 431399823 349010333 126344391 292263752 669657735 906432526 445328109 927848522 583283594 69241189 550971517 179754328 724399180 90101883 302570056 1547701 542576889 951294380 197801195 482509199 852070402 215792218 906662306 471483335 978354676 543801683 746852017 991469603 893524193 609211038 476514035 258366114 947853991 841051388 196776244 816200444 689827186 888063950 959838066 422170909 24248660 757964466 292576362 15095821 580228736 500416970 164978155 796795128 961652815 510563075 770905883 320411697 891362838 680088015 410430351 560442241 51198559 553334687 995957352 48951758 680277734 94358205 916159826 988439343 720308729 206533356 322820740 445627583 109155453 713618102 890308610 893952440 790585029 858466050 481301040 992148942 117142847 273281751 422570756 486812476 852191048 185735339 279332864 624861169 202692926 553608164 118673770 492429298 811616424 18365542 14628568 253041961 258522199 492960728 683411648 243310157 813542129 246842783 696620620 502908091 654328351 969672621 353403650 990938839 269352308 955086870 457501611 188370368 486715915 191640862 573766853 371476206 157665120 715320673 225691294 974843753 832690561 153256260 213677768 10739758 117013313 36965086 464093929 875021292 130171337 30454442 123853127 969773014 870159875 538799241 294700991 591200322 8311253 660426104 821671132 324820744 780301084 723186945 678638614 242834104 98831207 816254367 926112077 658099545 14145409 775623143 575768788 245450590 804628501 544428979 522937764 529094297 919118047 801286067 393520826 997293547 325597163 142282553 782816801 76009437 626466817 566196833 559256880 818609533 922912306 392533946 48434366 791948217 922642297 505774286 464927177 827634537 203848215 505064720 498146269 649881089 946804833 192542441 907326136 271984815 704811861 893994857 360903814 591664682 232967518 602042000 944426463 218670512 760566828 645099496 133697441 81493203 905660824 579835235 867859582 93703611 521473312 163867313 518320275 985680274 691553033 611554652 419559514 346528115 988413495 939202541 730686956 676844828 238053034 558834312 23229387 443653364 852985002 962109177 504274211 110616880 558621540 59950267 869513503 408923583 61549310 164687168 233977510 669351764 995723113 662031729 780480268 488566059 253185924 97197019 501200451 278731238 307573240 202677343 743131631 767667197 597353039 85001963 4380864 469824530 10153898 325891788 754797305 585231601 212717713 152312202 131220826 941789681 216405107 827405650 353577721 59902623 835246483 565857120 787288455 133128023 961476592 762986454 958468084 690831841 469399078 367889697 110423424 260008263 183977028 394084598 351701060 214288498 155432784 159246682 877867268 214932672 386838233 633719437 376192939 736328319 138852305 142872125 79761980 422961824 972164418 97775050 818549743 58318768 530317720 735770649 645982492 779251543 375327914 138145664 324451459 88963142 790044271 91961133 111561334 613541554 514073402 651011122 587661582 813867482 441711965 432403658 222371881 545670906 386729422 924666628 532935972 411469400 626332927 733711301 97983961 31822955 263408011 147331229 588301587 170156480 472217817 250137299 159524255 730856951 960637742 515283952 969224260 578020757 59311235 197351824 461535566 151238297 254007439 197139044 257032266 676756430 178948629 854331371 168842632 909886024 517318172 530994129 151018873 810926590 678418776 224676117 411007886 50234163 94184393 596872074 360669319 553591895 59092425 665367228 130700668 258362803 390852720 896067970 355344605 367431121 693393278 789345494 721941878 966639855 589680934 931416771 597118128 316208543 262889447 251881825 395431201 436538407 606635969 34630543 872988967 979289999 961187786 496932633 973266334 247469942 656229101 639753467 919955699 940513894 452110812 211601377 92332708 583644485 813845495 277042315 983444802 73375022 575520039 179748460 404867916 927209125 277381752 26457719 919794810 694259969 718777984 249902664 601003333 862250134 83534212 859675266 727194550 614967545 841506582 980959791 462815732 907511364 621577720 867046544 288909757 939023680 764865283 185657711 124952155 506549020 285479890 280388626 844991199 448574417 237321244 84253742 935229472 380980559 300529644 219357098 36348021 462597043 36582450 944020148 472103966 251799198 360687904 779265519 42263613 108789583 573186956 374531326 424849001 538674729 656869421 150790379 846909777 128127042 109265676 965489198 386289830 874648604 178353332 280476686 73618694 688963251 577989417 120101923 564536195 189074835 233403371 985198146 46370531 813269777 141929547 920336285 84005080 320748278 323793502 65288219 58575657 189616365 955077156 521124873 54541935 428917747 526012552 892126963 581973466 628407411 603296095 933005389 552978227 328505145 712321240 617800123 418270156 41999780 98695563 599000032 186177543 140150725 561774349 812595080 237989349 860823843 861907135 937426931 579377670 500462152 466718262 990607403 997207105 467572369 181362838 788784449 945915000 865953941 718800971 992727895 634839578 258551011 10086160 88445469 315517816 616354906 811609989 838726715 354176484 22653762 909068571 199036340 515153877 998331422 997357038 561605524 785755597 633817031 980864731 430050062 770347800 145642602 126796273 147969934 570621485 976951409 725224099 719194673 801515855 333442305 350569237 235560998 709854032 559130909 222850590 359193020 871781926 729582919 986723253 822799953 759701504 673627398 376460407 464212597 336748826 983596880 319918595 241862853 710447590 48274284 63351484 733409834 868742452 34275610 188511147 109725361 574026745 169410476 868773953 856534636 370170336 279284067 244148498
16 5 24 60 27 62 20 54 56 48 40 58 11 25 56 27 44 9 61 7 49 13 16 53 8 6 17 18 16 60 18 22 8 30 55 49 39 25 15 26 43 42 33 26 51 45 50 24 11 57 5 34 9 29 30 24 42 19 56 41 6 54 0 57 14 23 53 14 5 41 15 49 2 21 12 26 14 24 11 22 7 44 0 47 4 35 28 34 31 6 6 33 18 44 31 27 3 2 1 58 47 10 54 47 42 20 33 54 56 7 49 23 53 37 26 27 20 35 28 20 7 4 1 36 13 20 3 27 62 34 49 50 62 51 41 57 40 28 27 26 25 63 41 16 62 31 20 19 31 8 34 30 55 51 32 10 34 25 10 63 0 46 52 35 36 3 57 53 28 27 53 46 43 52 17 32 14 0 51 51 62 63 62 61 6 60 46 8 9 9 31 3 29 40 33 25 26 35 2 9 19 32 0 12 50 57 30 2 45 16 45 55 12 38 11 30 52 23 54 47 50 30 9 30 49 54 11 28 42 26 1 53 26 54 11 27 36 48 19 51 31 43 7 23 51 29 30 40 6 42 5 47 8 19 15 18 35 50 40 62 45 29 29 23 18 30 40 7 7 27 40 34 39 62 28 60 57 9 13 36 34 7 13 21 14 14 2 56 28 43 51 14 6 32 26 48 44 36 61 54 43 27 4 53 41 57 54 51 47 56 27 29 14 54 46 58 13 40 33 56 56 52 43 38 34 16 37 62 36 25 18 24 53 6 56 11 62 53 8 37 2 52 34 8 48 10 25 20 43 7 22 4 58 48 45 24 4 6 60 30 32 45 32 21 11 32 10 1 24 31 60 5 18 50 15 45 14 36 12 41 17 14 11 27 41 52 45 59 50 20 42 10 46 21 30 4 4 26 34 24 14 63 15 2 7 57 61 43 38 20 0 40 20 49 30 15 51 51 41 49 36 63 27 52 51 47 51 57 54 16 14 8 3 14 8 34 45 14 29 7 50 23 60 40 34 6 43 13 53 53 45 15 49 38 60 41 5 16 24 37 6 43 42 4 45 54 32 45 22 30 34 26 47 58 56 25 36 15 2 56 10 59 22 10 48 13 6 40 51 51 42 32 56 0 52 15 3 4 53 49 18 23 50 42 38 46 35 45 17 32 34 3 28 37 32 42 61 30 30 60 61 17 57 35 38 42 39 41 8 43 61 2 12 35 13 60 20 0 1 47 39 23 56 32 44 36 58 33 1 9 8 26 6 41 39 32 40 4 27 30 52 30 58 18 23 4 5 32 46 29 21 56 24 44 12 18 62 40 37 32 19 14 12 46 54 45 50 10 40 7 43 63 47 43 61 61 32 53 37 46 62 17 55 24 40 48 63 4 3 13 30 25 36 56 34 50 42 16 36 36 42 11 12 28 57 62 36 60 11 57 56 55 4 11 13 51 50 13 27 22 55 31 7 5 4 3 1 24 61 45 18 35 2 44 25 37 58 14 2 41 54 60 44 61 1 9 24 23 15 41 62 38 13 4 44 63 1 28 31 20 45 30 5 52 22 7 61 46 36 1 33 42 50 1 62 41 25 4 20 25 48 28 12 61 27 57 29 16 59 44 9 6 21 11 44 51 4 48 46 47 21 50 50 57 13 62 55 23 18 22 9 63 7 0 17 14 8 15 61 56 58 27 56 5 8 11 39 0 18 27 61 31 57 54 16 55 10 25 44 49 9 47 38 40 48 60 20 28 61 47 40 51 48 29 47 32 2 5 45 17 23 0 1 61 37 35 26 9 39 5 41 8 17 54 17 2 16 48 21 52 9 9 47 40 50 40 21 54 21 46 12 61 25 25 27 24 16 20 54 42 30 37 1 45 8 0 43 5 13 14 46 2 32 21 37 41 25 38 31 8 21 40 58 17 3 53 28 42 63 26 18 35 52 19 40 30 22 58 27 28 13 12 45 17 19 58 39 23 61 39 24 22 4 45 7 21 43 20 45 37 49 39 47 25 26 21 28 9 4 27 2 54 25 8 0 9 9 20 25 10 55 10 61 57 16 19 6 15 28 42 55 32 3 55 5 63 4 59 15 60 52 28 21 32 46 5 44 8 53 49 48 55 27 24 49 49 26 32 20 20 18 1 31 2 5 10 53 52 57 8 16 44 41 45 32 41 15 19 44 10 8 34 62 56 19 45 59 53 23 11 28 46 43 40 41 32 30 8 17 51 44 24 43 17 43 13 35 34 6 48 57 29 8 7 36 19 2 15 21 22 4 59 43 3 31 21 9 62 61 4 50 45 62 10 18 60 6 29 35 7 53 48 33 53 29 44 19 49 11 56 41 2 35 50 44 51 54 36 47 35 16 61 18 15 49 4 62 7 9 53 48 35 44 35 37 38 49 14 61 14 33 32 0 58 13 5 7 38 54 45 10 13 52 55 35 49 59 44 32 48 33 13 45 33 37 26 30 15 36 46 11 23 35 1 6 53 42 27 13 19 34 51 43 8 2 27 21 0 14 25 57 61 12 58 60 5 9 4 41 11 19 12 32 14 27 23 1 16 23 21 61 60 28 56 2 0 40 21 63 63 36 4 48 14 16 32 59 10 3 48 40 4 60 46 55 62 32 61 40 20 63 34 11 63 61 28 7 53 5 2 28 42 18 62 11 35 49 22 18 62 47
31