483127564
913165488
324711046
947004251
806711064
194106424
575494565
846033039
968869103
295208892
162986660
703717089
877363059
14828798
81062277
386734455
110902591
422730326
303483945
54128746
599064190
272093946
112771654
788122493
337912175
524616282
98537585
51215583
23623192
241841084
153822682
546786864
684616842
218834736
34866310
326696037
560331239
704898123
0
6672804
759465847
343547833
633194688
0
644669831
258207646
148001096
631118409
240570083
214702837
50347842
109113985
219981985
133166301
702770025
948096508
75397653
580269601
960902589
632846473
269952426
325663805
951846086
363368105
298895131
257193938
187150052
442313958
546294335
716870513
819246546
434882164
886028328
187480359
347420900
798044227
574299320
172420807
55012391
607470100
509581094
221574213
931408492
432916637
320010042
351876274
913982313
277687783
558314437
591590934
816298996
278139787
685041155
191010707
798308697
148420653
316089250
248343679
277296630
166684286
804388199
311104216
173976974
644485128
392512948
965193152
682818143
491255889
906454215
62257369
400138447
260663669
817821157
585309462
47539725
960040985
22576162
281652471
28005654
954949762
961828441
110915151
726940182
450127241
409957434
707533634
110742439
760885347
719160952
860970341
94198474
224341755
813103176
780060113
161506440
754190760
395701860
405249541
339055211
725780256
916458706
411544877
866282684
339425058
924631286
861480100
680003711
471151244
956878617
863207309
685713510
486768518
956234899
136040285
901750236
223505862
764447337
806691989
391603699
668617517
448478028
269190889
724627624
233202247
11252678
783449683
699748361
263723025
788230430
188174984
349136250
598315752
660002377
789124014
215853885
866721855
423339305
384259026
994033109
852175074
566170443
181744017
56228424
781194060
185216633
642092626
452147321
188398173
115074124
395474228
275509595
911178253
384254983
181847742
547961664
905567202
282685476
69849248
360408909
10766671