886955180
0
851382629
0
0
0
0
571686699
944348056
0
0
290071778
611343525
464082948
884089371
0
189157104
0
570202980
624021662
266055017
573697547
0
495782204
0
864465957
317514542
960931017
0
0
337080596
0
8935570
576894503
59914605
946467055
928790047
0
0
0
919223121
0
0
914663990
278353777
88193579
124578189
57502473
0
0
611499442
0
0
0
450041827
0
0
0
0
0
980785269
0
0
0
0
379253431
0
0
238826131
856227827
0
482409398
647636059
144551260
0
0
0
287665442
986620098
0
0
125333622
415137872
319071075
0
43198255
958088497
37738820
932067497
0
289875087
139084073
318117452
0
475948001
0
0
249745052
0
170676505
0
961136898
559985860
0
241291685
552815149
0
0
0
0
0
0
0
0
802127986
0
828195597
0
750712999
703043550
0
28064765
954974581
250579760
0
464103942
0
0
0
219888351
16524190
0
774487818
38395384
0
0
0
0
541850912
368620512
0
0
713288271
0
248283088
0
0
311454849
0
0
0
0
0
0
0
114887478
543738176
455522481
0
0
0
0
222534010
623349112
0
275711990
0
43784877
814328471
0
0
113733992
0
568543559
0
0
0
0
476278699
473971680
523340029
0
173537474
0
970644784
0
583324307
0
685466581
907961998
525218999
0
635186892
887939505
0
586417000
0
0
919039462
785798699
0
0
367950727
733387315
0
0
0
773515742
0
712057503
694061768
942746995
70670026
0
215425970
575198959
0
0
0
875329351
91461856
0
0
604183448
390098249
814786867
0
715093206
257871768
756918770
882304099
0
328661094
737715709
0
0
528299261
787151443
0
477472868
0
801500573
447181466
63808949
564164152
0
0
0
672354905
847377458
616456800
545931136
0
182453767
0
0
0
0
980849082
0
884765687
0
0
0
0
625796180
0
328962180
145634838
822370586
15631870
0
0
0
0
0
0
0
0
341057787
522166949
495137689
136105362
329504639
61540520
0
835571192
202498880
229374554
96888890
760810881
0
829259132
739921101
0
268441688
523179929
0
0
0
0
570246312
947980569
0
679471318
0
687258134
0
0
0
858251877
0
816143142
0
858723690
639765876
0
658324350
0
0
0
715089768
0
810607615
174005715
0
872765803
0
0
0
0
430274810
0
0
734611751
168005084
0
18929611
331941267
0
0
0
924167914
88289636
734273815
716522898
0
0
0
787795650
765505405
0
0
66722945
0
940223108
448185735
0
0
0
66237988
438664543
0
281801267
0
556479025
0
0
12486682
0
0
379069138
0
0
0
319369573
601043893
716933798
808229922
0
135345966
43462992
0
858007296
0
0
0
0
0
0
574389670
0
0
0
0
888149081
0
0
851215002
0
531745235
681040455
757916647
0
190121781
0
0
0
0
0
793809660
0
0
0
509659426
0
0
0
500201360
16208474
315115335
0
207726013
0
376918130
0
0
581157279
0
0
191794156
0
781445436
624521
0
0
0
234541688
0
343146696
0
155855758
0
199617721
895369553
0
529845550
624281892
0
0
726328283
464062457
281413195
0
0
0
0
0
540540923
639518895
0
635949738
874651968
0
0
363015107
0
0
791337323
0
103525584
0
0
0
0
0
0
0
0
787973802
589073479
633000803
0
0
502242450
0
0
269547077
0
0
667440848
117764123
300628068
0
0
768659597
0
181419272
0
0
621598892
549907849
948999682
0
783589906
453625298
0
0
0
360508304
0
0
321561198
0
0
427571443
629870737
723594156
0
330119209
249995865
912250086
0
668768348
128096648
826171925
411697542
0
0
167304211
0
0
0
0
699341219
983913907
0
463535744
0
606427436
949299143
770200241
0
589304751
0
0
96967404
223696267
0
598719536
962824869
0
528464553
789123330
0
615058903
0
185443463
0
4614989
0
664585413
413134573
0
0
0
807058561
811963646
384158455
0
514302439
0
770442647
142771881
0
123638900
0
357435101
405723351
534993001
36990981
422147800
0
0
0
0
0
0
0
0
716970364
792260889
805697768
0
957241269
0
327718899
0
259458149
603214451
712618404
0
0
787554192
9319488
454080992
0
0
0
0
103528814
0
521781700
507463745
512540858
497852303
0
0
0
0
105328761
531510409
0
0
452909198
765180368
0
0
0
818230804
399930624
219807420
0
0
0
0
532053156
246301357
0
819937890
0
84215125
0
0
0
0
0
0
556759186
0
0
0
653328056
0
396898683
58651985
328759856
115591840
289014285
0
0
156719142
946840041
504910304
0
0
270845183
795744642
478908727
0
854955088
926833187
0
937901750
0
0
663643145
0
0
707195304
0
730978662
132196351
0
0
0
577434889
96466964
517813754
685339494
516550418
164700035
0
792540618
0
156204817
729634725
688679741
12971108
609155523
0
702495168
0
942437779
910884305
291084903
959669644
892494632
984783348
0
0
286016714
0
996820005
663611538
700712259
0
912738904
0
0
0
4987048
798033528
0
788273984
0
761638777
847410514
0
0
0
0
521119065
881023779
543258866
363593505
0
718686243
611546928
0
810908444
0
899232992
0
888416058
0
785284531
0
0
0
478143878
473409375
197204339
0
0
673482548
0
103253489
0
992026584
267828363
308873323
0
0
0
17077450
575625534
0
0
412981225
0
741076569
914050408
28203808
0
0
795343633
0
0
329747860
733827528
0
0
805323611
516092055
0
387636823
866618322
576704543
184308450
84453819
0
0
0
157645551
0
679998613
121486145
0
13188501
39672237
194874831
956553674
0
765510992
233813280
0
674090334
0
844704793
0
224662098
993193098
0
550087984
0
68294409
188128727
0
0
0
330332885
283626636
753482741
643180116
0
0
0
590309373
599186291
0
180305744
540549135
0
50760637
873499656
951961707
287233564
274335661
914848531
849074379
0
351315139
330315093
0
32501488
0
107437438
0
318970219
174141522
56474264
0
565900012
0
0
0
0
716880342
0
630027921
996972919
0
643260967
0
502054157
0
241726357
13776591
383464609
0
0
891976810
864909718
0
257090220
0
0
385202743
0
608704261
0
811507610
807150647
361387541
124793738
327724872
0
0
0
275091719
0
157889808
0
643132502
0
0
428338083
531004514
620148770
21647171
0
0
791680517
0
105763036
662948813
0
74997403
0
300622496
343197418
137460821
0
5053250
0
438198628
0
0
0
143082773
429298977
0
0
0
0
18052212
0
636340013
0
511325374
330490516
717317980
0
0
0
136983674
0
641774800
707741633
330673687
0
523605135
653451396
8096376
0
231590005
0
0
336200792
0
778921595
337992616
0
699151463
0
740729655
0
813294883
0
768263248
0
0
818758022
548809002
0
134179067
0
479688683
0
0
547126591
274308892
951322333
0
0
971684659
429280886
828217931
0
0
0
911009768
0
0
0
0
0
171294521
866979183
0
0
0
902637096
239259152
139976972
0
267908124
927050540
0
825018145
565927241
855355141
632153834
0
0
346123131
288164865
0
0
0
0
772462191
0
0
693940822
0
0
192430040
0
0
481257210
0
605411693
322953151
0
314498853
872086754
710990274
0
840412703
0
0
0
348955647
27855958
724349808
233865059
0
0
809252514
0
440115686
0
560682382
0
0
343703193
0
0
0
879755608
0
0
0
352574021
633842389
507690869
0
0
0
506037339
748960825
0
239111738
613186833
0
0
0
0
0
390006254
0
0
698654549
51590388
0
0
0
700655077
664768931
0
0
568791621
170342798
0
598034789
0
511357174
0
75287786
0
449359030
304007442
0
784359010
822342188
741940301
0
0
179766947
0
0
590565038
222826855
0
0
0
78693885
647366821
0
747776961
0
0
753174238
0
0
0
773361135
3620056
0
0
0
530366532
0
0
0
421317340
833333883
0
743541896
0
243502081
0
0
0
68029873
917957581
974946506
0