956921777
446132256
502351794
130740193
829668938
895258243
795081596
505578259
896029233
3024036
181259058
766387561
921666375
844252584
337826763
379186278
786272286
99186622
860921916
28555906
603023925
719654646
512726773
977876391
902902906
619371175
350146563
620692084
847875725
794568820
657867018
575554289
117912580
315128754
449998432
698807473
576790784
20103115
84362873
944981634
524308518
30525099
872160082
858408129
654610606
768399885
126862876
153872246
147007610
659275756
426516414
118672397
517065625
330706358
692885545
114379040
863610390
740530490
200964523
515547377
672908398
639731140
505882435
184764489
661340260
607685410
406515625
919985439
442011030
56397627
661832821
50146171
513131110
120134789
671436301
205931378
874958546
245091670
133402189
420721049
300309961
297799313
541821902
612797514
690376937
406357446
339963302
537236542
655755829
495546361
238195388
305225142
633388000
246479973
859022076
420813995
882210600
293920686
73287064
34413513
985078744
672413751
781530554
178538813
76306295
435982422
789492652
37855116
978293489
391854715
109027281
559016766
658874582
935256870
418910824
811494109
53566565
639635902
382292812
236552830
376441614
300703605
42724806
674064211
192071634
50830962
604696375
510495811
152494378
864078247
922478027
497401241
974018386
937128076
650574095
701114741
277354053
318014172
673904742
820692010
215615796
561712596
96219137
595795818
881755808
313939708
718787076
491485176
471969369
156665615
740630307
641966634
759110746
481889437
59049531
660549813
931685455
397925472
504138048
523602840
336260232
389717838
905555902
145205886
60636930
307206334
278280647
443839609
544679837
430771075
300509698
479486585
745388348
13077955
619983760
600230933
311431348
381318355
8672691
853750336
722313577
936099522
978774882
686090055
884856736
574780578
701634516
946502874
810864818
11570733
71841402
503613008
254412711
289291028
367664086
430530197
478376470
17215779
945978005
528513383
326460248
959222534
108572245
860244501
991303497
940933347
557727966
54759945
452980230
31056985
54404245
554250033
461440944
132275379
876551257
963046939
843403842
461260005
753270297
928633080
629366860
742738627
843876288
449584163
563512184
2562585
728476986
912225968
629763946
669770813
468135050
771700769
189490441
0
0
244412713
182734245
0
0
0
0
0
923262643
0
0
0
816337020
0
0
0
711683214
562441418
0
725381471
0
0
0
0
0
0
0
0
0
0
108203111
0
0
641791103
0
0
607939386
0
0
0
0
0
163605372
516391311
0
114570165
0
763379054
722913917
0
0
0
0
0
831948444
0
397817333
0
0
0
0
0
482962738
0
0
0
0
627170813
0
0
0
0
0
0
0
0
225331729
525427052
0
731676374
0
0
0
629847698
643809574
0
0
0
0
0
0
0
0
851237230
0
0
0
0
223527618
0
0
0
0
0
0
0
0
0
0
0
0
0
0
0
0
0
0
0
0
0
192466685
0
0
0
831837464
0
714049816
0
0
0
0
0
0
0
0
0
0
104788731
0
0
0
0
216921463
350874435
377165970
0
0
0
0
132809868
686910691
0
0
71630764
0
172961626
0
0
0
0
0
0
448436080
763654348
0
463948748
0
0
0
0
0
0
0
0
0
0
0
0
0
0
0
0
0
849268408
0
0
0
0
0
0
0
0
619930054
0
0
0
0
592877971
0
0
0
0
0
300759534
0
0
397578590
0
0
0
0
0
0
0
0
0
0
0
0
376079114
0
0
0
0
0
0
0
0
0
0
0
0
0
0
1619743
0
0
0
0
0
0
0
0
0
171593110
0
0
0
0
0
0
0
0
0
0
0
0
0
0
0
0
646501501
0
0
0
0
0
0
0
0
0
477774604
0
0
0
0
0
0
798265269
428496771
881307168
0
108194555
0
0
0
0
0
0
0
181355976
0
0
0
665579751
0
0
0
0
0
187577543
986824653
0
0
0
0
166470350
0
313583475
0
0
0
0
0
0
0
66679791
0
0
0
14491999
0
458693512
0
0
0
0
0
0
0
0
686069780
0
0
0
0
0
0
0
0
0
0
0
0
0
0
0
0
917926331
0
0
23657557
0
0
0
0
0
0
0
0
0
0
0
0
0
0
0
768896827
774002101
0
0
753373923
648675487
0
0
0
0
0
0
0
0
688927052
0
0
472590400
0
0
30019054
350397207
0
0
933511295
0
0
0
0
0
0
0
0
196659095
57369837
0
0
839271945
0
0
0
0
0
0
0
0
695607065
0
0
763311190
0
294970450
0
0
0
0
639204466
0
0
0
0
0
0
0
349926213
99841164
0
0
0
0
0
0
0
0
0
0
0
904340096
0
0
0
0
0
0
356533537
0
0
0
0
277893109
0
0
0
337496775
0
0
765665976
148636865
506958634
0
0
0
0
0
0
439604092
0
0
0
0
796034049
0
0
987987441
0
0
0
0
0
0
0
0
896028683
0
0
0
0
0
0
0
425107260
0
0
685292463
0
383012263
0
0
0
513339757
0
0
0
412484825
0
0
0
0
0
0
0
0
0
0
0
0
0
0
0
0
0
0
0
0
0
0
0
0
0
856620973
0
0
0
773806181
990662859
0
0
0
0
633353693
0
229684665
0
0
0
0
0
0
0
86483954
319040689
937508463
0
0
0
0
0
0
0
996671603
0
682234804
0
487313829
0
0
0
0
0
0
0
554379261
0
0
0
0
0
348265487
0
0
0
0
0
554186327
0
312475512
0
0
0
0
0
0
0
0
0
0
0
800198174
0
945418496
768967977
0
12364917
399838326
0
0
140351117
463713738
32908809
686385925
0
0
0
0
0
0
0
0
0
0
72356071
0
0
0
83635178
384073507
0
0
0
0
0
0
0
0
0
0
0
0
997226356
0
620173933
0
0
601046001
0
0
0
0
0
0
0
0
0
400246034
0
0
0
0
0
351056376
0
0
637266540
0
0
0
5329210
0
0
0
0
0
0
0
0
0
0
0
0
0
0
0
0
0
0
0
0
0
0
0
0
0
0
265410100
926254367
0
0
0
0
0
0
0
0
0
0
0
0
0
0
0
13744202
490385398
0
0
0
0
70913225
0
0
0
0
0
0
837100071
537512070
0
0
0
0
0
0
0
0
0
0
0
0
0
0
0
0
0
0
0
0
0
0
0
0
0
0
0
0
0
0
563322597
0
0
0
0
0
0
52271924
0
0
0
0
0
0
0
0
0
0
0
0
0
0
636394878
0
0
942349616
558649391
0
0
0
0
0
0
0
0
0
0
0
0
0
0
0
0
0
0
0
0
0
0
0
0
0
0
0
360535854
0
0
0
0
0
0
0
0
333720806
0
385373165
0
0
0
0
0
0
0
0
0
0
0
0
0
0
0
735743159
0
0
0
0
0
0
0
0
0
0
0
0
0
0
0
562348646
0
0
0
0
0
0
0
0
0
0
0
0
0
0
0
0
0
0
0
0
0
0
0
0
0
0
0
0
0
0
0
0
0
0
0
0
774910435
0
0
0
0
0
0
0
834884885
0
0
0
0
0
0
0
0
0
0
0
0
0
0
0
0
0
0
0
0
0
0
0
0
0
0
0
0