200
30 134
40 176
87 110
95 13
104 167
102 153
27 9
129 94
108 37
97 16
30 47
199 156
46 24
4 83
62 174
182 10
184 113
1 147
129 73
7 24
151 128
148 26
12 120
141 78
65 114
121 118
195 59
157 18
68 141
122 12
72 67
188 160
147 82
75 138
84 86
169 159
198 22
173 166
109 2
188 89
92 197
171 44
112 187
177 85
152 155
156 1
99 166
53 35
38 94
28 97
106 26
104 91
177 117
98 41
11 27
69 55
159 123
193 189
41 23
10 6
116 51
116 42
192 75
120 200
115 163
19 64
179 100
128 25
68 93
171 149
133 151
162 49
172 93
61 126
135 42
19 18
17 54
133 173
175 101
200 139
161 106
131 155
139 47
130 125
194 82
6 70
107 144
80 154
165 78
7 3
136 45
58 164
89 77
142 152
20 90
186 46
66 191
33 58
127 31
179 69
8 142
189 107
57 54
67 153
137 112
84 154
124 83
125 178
149 196
56 162
9 76
136 113
63 14
175 143
119 21
108 14
96 197
170 101
88 121
88 176
191 74
167 137
164 20
2 181
60 51
79 172
79 146
32 134
80 170
130 25
81 13
31 86
57 158
140 96
185 135
59 43
4 52
124 111
174 132
98 180
71 145
40 70
63 5
15 52
169 140
105 181
11 91
132 73
103 190
37 100
122 196
8 34
43 28
95 65
168 158
3 64
38 60
109 45
186 50
16 183
90 71
62 55
66 150
99 165
168 117
36 180
105 143
150 36
72 103
15 50
138 23
187 74
190 144
102 76
5 157
34 53
81 118
127 35
21 17
182 48
185 119
123 126
163 161
48 85
198 111
29 114
192 87
193 39
49 160
92 194
115 56
33 195
77 184
131 183
29 61
145 32
199 148
22 146
178 110
813501429 32266488 598020117 3793611 14729521 417837029 171615586 410232914 27010660 698766826 151988013 16850321 115366449 28997735 78913338 518396027 712845801 108896164 31216737 304658341 439226272 562602197 355203610 914197050 647924617 390348778 915108685 429149700 876743700 807993885 754182191 553223550 83258516 345990163 91064568 285662075 666768478 211481257 899638663 560505199 228949947 125392726 735265062 858293465 657018612 286386121 805282263 63488140 782195773 59032361 656508017 760099803 213831116 690430033 680188564 696966173 700766058 867539855 118075124 642289212 704163039 773557400 635089929 533373103 353819229 373765130 992352715 123880535 73173374 1370009 480003996 159540909 591238143 510392805 942204926 727935324 712725153 863214822 863445347 372920651 275397660 579591395 833209418 705955014 347302565 399901197 839837544 224757674 767995378 579485467 203011045 475725229 68166396 160309419 30343380 865623531 157088750 638879861 31419452 254779298 624594461 759391607 877810304 709401581 868939152 434048883 145919873 710971796 607213964 387091191 518988169 660789988 649087842 643181732 209868874 210962531 228957771 749524714 264635558 793980232 328677119 808128185 451009583 758463475 939109021 464411375 599617917 825936515 998699902 803505381 714139466 93655793 866848514 979427566 595451977 402753369 801028731 685989561 994963059 884599390 331710787 89519967 825532625 534402445 315890216 132026481 706879700 370764195 180187796 857604249 953647545 158204001 391967233 675364752 866023769 312698468 928073365 503684201 220269445 219565162 604104401 397666182 239846161 192639707 996335179 507238609 622945077 263047476 897792703 783758265 489845389 897017307 784348455 737724122 469834140 674660601 231261420 929316548 141113033 6355332 708380710 80201161 362518973 203493396 174564542 14028170 222897588 750852821 295616002 120174151 298847781 623172340 356641677 145061261 272822486 972903748 86847073 69821010 510844834 890990481
28 12 31 30 54 26 36 58 42 12 15 40 9 21 34 33 4 12 58 25 48 2 2 49 31 11 8 15 9 60 48 48 12 34 22 36 15 36 58 50 2 49 20 44 10 23 62 22 46 51 53 37 47 38 60 6 43 39 41 31 15 25 44 17 12 20 14 10 6 46 16 22 45 29 24 9 60 11 58 51 23 48 42 15 49 31 28 8 49 43 1 12 16 42 47 51 54 43 17 50 27 52 52 54 34 5 6 1 31 8 0 14 55 3 46 30 45 7 44 56 25 60 15 27 14 12 24 3 36 0 23 61 32 12 29 56 14 3 38 44 19 49 47 31 44 53 55 31 27 31 28 7 53 1 41 8 31 1 48 19 46 39 2 34 58 61 55 31 57 29 18 7 23 2 41 34 36 20 21 46 27 22 55 27 18 21 38 19 28 18 37 40 44 29 2 46 60 9 16 58
34