647379343
0
1346757
64832371
356436432
868696601
130664995
654358681
134460117
838256360
0
0
341243235
463214325
0
30351513
113384946
804388387
151201417
0
738954154
268899610
99544559
532621138
265712129
748623846
0
914120759
290809004
0
105355186
0
0
0
0
827671227
288829158
810377320
256256455
485771287
0
150001415
745778119
245514647
484508533
303532896
0
241198335
0
255916788
86768098
0
669234017
0
720614969
519067282
691262669
743589267
63601873
0
181384044
0
932242303
53573116
755539961
132881946
489910038
609968229
451457704
0
0
0
155693621
0
308281316
0
550315511
143764487
744044039
719967950
0
371848445
0
466533864
719258372
177763549
0
754543356
625358355
897915191
517451756
715541330
0
0
0
0
811588570
0
711451551
0
359105087
290695502
537068044
548882739
468033020
950650695
0
916075027
48959136
0
494878945
211277508
0
680321550
190736077
505281158
978800636
113376668
488194580
0
454523172
273427281
46276552
413655713
479384179
0
644092254
0
0
396833698
642590383
278395611
248867910
932634291
893324422
38902904
0
491750925
610937355
291047081
369865712
0
591450804
847455280
776658132
871171386
484043652
0
0
766619273
976373665
875715493
0
0
669272748
0
767987175
776074233
400491634
894820991
608215408
269929166
705205998
0
0
329366302
628422397
542085216
62933359
0
420594544
667471769
491264833
0
446036245
0
405780193
683936456
0
0
0
0
139954009
607711685
588530278
738212479
0
393851353
0
0
0
156810615
582146071
404758167
107446367
427729909
566171383
364139288
398811054
0
587521403
0
574766903
266047064
535333231
0
0
863928834
0
0
0
83326647
576155955
266521229
159861006
0
0
0
0
601932505
0
0
54761349
86246927
751814941
746946323
0
893544183
689381211
0
188420690
245926496
0
743194881
717384028
0
405023878
685150135
0
0
756697374
750041534
0
0
327250629
0
962936027
142781219
612085704
36062185
571361391
457424347
422486714
312108134
724383569
791485258
26155920
66606825
217204379
59095775
0
329398470
0
927826526
376012967
749859861
0
188295082
321612717
197392976
127976506
0
407219202
817735954
0
245440817
0
799720112
41267853
0
0
654248540
3287397
365640009
584425862
945052559
0
657467405
498014831
0
921882962
845325187
576118582
0
425952339
673556837
0
872027930
0
681148277
0
108745411
919267084
449260430
722385794
702447342
624601325
0
0
276364215
45498524
614385761
0
0
104108140
0
554999068
468695005
855703430
0
801862639
627042659
147192150
0
924802764
0
81317962
0
766507913
0
153360196
811859489
0
648744732
66902971
0
0
0
206244782
0
319976373
0
421005072
284591089
0
538547779
177206554
0
609216933
899793348
0
0
886583652
75078195
282901057
0
782761410
0
889817441
24600886
224851314
465933138
410855153
265336215
827359938
326933279
0
0
0
0
0
648905465
0
0
267869525
840801841
0
2517910
58447927
0
0
0
287107974
84306696
56826447
0
875377929
0
0
0
685287403
903374409
716988670
451072344
0
0
288036570
215899495
0
416101453
358874486
6721511
6125346
652480816
860259175
0
990319835
0
869714843
954635435
209170854
703814149
0
0
600322097
125528590
0
397377163
0
0
542259160
90404668
373485286
36948195
0
419514830
655264715
358042519
855886073
749011555
921302884
706098606
914259630
56008488
0
675886812
581410927
49163565
775446543
0
424107119
0
32384821
0
0
189478153
780034963
434081308
889824379
905371175
0
251413787
370642612
0
91947671
366714455
319347673
80490806
294628844
794899466
0
0
818920210
828618636
0
926408799
664992613
248796820
0
941515109
579534146
130223597
0
799067366
53980441
0
0
908103765
0
0
0
0
178999617
490461062
986421298
0
945811995
0
890805252
0
941361812
0
488121781
0
0
81948812
0
564730805
1228507
0
764162776
0
475578364
830721015
0
0
725363251
621816570
0
168500795
424412926
863330026
716864120
0
620006097
463408016
92118168
0
0
0
0
0
664071361
243306579
0
121682495
853821541
575229589
124948238
0
39581524
0
439745500
16359080
447356583
734109227
0
334635076
951502689
702926190
0
735378461
590630190
0
0
0
0
312524956
0
0
13912348
0
0
718000520
513628394
239586066
0
212986214
211942719
586201126
367750082
882608077
821113392
0
0
96559557
0
0
846654530
262694503
222592371
211772975
121856443
159344911
0
656900805
64718700
0
0
234868494
0
704336001
717827852
831320707
0
376010033
399774477
0
756219537
0
0
0
327778376
0
58420303
801546262
0
0
862589734
763974064
0
0
498091931
479599010
0
617063400
0
0
0
704368575
0
0
178971834
986764824
0
273988095
291106419
17158756
417630278
0
355185140
908785618
0
726116641
0
106962808
884939611
567011381
958739159
0
657690425
495571344
0
0
860423065
208410331
0
0
479568003
789049372
952191304
0
483613817
631195344
181886168
959602323
886490160
0
166630922
0
84753731
79330831
0
0
790583516
0
554506116
151121889
767575444
252846031
902413171
0
538776145
526354631
0
846628086
373420343
907770554
751561094
0
642825330
304159353
0
409923646
399030600
646627439
248870691
276865825
131234656
575935923
0
796546533
0
0
996590539
0
0
503057505
0
84971879
145605629
706631600
945091221
681096718
0
0
235804437
0
0
199089739
463294949
118498350
78222290
0
667186738
0
373112544
0
0
76910995
526544507
467085817
0
0
263217877
0
0
314478167
496663709
0
141091541
260882292
108752490
0
125153373
562921285
719428708
608010689
0
0
978471216
497319440
516481231
141035770
0
0
31577810
0
346710970
0
800501485
908478597
815967184
0
0
472857898
0
538533097
324169103
0
0
0
444216594
222524581
464112008
972876958
768624494
0
0
417377884
0
699490948
246485828
904585940
0
418812961
649746441
36346018
860921583
0
0
0
295972955
549035986
863968862
0
676159996
0
768618955
385906863
528634794
0
0
681883046
226528368
398863534
525027301
453770647
89101446
0
233047300
115367514
0
265307566
363295815
0
865407718
925255472
0
0
0
551702250
911660435
0
0
278719106
359595883
0
150178511
96298139
279289353
349210162
101749045
185145831
191733011
0
0
79951107
0
209789814
670040436
0
624945626
327434866
491648117
202987643
0
564456071
0
27736506
504615152
41507225
336845610
628209819
240367076
0
429724035
0
0
0
420903865
827109048
244924211
532799071
79113091
774592941
149206078
137542495
312009367
690712297
410972401
0
664020463
731924998
775078873
707949457
967249902
624068936
0
182961578
0
0
765321438
627806117
997976763
746185411
0
802441160
479686295
92002040
392031609
2417286
415164688
433967622
0
402745242
437502125
382281815
808530699
503700765
0
909522570
0
501857936
0
815621590
503316579
0
535877418
98178237
940415098
0
0
244414716
0
414876291
514149940
579609747
543154238
307128852
699668958
690026982
760847841
423921903
57020317
172553435
589127812
0
548584019
0
617118890
0
633994512
825738130
43433253
904569851
988287110
211006785
993712613
10546926
0
859526432
394495655
720054639
0
0
0
404193645
0
661218169
392016951
611041040
310320632
468236506
897322128
0
233440797
326298876
611184906
0
910603337
18038722
447352457
0
353285520
145194120
300747535
0
793636930
478474617
937577077
565638853
369828544
785928776
520593661
0
0
920019781
899557717
225033977
407720168
476395939
574803825
112250835
0
0
997732737
426543806
201361099
153054882
904093855
200950678
423016872
157332703
0
626246138
645369924
0
0
0
0
791462493
155906029
298909949
368862269
142261376
0
675549942
0
425692808
476749129
970562285
619329477
285814725
741796270
943304402
827041808
0
148864688
973311583
0
876934067
529982477
811082328
0
444533338
380242072
0
0
820917918
214803467
0
31039212
195789166
952383844
580227718
0
687963587
0
0
642935377
926402249
0
828995741
0
662755404
291160263
516399602
350214009
972924838
859095534
149427322
0
63993533
420271620
742274405
0
0
0
924651851
33544194
340404567
0
463974596
0
564042141
0
70924839
574784396
0
661009517
0
0
285458764
797149509
0
0
544915136
460962722
136611157
947035496
659021519
297888466
625244779
104906527
764835694
247031144
371483071
0
17764748
854552540
461150226
557178459
530273230
646577844
0
222456228
378697527
297253871
0
0
0
0
0
0
0
835645370
26541388
889592067
856004876
753625483
629638841
0
461376563
550653316
0
0
0
869033059
70224561
13998550
0
396543289
0
0
0
205556696
738019883
346038125
957179728
0
738863244
546352859
0
0
311868206
0
889233278
984298313
700510925
0
0
143657902
859102073
386559449
0
0
908999626
0
524879745
5971269
0
231203308
0
387002169
0
0
0
510839477
227018139
444359811
0
11187503
264297459
0
648066948
245768614
0
891068474
526750619
184236631
66162
783552684
696282848
0
455898488
0
793897623
377132041
260363693
259418215
272833533
0
0
0
896034426
632443011
833464883
879085078
438690036
0
279021996
402887467
890226655
54609373
230277766
492245697
213751255
0
0
753677949