1173
1125 223
253 552
817 177
1088 350
260 152
110 185
1039 752
673 737
284 202
164 991
490 291
1033 26
1107 93
280 552
467 578
1022 128
464 449
590 959
188 872
689 17
183 965
260 1076
323 788
1086 744
512 695
147 693
934 228
883 848
478 569
26 160
497 244
779 394
355 841
357 894
608 574
101 951
247 698
797 128
1051 193
501 1133
5 718
25 171
1124 980
823 864
1126 160
674 437
482 1077
654 329
98 717
694 1082
255 789
656 634
1064 189
607 411
119 419
1092 495
339 431
560 636
1086 464
674 902
1134 626
920 554
642 79
739 372
496 1015
455 989
976 357
309 386
1035 212
451 745
1131 521
1009 23
1070 781
887 231
735 1148
709 1029
777 126
143 470
933 509
705 149
1142 90
194 754
141 72
324 940
125 113
89 893
522 1159
227 808
172 1155
1118 264
818 175
295 416
651 301
381 713
1103 275
291 302
1097 116
369 1103
221 47
836 296
948 1007
798 604
66 423
667 340
776 163
397 630
331 177
176 732
338 413
77 502
840 1114
1080 758
498 1132
346 736
1048 174
985 1037
276 238
270 765
477 443
1128 375
206 1170
382 1127
116 129
456 869
807 547
1166 620
698 149
801 388
139 243
224 833
201 963
420 970
829 738
259 462
486 605
153 722
662 505
513 27
14 912
106 961
484 1077
814 802
838 290
1081 1098
1117 433
503 179
648 402
1168 368
1115 354
638 945
519 1087
102 851
1149 461
541 484
312 239
1147 53
95 127
856 54
573 868
873 371
324 75
379 762
882 296
172 993
830 365
702 79
520 412
508 587
29 350
320 590
203 396
423 24
700 665
1053 803
935 304
594 1056
41 706
364 1081
761 568
25 165
899 813
594 571
752 1118
872 737
59 7
432 944
622 1000
664 278
334 262
1069 1140
1013 606
551 290
29 1055
763 445
398 318
364 647
675 1102
1068 315
30 442
342 1156
1 207
572 1059
7 347
653 758
196 1049
30 726
473 1016
404 882
683 542
1116 584
1109 1071
1105 901
554 863
366 108
771 609
1019 1173
687 63
1051 346
70 517
726 52
156 1100
681 630
963 36
299 549
625 61
508 915
264 820
1067 502
129 56
100 360
223 487
696 593
281 1130
682 18
577 664
688 946
496 924
276 697
500 142
652 854
159 326
892 3
645 233
1041 681
953 252
1106 437
923 555
1109 504
12 585
18 708
61 854
769 876
94 111
168 1027
676 868
600 439
788 969
272 1076
1020 1106
527 303
334 977
1097 435
691 1160
648 575
170 593
470 807
456 396
82 538
433 106
1063 120
1114 888
644 246
1090 1033
858 749
167 846
693 980
871 599
1074 155
194 1128
771 651
785 100
400 851
1120 721
635 614
200 534
335 738
750 195
1017 453
760 589
922 1025
380 273
844 781
1095 48
879 530
845 1071
1112 585
886 254
166 766
831 444
376 111
187 1085
581 1040
70 85
877 582
239 991
182 633
380 539
1047 884
261 145
903 1066
881 268
540 822
383 1010
768 150
1089 1017
497 962
706 697
44 448
740 99
240 669
1107 760
310 1100
1018 389
147 151
10 1002
832 458
304 670
542 820
306 806
152 1015
1162 1048
461 150
1052 74
995 725
652 97
1096 686
115 289
83 745
117 799
279 640
589 270
1087 782
230 163
256 395
1171 82
178 363
753 1171
862 330
1003 226
219 1130
966 141
1136 1026
391 353
415 975
109 728
435 198
105 20
282 481
734 96
248 1065
600 27
492 406
778 1096
712 1135
474 866
806 967
992 1170
553 110
171 367
446 804
1173 1038
910 900
714 322
378 499
979 454
780 459
434 897
201 938
704 810
504 743
40 192
492 320
977 775
1099 666
744 3
482 1053
463 394
1013 659
579 555
1143 1150
945 617
875 414
359 935
658 60
902 217
387 81
401 50
338 584
981 1062
715 369
145 231
645 990
747 1144
1032 567
93 529
353 624
112 777
417 35
56 580
108 984
9 1111
528 283
700 333
186 955
265 1136
844 794
202 493
429 418
1004 39
927 287
1139 756
362 1164
1153 1063
873 709
565 358
885 798
1168 88
746 821
157 480
460 190
491 219
898 1026
828 98
725 315
409 401
913 4
144 551
101 604
425 881
711 557
974 707
905 1095
537 489
1144 596
1012 407
153 1060
779 427
506 124
800 286
308 582
660 426
847 4
166 813
1006 939
1012 803
385 192
144 1165
386 527
180 11
685 273
267 874
337 236
767 787
1092 907
750 445
534 783
188 1085
33 514
103 1020
981 462
719 31
903 817
1066 1073
460 649
46 896
811 371
472 889
939 823
272 452
619 946
316 947
679 986
133 879
618 544
778 861
583 720
1069 246
992 608
517 300
372 131
612 931
722 544
972 864
414 326
623 657
410 548
531 398
142 280
1098 537
158 1058
360 1046
277 819
971 204
966 525
562 342
971 919
602 38
366 1000
937 409
929 323
115 846
643 728
284 314
773 400
556 263
448 134
853 45
405 288
483 393
319 559
751 38
1061 257
603 267
1152 1108
413 408
671 920
754 507
403 1163
970 341
646 499
182 833
625 218
1084 673
210 501
675 509
607 477
325 180
440 1158
727 586
39 105
292 351
294 104
975 118
297 431
327 678
988 611
990 1151
237 912
1014 972
703 1082
790 84
278 274
6 947
944 1021
1068 770
591 976
447 249
352 900
1157 909
1101 530
238 952
546 543
749 603
828 782
716 352
714 1043
138 943
670 937
190 47
595 914
764 1023
659 174
780 377
57 829
683 978
560 422
783 483
168 1156
251 906
576 574
356 956
743 928
333 274
62 1129
621 485
917 742
853 955
859 487
884 627
429 473
983 373
668 729
32 450
901 1046
113 610
843 339
809 838
930 755
469 960
253 438
463 1024
34 898
1119 563
75 191
821 1003
858 148
32 220
839 1172
1016 715
306 793
86 727
786 808
1132 506
524 471
1127 852
1147 1146
654 1126
885 269
199 949
234 457
655 730
1028 679
685 209
358 251
660 42
130 1037
281 206
355 928
1060 708
638 336
198 189
1129 494
913 447
495 827
515 869
564 114
609 1075
498 641
643 325
1088 1072
254 1065
936 475
620 1145
136 302
865 55
918 514
635 1164
295 298
816 824
1049 410
1083 716
197 859
618 453
249 441
332 767
299 736
329 904
229 17
298 367
601 415
232 916
793 1104
85 1125
572 883
1149 557
834 917
986 216
146 332
894 58
810 494
637 225
573 1080
312 564
636 68
68 481
390 759
1153 489
1083 827
319 528
1131 753
250 140
996 596
49 96
724 64
814 949
1158 908
20 968
1101 518
438 924
994 519
1094 870
84 1039
796 28
21 378
2 140
695 305
204 580
989 984
121 375
1009 213
690 581
932 954
699 591
348 558
741 623
114 747
961 421
186 466
220 195
92 969
857 921
1004 158
996 1154
43 65
446 1045
109 465
724 952
1161 579
954 1105
943 639
605 740
631 540
566 406
539 123
824 545
800 476
663 1042
245 895
200 684
773 613
1163 266
167 619
536 245
855 787
178 812
1022 307
1084 856
256 862
288 472
805 133
1047 561
449 285
699 13
769 919
1014 886
516 76
598 354
1061 161
1057 688
558 871
1102 929
471 761
570 63
559 452
293 411
812 208
208 692
880 704
162 22
532 1160
987 444
255 1031
50 742
622 908
878 640
616 891
283 785
480 236
677 624
784 830
720 541
583 1050
818 774
650 203
1157 899
94 1007
209 1155
457 193
1143 863
347 911
613 1018
55 1057
964 57
139 633
799 370
768 162
962 66
547 867
1154 1104
1165 337
124 668
361 293
795 135
1117 285
647 556
1090 1123
545 383
125 8
597 408
1021 1010
533 311
77 666
88 1034
349 746
893 399
21 336
102 1038
566 213
156 1091
345 72
146 1094
730 948
1093 104
344 243
1036 384
37 331
815 804
58 181
240 866
958 796
416 1141
713 691
890 157
1167 957
427 507
155 1036
930 19
1093 1034
997 412
650 232
135 205
248 173
265 770
627 1115
546 450
567 165
271 173
1150 123
97 535
117 870
468 617
148 313
860 176
909 181
822 910
439 226
373 839
430 1054
598 45
454 503
185 1025
488 327
529 932
311 979
1137 486
663 950
837 136
262 1008
998 78
1161 420
81 974
1169 261
294 1028
419 1148
621 216
1001 918
224 756
485 385
657 67
835 964
577 757
701 169
271 1167
809 1122
1050 424
615 794
341 748
1030 938
629 424
766 48
119 330
15 826
237 458
505 850
1138 733
80 469
127 819
1138 131
217 268
889 792
628 179
511 837
723 479
1078 631
916 1112
468 321
1059 815
993 847
671 926
428 1011
197 321
1166 442
222 735
403 432
184 672
310 682
490 1044
994 526
653 922
628 159
1091 533
855 791
356 418
936 279
250 62
841 931
76 1079
759 402
426 612
287 1073
850 451
16 1075
512 836
87 710
33 786
10 586
1141 440
1043 950
1133 286
1121 926
83 655
677 15
69 561
228 775
130 721
687 242
1140 71
661 553
275 466
258 35
393 305
122 535
99 522
196 205
960 523
718 374
443 915
54 361
550 805
629 587
169 64
215 634
565 92
983 184
80 1116
417 511
210 658
328 44
973 588
455 14
1032 888
842 525
475 78
214 107
8 34
1110 959
211 214
684 925
875 1056
1070 1108
1042 1035
1 515
382 610
680 523
692 344
905 942
137 441
772 536
1030 739
543 467
1078 1074
365 73
639 669
588 65
998 705
328 374
221 686
229 390
1110 258
297 479
549 340
132 1058
982 968
789 69
1011 59
712 597
1099 878
904 987
235 707
729 222
363 701
164 60
1052 892
11 392
641 317
897 67
345 876
404 755
134 391
1135 672
637 772
906 318
257 87
405 751
1169 74
927 1024
891 143
723 521
436 308
1119 646
227 953
266 887
40 1145
843 731
183 73
921 51
359 845
790 309
16 95
252 825
322 5
151 422
973 335
241 161
1159 520
242 988
1029 741
1079 914
71 849
187 1121
848 1089
656 861
1055 852
867 301
362 642
568 865
680 421
570 317
379 825
731 911
343 925
1005 733
211 53
28 24
112 49
606 956
569 37
233 313
376 86
526 571
958 941
678 896
234 941
154 314
212 23
548 951
43 478
811 387
510 430
762 215
244 303
710 563
832 91
1120 1044
764 282
218 1122
307 1151
1172 368
428 46
516 942
397 247
792 532
154 36
89 877
615 465
999 1040
1041 120
717 614
407 933
1072 1113
831 31
377 849
175 732
19 52
13 316
592 1002
191 292
834 1054
696 602
934 1137
649 562
225 599
578 170
488 1005
230 632
1124 880
1064 999
1113 388
90 107
662 9
41 763
661 895
1111 711
784 1019
91 2
126 632
801 644
702 300
690 500
765 122
923 550
389 384
774 857
207 997
626 235
1146 1062
816 434
826 370
1008 776
595 1031
860 982
51 703
797 289
611 381
1152 12
1139 22
241 576
269 392
538 676
513 351
802 259
940 132
1023 575
616 601
842 137
1123 985
491 995
967 199
795 1134
510 138
1142 6
263 957
348 395
1001 890
734 399
694 103
1027 978
665 840
965 518
42 524
349 531
1006 907
118 425
791 436
1067 343
277 835
748 667
474 476
874 121
459 1162
1045 689
493 719
957958788 118841108 21465753 817522044 339337863 393275187 679827746 943533956 502666408 658212919 58041701 184122224 549150541 483789766 663318281 539060092 40954505 598580785 576855430 698238602 783576828 524100557 429851219 521074444 312997940 728155441 596334869 743716721 273303411 543441857 422161217 424877545 317818347 486668422 54894762 519222343 616051224 138885159 156111794 284485673 384915534 311393148 327680548 666639322 546916007 817853936 94735302 842190875 245537064 380008638 607164360 49506535 137574574 474399459 584443030 891009088 685086398 711083697 541884776 258106667 129881629 711233033 181580294 97677836 283456970 89659203 384565447 691561970 887342178 301026656 915399841 285481113 428256659 929209804 931434545 641186848 207861325 896732145 139979099 796124616 688304056 432697651 676390844 765454483 543405066 856129999 281206551 312659972 886149914 241282381 471905589 567647957 833172133 933704487 359279286 805384136 721113209 277402812 834603469 71277075 179076224 156851196 309092064 267813262 809785024 396937648 421962011 442259053 168681256 135110862 542940370 352286335 823558862 336332589 870108284 910896647 871544596 352372262 821950259 460464768 894243297 920882168 721987580 413248076 506914524 798503130 274308920 669809873 507743685 740970744 945184550 31221337 221695806 616648796 279062678 432357579 618855275 653688701 162812137 937728238 855241016 702733922 698124141 787355085 751777757 578609621 352538840 588272817 194208384 541498876 870129097 912130279 94817750 416024177 219447105 606777975 991318157 423923336 775997643 907951413 520195623 534111568 214112030 192001757 738777502 345034964 796712884 664123528 916249555 274945162 150067191 439504480 671520665 575057877 10753753 67861854 219182091 108894737 909231541 839152665 829908530 642542222 498519865 744818785 341922293 404475584 69218751 610870370 420812075 723170862 592139347 837955694 278454459 538392040 254805052 333190588 591456929 792477059 631557906 968980332 167144166 913901724 424046468 504089212 786896423 902493828 110391953 195369860 736089131 778112567 444212086 136208916 70093089 866338577 467438742 667938066 457733559 784628099 343827460 521254445 50032936 500673538 197116922 221797338 469816784 53072628 364880410 110560495 928442484 84408917 981219951 731054912 684272323 381638042 9214526 943982090 881056106 379260789 469729786 690383757 140023236 428470149 6957701 545138058 904136045 331354528 965727430 482459214 567536590 979903687 879707289 292797171 432126325 551529107 859096776 614548610 456519156 896110658 293969473 598120132 343653478 921026995 641778179 700795479 442573453 851146554 707410342 678737699 819908093 299182991 212953805 888405208 489525034 72980993 546677909 269450852 282563248 42346085 872940975 901688199 235076222 735183708 402763246 241708545 246171786 729222523 278785603 741859371 551902334 569944688 207766977 963609270 601856071 73872297 207834525 9348585 656260496 23506899 863155724 352407868 937848547 599892776 179637684 635856930 234100240 530999306 88557376 176161491 456921124 865232719 969966296 715865720 297363622 783538379 234771708 332195403 348815093 38000736 925389608 426326304 551895910 373513829 24702599 294214983 157729941 402574840 879552654 98190741 110673742 917865229 87633133 910714108 975491977 288523898 669575086 645981398 595304803 187928658 42216946 448913942 756990222 670338848 936935477 750998397 259752771 116439890 204606021 521718381 923705035 886502581 385184525 768640618 122547845 789736298 502266132 441513330 849151250 394198080 808618248 592516602 771535551 24750781 427665090 494899094 30667968 534511620 874558473 941746404 600868319 558579243 436257137 858868349 70049475 556088894 57023496 557544693 455068485 319190362 912726568 191267386 215205975 565683619 246813709 883069966 608206900 330444803 885834054 975632360 402790180 981327959 941166785 912943490 829825730 753638484 549338701 764162554 248168468 145620254 62890460 745046201 369908867 120844294 527082110 386100805 270537972 651793010 690383797 141923343 559377511 57814187 794683661 436551235 539088715 1157038 329367314 422460570 962076959 254121162 292324608 441227147 172876933 835897341 196901747 965787293 929044176 427658222 445838988 265657270 365595898 690574287 704941370 798685632 986988570 537742116 152845782 1297041 830035153 844412103 246012650 649261684 30842586 124499386 318509349 103358542 642636024 783812318 138675738 909689407 184275052 880700805 985356737 20432463 866761607 546502634 135285195 191964639 329058354 169763055 15846838 234209480 24258119 37274672 873987994 628338594 320089740 972863800 211525519 350751586 213825602 812818943 731795157 426386337 959417944 452123750 237547627 715446640 189847356 97481443 376736631 523981601 826398076 80774248 603400591 656719763 951569523 665950055 205606138 522124445 355100183 926631027 257687069 71420007 992225214 488862850 37638450 816231269 439980118 316931175 776515765 900897612 72328542 58691320 837673920 666038039 61330949 612637343 518161961 339835191 2590011 353929977 749535999 858231520 377174756 777313643 826248585 869941133 580824532 494277031 445913561 242964723 836278748 808314732 236623858 345330507 201159286 380850126 570479530 431324833 308979521 22217349 881282751 179395471 21955067 716919448 749200033 377813370 494919464 81741176 130675105 907026150 632625486 182845506 774288442 187365116 340595430 361653531 51169472 376728736 910790233 706651595 483817716 345100885 870586266 481651404 595900707 972382649 510753164 905096073 15400675 238205714 31377163 405848081 325452320 597104405 524606477 967076891 675094597 834628338 694719256 261694696 42948418 281322565 963907027 147394296 536780651 627156162 53757647 279184782 274002556 474818258 400845446 733653039 354726750 801719206 917843972 247916824 114432723 427483411 518018519 451258878 973764803 165781315 282260696 946029774 40926437 785424346 608528494 723881644 459077623 227682548 228799865 611264681 620986497 983012084 630744877 160486789 948400005 989101101 797581351 373046675 387133048 70932407 873768543 649557567 778663517 432915734 702706740 215139722 624776369 513053921 587809360 541570867 330222881 437151828 581202748 726605423 367665339 124731517 915675464 386469832 755704316 360158358 108087242 915634028 575586806 517678488 180661000 967725709 910909985 324701014 608418255 701210216 800165878 778139628 815327751 690293442 229445574 474687764 150764651 351077818 857947395 760161084 511122345 32983081 553946859 407770063 371600011 210760865 792598530 191608097 911890253 922015309 697454166 274150482 354728944 294684492 632777543 854852213 639436820 907082937 682644897 921486406 936277821 727784760 760510982 274272315 199745098 855875055 330203686 887574014 899036056 950934181 619379493 253107428 372173426 825491180 397759564 28064662 57590174 926519895 763374467 255510371 689783273 528573500 37441426 119023239 628017553 830092451 516586816 323049951 46345841 871476631 295784576 355423361 291378196 934363900 708988544 116119717 838305549 537348047 103289559 905293242 238532440 236171580 87053670 787265568 257463851 570289443 871456428 666390397 945682578 997628208 274632756 565038596 559665294 524183663 908467662 759263317 202907306 289125364 776393523 920785339 689435791 507336190 482167766 910362092 27330119 13499018 492146603 721342865 86209721 925499260 863243507 670819099 446204520 146656684 151048279 421188397 127858414 726210032 867603417 174051847 794993923 163838935 265771056 459007183 159784198 695110167 139340159 618943922 411266745 112087478 567162134 562967207 295353732 253889940 616080116 946786995 163504288 858432845 266708528 558494337 167222919 933950044 197479971 380996649 167043123 681008094 679837915 558875211 752653492 869903614 285801761 943601815 8868711 17337651 526912536 587132681 745843683 445253263 564764132 546640362 877650825 681016394 80097858 594022025 700669153 17223207 128910567 87428852 807840599 128469013 876130211 586616547 554368896 258233519 178053799 324198349 148552021 454804496 438489663 115102196 723192877 382952000 215896171 11737107 148818247 485823171 606431905 223463842 2964057 503501719 279875674 654427033 636273129 366124805 60695833 865285094 586638549 590929632 476029919 415448034 104965969 745578129 511099582 574028399 211591089 257422317 916629382 687719254 600695844 907924116 862593008 294656791 140207321 409806362 28489064 583326125 395475850 694119018 206647417 694097530 20171695 833528082 271874102 85186975 696497858 81257767 977439458 936545363 841280432 886609836 154838965 251647432 205411410 444133534 703973694 303803467 717090090 613457725 422647622 811877247 9474257 932082444 507749808 968544438 984707024 15833769 109521733 516330134 235091332 7507723 89910133 900553368 142278828 190869945 324817069 548257472 543072665 192305452 232021342 451738293 415780533 929366921 45836982 923358632 102109822 97689178 844730262 222041137 501207972 226853184 830111088 291395399 469863907 683176660 34777871 378865892 106011530 883054081 253244483 791331240 357287573 792336409 925567613 235712111 658065424 518133325 844620306 663374398 341009643 530313341 373819665 771408352 535747467 246897580 633180989 93394243 640439390 532631357 585287439 624100911 377744502 576814537 210555014 456998583 648318389 941953917 708186688 333037437 632194119 757373383 548625665 716531468 859985801 847401001 667509547 547718568 633799737 946088319 875343642 782793748 358339486 581736323 866219828 290917091 769898824 299387741 759175635 652887365 483553319 639543968 53084400 367829653 602236073 732336102 721068154 712552440 235222672 598269262 735055713 410077175 461116180 851846698 497655970 26204454 627569929 413542665 775605993 190577447 178936557 582191093 831861349 396946039 562913320 65307929 283813834 528697741 525892437 672917267 264261750 328740415 529601121 402509241 277534269 207484578 492326668 558912452 385264527 593677294 546408204 657957131 533843993 882356657 745409341 15021167 469399869 142723779 190797659 686372155 496731492 364519071 891877059 52871832 716253540 365376654 286751053 643729595 161134974 795183267 788097791 254505476 324852388 373397359 617158093 639734777 862405600 530880775 939842175 213931098 772626997 854123908 708998862 901240716 620052995 696752474 743496439 931525795 262835400 892631017 133054398 519090017 116624749 156848286 158549105 353177293 615444218 343327203 638019577 730798837 882299409 450980384 685870062 18683808 21439856 153178335 373138066 507456061 955353729 129606988 647479154 959518823 912101439 903024548 979110317 312857037 521143636 295187772 221226502 563208779 439267685 268446608 986147779 302837581 979921136 291470097 147148992 635944521 537258032 314699266 746531249 961548420 146317453 933326253 771455020 143555923 550067834 904841786 684190288 529620951 237461320 796278980 88380622 660416864 378834858 459926846 509026292 676255116 90019561 754629661 433012495 328222826 635621974 798508477 404306913 93300967 338200616 446786643 423428320 532208927 416535504 578405237 923649148 924193945 550458445 14378718 439603317 767072629 956863440 666342213 89935925 704035510 306950612 474842180 184025489 48185055 585855389 430684768 707019256 908963112 47934701 110004745 773494607 264557935 669989879 70512101 569740099 78090109 895153739 48170905 528865357 542424433 396764434 658611717 786074609 321916741 449611327 923846580 726265401 246470089 124653980 866091033 164598614 382580429 95345923 240991412 679626479 423419165 907140009 955595257 646889130 594048886 728448597 650752305 1748354 933005848 609445392 158755046 149126627 301618033 215986522 16407256 308644918
14 61 35 18 30 3 27 46 2 4 5 15 14 21 45 41 15 41 49 21 9 38 21 46 9 55 34 30 48 16 20 3 22 24 24 4 7 41 58 55 1 19 61 0 25 53 45 45 32 1 13 43 36 0 51 3 63 33 58 25 49 8 31 60 4 36 0 3 63 4 4 60 2 51 2 9 59 35 31 15 41 26 51 45 16 17 12 16 52 46 60 17 37 51 7 11 0 38 29 58 12 49 43 11 40 30 5 54 56 8 21 22 4 36 59 57 4 57 43 44 44 60 25 6 41 41 29 26 35 61 30 6 5 29 7 4 6 59 1 12 13 11 45 45 39 63 11 42 27 10 22 29 40 33 39 25 14 22 23 44 58 25 49 58 24 59 17 35 46 31 37 60 15 29 62 48 46 6 42 30 48 26 41 35 27 27 31 12 37 9 63 36 37 55 40 53 11 6 37 2 8 16 47 4 48 47 16 24 40 52 1 17 35 0 5 8 40 2 62 59 12 20 23 15 9 16 29 14 22 61 50 18 48 5 17 18 56 19 53 35 53 20 31 29 18 57 46 43 6 5 13 36 27 14 20 40 49 63 21 51 11 34 52 43 26 44 57 15 15 63 19 2 56 21 38 52 26 61 61 61 54 41 25 36 52 32 6 42 34 26 57 55 24 63 12 39 3 61 9 57 2 47 52 27 0 15 28 46 58 45 47 62 23 24 48 16 12 14 18 40 22 29 60 49 17 48 6 4 54 5 58 23 37 51 5 28 8 10 10 39 2 4 5 9 5 24 6 55 7 4 25 51 31 39 48 24 8 22 24 53 63 6 6 39 25 3 44 22 7 47 17 30 30 28 4 40 3 56 36 4 9 50 41 25 3 3 5 27 26 4 35 51 1 34 32 36 4 37 28 10 43 56 50 52 61 52 42 12 9 14 48 31 22 7 6 36 31 58 40 4 31 27 53 23 34 62 33 10 31 35 22 24 3 14 9 16 55 14 22 1 26 3 3 32 23 44 57 48 7 5 24 26 27 18 33 20 39 16 15 59 37 39 41 57 32 25 28 63 33 18 46 9 23 57 62 61 52 18 58 56 60 45 11 45 55 55 54 0 56 39 33 52 43 51 63 30 31 56 40 50 8 53 3 38 2 16 28 36 4 24 42 24 4 26 38 35 63 6 6 16 6 2 50 53 21 8 15 15 53 54 13 12 9 62 23 10 44 21 16 43 57 31 53 59 34 47 17 32 13 13 45 63 18 15 39 57 29 54 57 25 12 19 30 29 12 23 35 56 16 63 57 28 49 34 58 41 19 31 15 50 56 49 34 34 13 5 60 16 6 63 33 59 10 36 7 56 34 2 3 30 36 0 39 33 16 21 22 2 39 18 47 51 11 23 30 39 48 19 51 49 26 22 1 2 63 16 51 7 33 46 19 56 15 35 36 43 22 16 45 27 17 55 59 19 17 26 17 31 13 60 43 21 37 32 10 6 31 18 33 41 7 38 59 26 36 1 43 48 0 0 46 39 53 34 32 24 0 0 30 17 57 13 12 49 17 35 44 56 55 51 60 28 31 40 8 3 20 45 41 63 46 20 4 5 34 7 33 43 33 9 12 62 39 53 22 18 7 62 36 35 38 36 26 61 24 2 54 43 33 59 27 38 27 52 63 2 20 5 30 45 31 18 44 19 55 22 54 2 1 47 60 20 50 26 30 7 17 46 52 26 55 46 2 5 6 63 38 28 51 60 5 33 18 11 54 61 22 46 36 33 40 28 15 54 32 11 50 20 45 22 38 22 3 26 6 31 32 12 23 61 31 29 18 32 16 25 38 9 50 18 59 20 2 16 62 35 53 40 21 12 20 40 29 52 1 53 29 19 21 41 42 34 32 7 34 46 38 56 47 43 17 51 14 41 40 38 51 3 52 36 45 27 24 3 44 3 40 49 42 27 2 26 24 43 35 24 11 62 47 8 29 57 36 49 50 40 4 23 31 32 20 10 53 28 38 40 23 57 54 46 58 46 52 42 35 46 49 14 22 42 32 2 38 55 29 19 37 34 36 50 8 7 18 52 9 38 14 32 25 59 59 33 54 44 62 28 0 49 9 41 18 42 36 28 55 39 26 23 52 49 21 28 43 9 13 15 62 60 18 31 53 16 30 60 47 54 5 28 40 55 31 27 6 1 22 63 54 0 16 38 55 45 18 43 6 28 17 16 33 24 7 38 31 45 10 40 56 34 34 0 0 27 36 12 38 17 56 0 63 51 48 46 48 25 4 62 23 63 30 30 36 15 38 63 41 39 48 52 7 27 45 5 33 27 19 6 26 36 9 8 42 23 34 32 43 54 34 15 22 49 1 13 60 46 35 45 44 27 57 32 52 46 24 52 54 51 28 61 32 21 57 62 57 9 45 40 55 44 51 43 45 36 39 58 26 20 55 27 46 0 21 21 53 3 26 37 14 2 58 11 16 14 18 39 13 51 10 63 40 37 9 9 0 22 31 29 38 34 54 10 44 33 60 29 63 60 46 5 9 55 13 34 15 59 4 28 57 19 62 53 58 54 53 7 54 1 62 14 6 53 37 31 11 62 5 22 6 33 34 1 17 34 25 26 47 1 31 20 15 8 62 36 21 23 48 63 31 37 53 31 12 22 27
18