200
127 21
42 120
113 22
98 180
154 111
155 101
129 140
61 143
199 181
164 104
118 188
166 15
77 178
121 91
86 30
70 67
125 99
177 3
6 129
46 78
103 137
167 79
185 176
107 76
146 170
131 11
131 134
146 143
87 73
135 152
103 26
37 83
29 14
60 130
182 40
123 195
53 27
102 91
31 186
64 82
72 56
148 5
81 19
136 5
53 186
157 139
166 31
10 178
145 200
73 117
146 28
178 160
2 171
124 67
7 28
45 106
47 66
120 148
1 9
62 59
130 42
111 54
189 30
58 36
199 35
12 63
40 159
114 197
158 49
144 77
193 149
101 16
163 95
142 12
194 173
156 44
45 96
183 174
118 128
52 10
127 66
19 157
12 182
179 32
73 34
130 16
18 133
59 61
75 153
93 142
65 101
76 43
55 164
51 60
158 171
39 94
72 132
29 106
87 20
119 95
132 105
159 69
93 50
164 145
187 138
70 165
36 122
32 110
91 183
92 114
51 1
181 80
168 190
131 128
126 114
169 78
117 85
44 192
38 50
110 41
47 57
75 97
34 191
37 24
109 198
63 96
123 88
149 46
143 48
103 127
88 108
200 13
155 172
25 7
45 35
21 16
176 97
19 156
22 5
71 196
192 148
76 113
64 20
72 136
112 173
182 119
138 6
136 23
51 112
121 122
17 107
100 62
169 162
74 200
35 4
68 161
190 129
60 187
193 33
94 22
98 56
3 145
186 147
117 125
92 89
104 175
153 150
125 68
183 141
159 92
179 196
34 192
37 69
154 79
111 41
27 135
84 126
27 32
141 116
109 184
61 52
41 121
90 156
85 8
140 70
115 46
151 57
74 75
30 79
40 120
110 138
149 113
21 52
66 74
18 122
123 119
171 47
109 112
128 44
851640496 592002257 734732804 474163535 547590705 906241007 742192022 54881362 181020715 988051359 53173750 410930622 637153339 16132658 446663369 399436612 921134418 442769950 128499884 281002611 113424722 537489870 788339233 532991601 112561776 207918442 793075816 712607271 988867390 402967262 182871211 798703022 801903169 779532661 489777081 68231892 361265220 325309959 504004712 885184103 594391500 333780258 61604667 506024574 184746626 326125882 212426805 463631268 492724248 363795599 126298975 76804164 710746089 291803773 484563784 310287800 865553895 463350611 12286313 810238479 796971421 781184801 980614878 263083499 89948555 43512645 100963866 539633466 680610496 843943756 95081929 689994467 603481745 251326020 304869094 519315889 909943140 891787124 402091007 548753443 195042300 380398743 673335424 390408977 141270859 438657348 793457773 563553717 330590397 691745230 263815007 588008813 888648728 26485621 164531613 902448643 857167721 825317114 889667889 611788444 617532656 605617133 980824271 337054017 139332866 976590686 339665771 251510384 473901558 947277435 400638308 959285455 343407043 92201363 844376159 838981761 593469073 757981954 668081898 665700763 172662999 504409189 134937464 380535325 796833117 400730087 365993620 660802982 226368824 707663990 680454181 599249519 490483736 168114386 22467568 271779923 164965119 842084557 863794405 220437478 987800926 937646695 288344345 255148791 66377231 791992949 275610467 517582861 970338316 587140996 706762493 699880225 133102182 319648249 998978825 702551792 53615404 77962013 588021829 674019105 742286847 957771569 462955733 257484940 222788739 890695841 284374028 723513078 94291610 381343185 884960829 72132321 282197728 517858893 546885992 400910212 699829140 345004981 182571175 171928599 400844964 171620823 256510290 237873483 448849643 344107668 611683210 610880032 974740540 62264486 59890308 60642117 502026199 216713881 463540030 170446767 606844102 782221789 949334435 702844267
11 55 23 49 39 40 22 36 62 0 36 45 5 23 6 5 62 59 45 40 5 46 28 53 31 41 0 44 34 28 9 47 10 1 47 13 52 11 39 8 15 21 43 12 50 11 22 43 10 3 45 59 14 17 43 44 2 47 27 46 12 13 1 28 34 33 29 36 10 37 43 37 2 46 25 17 29 55 49 33 5 43 44 23 38 61 15 42 3 35 19 40 31 11 31 7 41 45 13 45 9 26 7 20 53 15 24 21 34 54 37 14 39 48 33 15 55 41 34 6 11 57 40 47 45 35 54 42 33 5 0 47 22 32 45 29 18 26 21 52 45 56 21 0 3 63 26 2 55 42 20 30 62 17 16 46 53 25 4 19 39 35 25 61 3 55 41 19 3 0 16 45 61 36 37 16 63 52 4 32 39 61 50 26 61 2 26 40 0 46 40 5 55 16 48 44 1 46 14 47
49