974673139
858349499
635568056
558686204
906080275
961882843
403556646
219448442
669816296
626368026
61722565
883997470
556073816
844805076
141381580
239368628
10868996
28449338
341961834
563694180
463931207
393209410
448548132
120721501
529626715
826755281
457214515
685491614
889672900
467946029
469460541
126148545
996882890
256157246
721501687
262822573
458686026
752627649
780749630
718549473
70429344
760734447
565421511
228549293
480575194
400086421
401488943
666819649
144454176
165696752
888197301
989848900
175768244
310029289
845915514
46181178
443236821
586745679
958218258
41961351
423838094
345708913
187127800
919922323
293655218
140161626
710082103
466525866
617832639
293583177
226995433
727826033
261450858
946767894
4182180
341282108
751383764
523018217
184692945
663611271
47149848
912265718
728149693
229882313
497368870
722018853
730231425
974169898
352720610
567802789
776687894
298279778
423379238
860881723
153188145
289378552
26009572
527821230
617888498
188042309
281085210
98741171
176574802
631465853
6090945
888981803
71344837
639264473
314496345
122454313
211083163
724638933
499799158
491709657
722153852
687565120
961103884
216659302
515401152
806381725
12625818
483712987
233733255
126755530
486153124
657545704
98979085
882513868
588654024
332913978
369454596
332238600
666071438
267424877
798668388
313667395
280884506
315458003
305046603
773097226
534730377
235283984
184944065
111819189
796120451
403351004
123703966
732672688
537026337
51270242
996734130
439366970
470216131
661577630
6085165
900158723
980076574
715082174
820220391
412632584
392154378
698034957
141498015
130685845
454034560
924575662
652759450
25640682
69182122
884466451
512469542
638148820
929359531
575959498
176555022
168895534
562663033
386458610
655019437
15085842
250719571
235170426
833941899
848220738
249581018
325086930
985159450
635589820
417571910
25620775
743113466
955812311
963112227
525015449
341467350
474176245
112193554
495964715
351149657
344729004
370782957
278092601
688269831
394865728
263538008
479147945
760272
125959979
926365432
225663774
739702916
859819270
662867884
401770907
157520889
963525571
251102322
953774628
765630602
150238860
856343610
131271565
654619806
101132138
178163689
201626213
108356174
343632946
91558742
194215889
693361683
756521446
151231729
642055811
972673041
934786685
459419707
13520015
255764499
782315472
719873623
901471373
179051713
793167636
712239796
273911686
555569179
930890906
751686749
499971927
5556318
859565984
502433711
891201206
220855140
321715069
353802673
108845205
658761322
548241377
770008890
75518856
859251910
617834030
30423438
217884721
569937749
514765111
295120015
47411585
297830205
232531747
85767766
62310012
738133723
740970031
684136560
765900461
29142832
444001433
499621208
591595279
832024819
548789463
786809444
682448663
394367992
104818807
877103285
713027892
5202528
695136838
273673217
425965389
530062860
958860189
636992174
711980370
312110726
183940990
929470351
164640762
692643164
63076238
102857162
367289479
905425730
556604238
753759554
716982309
4779719
66407634
640436627
122095042
454717727
227617447
376782787
807487305
361974800
287548861
812078062
237643832
824379280
280996938
308230960
882792484
201753122
713791069
504657775
321008654
176906199
645229372
70332409
803691641
967682329
441429756
957273374
170607166
20763246
121802018
314463528
814298197
839277438
151182360
344814603
667077568
647470297
166511055
293452034
815849407
664777480
568364615
834957606
684453830
742428093
960468192
673291161
794805248
204472742
684335253
287114028
228813039
360819409
865138576
856463647
357087179
512270394
732401838
530504805
651698662
939810164
300791588
819931208
759547819
248048342
212151596
760752088
299772560
189523834
919225227
27628386
759238973
995103607
568151869
741799806
309697579
550531355
627112779
489461286
752279645
13093571
659219677
201090313
913020058
350635212
657449067
132459194
636205060
634209511
468745228
746602471
306280947
306054562
601420325
234001636
870176983
253318571
759072034
297330870
660626208
877849749
492563998
380133500
312014707
162212156
879099015
247600926
950171188
856680802
163617412
466272400
542660522
99958712
157828286
687576402
119436696
87144510
385193490
262148602
592817580
537998003
210601504
187162192
424502950
955091704
195407605
578110807
392205740
823376022
793549455
371167626
732090908
162428372
157593147
767347663
538252019
484867292
435243313
288645212
491342323
254991994
555644331
899299884
161190653
834301679
557630768
411636712
680556392
426408564
58509223
568932337
463774763
608231267
34380605
333224818
873316260
872977321
368440109
225586255
930320621
799205900
352016404
346310538
437197880
684138958
943544062
729730551
684304572
185932781
579525012
324652737
155547255
88180843
520247489
562843074
646521031
781392562
818405851
419395700
430767186
521438971
77498105
314299994
157674748
690789877
156060960
75122447
770750079
981795278
209042078
241925837
738019990
8798257
270592240
254030289
537683642
717393547
24586258
566638456
624070262
913540053
729988418
727493169
798586738
159745950
853026443
584532881
224813409
655863659
880530081
731308180
368239184
347638092
654428215
870147858
599636840
433665427
919025357
215048566
897927105
823659742
232988700
121002986
413718200
256210759
39046900
869694542
304668950
724072577
51714881
975689780
815760531
744345226
953723613
704536314
497885458
164222803
455345566
944272758
279359768
120754880
493754177
634576939
208552950
318220610
451479032
150400685
35609794
482720972
297076765
218004483
818501194
236639403
544111906
917417011
547087137
226361386
35428826
189584302
537573413
913065128
675532702
318098734
567541539
182435389
808543490
382041128
852786933
696820477
687929736
295126872
37055305
903248620
921966565
453567497
745584242
966080145
252881480
91573653
561032783
402504059
258642619
23645952
616810318
963425761
609046740
444028037
544517649
994752226
164380669
621623674
770195666
531383163
22094910
29255410
897892772
93596543
341279936
708901742
754229996
22334229
697792280
543654190
446206737
904334074
867277610
90562737
551233111
527463535
608000687
750502875
135856077
568065565
466493986
171742181
746359311
777985783
30454440
87831518
86059505
110413888
577709264
6883700
490998543
765570015
414236483
994222930
683634035
659939609
264796716
541661074
777631780
211175320
506899864
489811011
732512211
963247431
854481424
234378361
147666933
851718321
505575336
396844534
976428640
368948737
122755118
966120971
737305260
398639218
218999285
97576382
15850201
386583546
349384313
753029993
868484345
479158851
983889274
559005008
951212548
749575686
568355567
360881573
843556015
649190966
581542841
956256647
892476619
921175873
773490952
524817972
358414492
947595230
105286396
209459871
539904939
292491128
457513255
747584814
987793322
256603472
135682716
6119676
714071905
108736000
921428341
896373709
477517279
712737580
53420226
8784152
551471081
462351489
639020783
24001229
334045060
99316471
689977041
514466073
700684485
92785124
318055628
605458407
706661771
522403301
638510855
182232565
500740411
500367611
212382620
5627070
575274121
801898033
880293236
249379332
968798558
744390045
783187355
314118300
911123256
571404778
598683724
222605906
712981092
802729158
888450297
800604809
310419298
522091744
663040271
753728555
171022420
719931496
400537170
854803384
674052525
24034670
552152751
365560775
69164298
634645439
488457010
170927545
492236015
413468747
730750535
225378066
494197359
829984303
934463499
972754341
609965330
256338664
875020862
93510452
975971159
550228806
766543406
467173133
575953408
852910974
312884247
461435081
957915695
104797271
523199000
434005953
803783271
612107719
541305342
543938282
674427448
81180269
379427510
921601080
803198089
482938249
800883191
871808803
208239899
650640445
785445767
241944859
152537895
884706588
280724624
265347572
36336676
959192087
848319693
319539034
5986299
18827406
345469854
585789000
129379191
369810784
782199181
921840459
854508675
150131344
245515897
940919666
84256407
358441898
626703105
934342832
497240202
816261836
957477775
270406061
509362253
239808164
979500286
473819247
294497708
404166740
91437446
994197898
418575688
442408405
365104796
488390057
590704805
772189228
971694416
574852914
984475983
249142894
916451282
784467104
777848307
678500695
208654400
659234260
358122339
959236981
702474925
803852898
114551335
77673267
263901601
941140150
723177085
31508614
928617169
374569474
547721240
332291008
327273851
598458717
218730194
613338308
898740285
274656316
810068132
859579933
691824227
774389613
293169373
762327701
107537013
868537140
334128633
349557448
478801097
387954115
937190816
118182821
895150845
659708246
302329410
769101100
75316697
12530041
902180706
763732908
422914988
115842555
563233839
2483051
409737611
627741722
651861009
918300926
253672246
119104883
440987168
468132120
762762897
992151768
498759088
425192734
960305789
243943696
351351086
315331595
231929324
768206314
455392013
897269791
277168893
416679793
418385710
203754518
781948488
400025898
763267772
905158589
267704219
56692341
905283878
531103239
127620216
177746055
588630898
289506432
113577627
822860512
758394002
304345223
807619693
874320072
12306286
311437542
932956327
635727756
159144545
773707612
421632100
474670945
27247591
111316083
309131310
532054540
312779584
842036857
294110727
834215343
278234666
375455041
979715071
52781225
521023772
827163355
777807247
743443418
189986424
740455922
349503159
381022941
252569113
807310476
15567582
633142434
444603955
179736323
620875624
932306476
128030217
972098451
935980844
11656499
858842570
916333179
273175608
412018740
117475415
413781952
876973045
633238041
66869367
570431025
756202134
651885468
881070268
527297992
134095641
819319236
418739078
619761238
658422873
266449336
857723027
917197061
796168910
300974820
584390256
886340745
506088771
5795968
814539661
134224983
695523088
522933778
536950248
500602690
21801954
589197099
622075944
955181441
47215671
795510765
447406868
545681617
207578262
369047376
807918132
550370878
767710197
912186549
140837082
355931686
472111202
46682202
149569429
246016464
176771983
746529935
472994471
976970620
320040281
660820718
167337734
842272512
583885360
949443879
283683133
371533177
609546923
204659811
22171944
126331931
897971043
832909383
624750753
362166734
433432851
642784024
336733590
701459102
637422705
516987328
20247509
660841073
903476888
875213704
642957612
738319471
818384874
693553477
305887802
610647489
834417279
361753257
637782234
546427501
914233207
276279021
94288417
679659781
743741240
236175800
375159853
710368499
419133421
405951367
554556297
694006340
729494463
189154476
710449398
20212877
115998178
462163715
751009460
748269266
444923094
4127653
164842232
894106060
297215188
156504293
862921918
663824183
95239256
390953770
481138749
558416647
74868549
404308190
789774974
968173448
680434311
593706204
264136095
44699707
197981905
233556696
645994230
604976730
386401341
750919686
191200153
262124986
899458798
657096089
967420667
553710368
670564585
137301173
471972133
231418561
369642014
651285707
584576717
755073660
866877375
744203050
377316972
472381852
310659277
528647375
217876895
926417147
4667287
718681567
642180401
751543159
0
