1136
1 2
1 683
1 684
1 685
1 686
1 687
1 688
1 689
1 690
1 691
1 692
1 693
1 694
1 695
1 696
1 697
1 698
1 699
1 700
1 701
1 702
1 703
1 704
1 705
1 706
1 707
1 708
1 709
1 710
1 711
1 712
1 713
1 714
1 715
1 716
1 717
1 718
1 719
1 720
1 721
1 722
1 723
1 724
1 725
1 726
1 727
1 728
1 729
1 730
1 731
1 732
1 733
1 734
1 735
1 736
1 737
1 738
1 739
1 740
1 741
1 742
1 743
1 744
1 745
1 746
1 747
1 748
1 749
1 750
1 751
1 752
1 753
1 754
1 755
1 756
1 757
1 758
1 759
1 760
1 761
1 762
1 763
1 764
1 765
1 766
1 767
1 768
1 769
1 770
1 771
1 772
1 773
1 774
1 775
1 776
1 777
1 778
1 779
1 780
1 781
1 782
1 783
1 784
1 785
1 786
1 787
1 788
1 789
1 790
1 791
1 792
1 793
1 794
1 795
1 796
1 797
1 798
1 799
1 800
1 801
1 802
1 803
1 804
1 805
1 806
1 807
1 808
1 809
1 810
1 811
1 812
1 813
1 814
1 815
1 816
1 817
1 818
1 819
1 820
1 821
1 822
1 823
1 824
1 825
1 826
1 827
1 828
1 829
1 830
1 831
1 832
1 833
1 834
1 835
1 836
1 837
1 838
1 839
1 840
1 841
1 842
1 843
1 844
1 845
1 846
1 847
1 848
1 849
1 850
1 851
1 852
1 853
1 854
1 855
1 856
1 857
1 858
1 859
1 860
1 861
1 862
1 863
1 864
1 865
1 866
1 867
1 868
1 869
1 870
1 871
1 872
1 873
1 874
1 875
1 876
1 877
1 878
1 879
1 880
1 881
1 882
1 883
1 884
1 885
1 886
1 887
1 888
1 889
1 890
1 891
1 892
1 893
1 894
1 895
1 896
1 897
1 898
1 899
1 900
1 901
1 902
1 903
1 904
1 905
1 906
1 907
1 908
1 909
2 3
3 4
4 5
5 6
5 996
6 7
7 8
8 9
9 10
9 982
10 11
11 12
12 13
13 14
13 1043
14 15
15 16
16 17
17 18
17 970
18 19
19 20
20 21
21 22
22 23
22 946
23 24
24 25
25 26
25 1062
26 27
26 1014
27 28
28 29
29 30
30 31
31 32
31 1127
32 33
33 34
33 1045
34 35
35 36
36 37
37 38
38 39
39 40
40 41
41 42
42 43
43 44
43 1125
44 45
44 1128
45 46
46 47
46 918
47 48
48 49
48 962
49 50
50 51
50 1136
51 52
52 53
52 1015
53 54
54 55
55 56
56 57
57 58
58 59
58 1114
59 60
60 61
61 62
62 63
63 64
64 65
65 66
65 979
66 67
66 1032
67 68
67 1058
68 69
69 70
70 71
71 72
72 73
73 74
74 75
75 76
75 1023
76 77
76 1008
77 78
77 1072
78 79
79 80
80 81
80 939
81 82
82 83
83 84
84 85
84 977
85 86
86 87
87 88
88 89
89 90
90 91
90 934
91 92
91 988
92 93
93 94
94 95
95 96
96 97
97 98
98 99
99 100
100 101
101 102
101 971
102 103
103 104
104 105
105 106
105 1010
106 107
107 108
108 109
109 110
110 111
111 112
112 113
113 114
114 115
115 116
116 117
117 118
118 119
119 120
119 973
120 121
121 122
122 123
123 124
124 125
125 126
126 127
127 128
128 129
129 130
129 1090
130 131
130 945
131 132
132 133
133 134
134 135
135 136
136 137
137 138
137 1087
138 139
139 140
139 949
140 141
140 937
141 142
142 143
143 144
144 145
145 146
146 147
147 148
148 149
149 150
150 151
150 1025
151 152
152 153
153 154
154 155
154 1132
155 156
156 157
157 158
158 159
158 1119
159 160
160 161
160 1009
161 162
162 163
162 994
163 164
164 165
165 166
166 167
166 1041
167 168
168 169
169 170
170 171
171 172
172 173
173 174
174 175
175 176
176 177
176 957
176 1005
177 178
178 179
179 180
180 181
181 182
182 183
183 184
184 185
185 186
186 187
187 188
188 189
189 190
189 1098
190 191
191 192
192 193
193 194
194 195
194 1003
195 196
196 197
197 198
198 199
199 200
200 201
201 202
202 203
203 204
204 205
205 206
206 207
207 208
208 209
209 210
210 211
211 212
212 213
213 214
213 1071
214 215
215 216
216 217
217 218
218 219
219 220
220 221
221 222
221 1116
222 223
222 1083
223 224
223 1007
224 225
225 226
226 227
227 228
228 229
229 230
230 231
230 926
231 232
232 233
233 234
234 235
235 236
236 237
237 238
238 239
238 913
239 240
240 241
241 242
242 243
242 967
243 244
244 245
245 246
246 247
247 248
248 249
249 250
250 251
251 252
252 253
253 254
254 255
254 1091
255 256
256 257
257 258
258 259
258 963
259 260
259 1110
260 261
261 262
262 263
262 933
263 264
264 265
265 266
266 267
267 268
268 269
269 270
270 271
271 272
272 273
273 274
274 275
274 969
275 276
276 277
277 278
278 279
279 280
279 932
280 281
280 987
281 282
282 283
283 284
284 285
284 1093
285 286
286 287
287 288
288 289
289 290
290 291
291 292
292 293
293 294
294 295
295 296
296 297
296 1000
297 298
297 958
298 299
299 300
300 301
300 1035
301 302
302 303
303 304
304 305
305 306
306 307
307 308
308 309
309 310
309 947
310 311
310 1115
311 312
312 313
313 314
314 315
315 316
316 317
317 318
317 1040
318 319
319 320
320 321
321 322
322 323
323 324
324 325
325 326
326 327
327 328
328 329
329 330
329 1060
330 331
331 332
332 333
333 334
333 959
334 335
335 336
336 337
337 338
338 339
339 340
340 341
341 342
342 343
342 912
343 344
343 1068
344 345
345 346
346 347
347 348
348 349
349 350
350 351
351 352
351 952
352 353
353 354
354 355
354 1078
355 356
356 357
356 1033
357 358
357 1080
358 359
359 360
360 361
361 362
362 363
363 364
364 365
365 366
366 367
367 368
368 369
368 911
369 370
370 371
370 941
371 372
372 373
373 374
374 375
375 376
375 1124
376 377
377 378
377 985
377 1095
378 379
378 955
378 1123
379 380
380 381
381 382
382 383
383 384
384 385
385 386
386 387
387 388
387 922
388 389
388 930
389 390
390 391
391 392
391 1109
392 393
392 951
392 1054
393 394
394 395
394 964
394 986
395 396
396 397
397 398
397 997
397 1067
397 1084
398 399
398 916
399 400
400 401
401 402
401 1017
402 403
403 404
404 405
405 406
406 407
407 408
408 409
409 410
410 411
411 412
411 980
412 413
413 414
413 1031
414 415
415 416
416 417
417 418
418 419
418 976
419 420
420 421
421 422
422 423
423 424
424 425
425 426
426 427
427 428
428 429
428 924
428 1103
429 430
429 1001
430 431
431 432
432 433
433 434
434 435
434 1024
435 436
435 993
436 437
436 935
437 438
438 439
438 1065
439 440
440 441
440 923
440 989
441 442
441 1044
442 443
443 444
444 445
445 446
446 447
447 448
448 449
449 450
449 1038
450 451
451 452
451 1073
452 453
453 454
454 455
455 456
456 457
457 458
458 459
459 460
460 461
461 462
461 1052
462 463
463 464
464 465
465 466
466 467
466 927
467 468
468 469
469 470
470 471
471 472
472 473
473 474
474 475
475 476
476 477
477 478
477 940
478 479
479 480
480 481
481 482
482 483
483 484
484 485
485 486
486 487
487 488
488 489
489 490
490 491
491 492
492 493
493 494
494 495
495 496
496 497
496 998
497 498
497 974
498 499
499 500
500 501
501 502
502 503
503 504
504 505
505 506
506 507
507 508
507 1004
508 509
508 1026
509 510
510 511
511 512
512 513
513 514
514 515
515 516
516 517
517 518
518 519
518 1020
519 520
520 521
521 522
521 981
522 523
523 524
524 525
525 526
525 942
526 527
527 528
527 995
528 529
528 1046
529 530
530 531
530 920
531 532
532 533
533 534
533 1100
534 535
535 536
536 537
536 1079
537 538
538 539
539 540
540 541
541 542
541 1002
542 543
543 544
544 545
544 960
545 546
545 954
546 547
547 548
548 549
549 550
550 551
551 552
552 553
553 554
554 555
555 556
556 557
557 558
557 1099
558 559
559 560
560 561
560 983
561 562
562 563
563 564
564 565
564 1028
564 1111
565 566
566 567
567 568
567 1135
568 569
569 570
570 571
571 572
571 1048
572 573
572 1016
572 1037
573 574
574 575
575 576
576 577
577 578
578 579
578 966
578 1094
579 580
580 581
581 582
582 583
583 584
584 585
584 1134
585 586
586 587
586 944
587 588
588 589
588 1064
589 590
590 591
590 953
591 592
592 593
593 594
594 595
595 596
596 597
597 598
598 599
599 600
600 601
601 602
601 928
602 603
603 604
604 605
605 606
606 607
607 608
608 609
608 1121
609 610
610 611
611 612
612 613
613 614
614 615
614 948
615 616
616 617
617 618
617 1118
618 619
619 620
620 621
621 622
622 623
623 624
624 625
625 626
626 627
626 990
627 628
628 629
629 630
629 1027
630 631
631 632
632 633
633 634
633 1122
634 635
634 972
635 636
636 637
637 638
638 639
639 640
640 641
641 642
642 643
643 644
643 1104
644 645
645 646
646 647
647 648
648 649
649 650
649 968
650 651
651 652
652 653
653 654
654 655
655 656
656 657
657 658
658 659
659 660
660 661
660 1086
661 662
662 663
663 664
664 665
665 666
666 667
667 668
668 669
669 670
669 1039
670 671
670 943
671 672
672 673
673 674
674 675
675 676
676 677
677 678
678 679
679 680
680 681
681 682
683 1018
694 938
697 965
708 917
709 1019
711 961
722 1059
723 1006
724 931
726 914
728 925
728 1055
732 1130
734 910
734 1081
735 1051
744 1034
748 1030
748 1042
761 1102
762 1129
766 1053
768 1047
772 1029
774 1036
775 1112
782 1050
794 999
799 1076
805 1101
808 921
814 919
816 929
819 975
820 1056
823 1106
829 1013
830 1089
837 1097
837 1113
840 950
850 978
854 1085
858 1021
858 1070
860 936
860 1049
863 1074
866 956
872 984
884 1057
885 1012
894 1117
905 915
907 1108
928 1066
929 1061
937 1120
939 992
967 991
989 1105
991 1022
993 1126
1003 1011
1017 1082
1029 1075
1040 1063
1040 1069
1040 1107
1051 1092
1056 1077
1056 1133
1065 1096
1070 1131
1083 1088
102277008 377240504 701617537 902763027 287657952 174752989 595463861 203124498 389552355 298846536 975565945 758031531 380122063 503654859 511609188 430619099 471453275 891884810 374934172 889799172 428627162 762648919 487321850 608082882 251806039 528417054 764989472 565675887 816074660 172154316 427100450 39044873 772690341 763869788 490036994 91294510 250797424 352582684 643780874 759841507 631258367 720579789 312875964 978763713 269352389 518966586 864647940 906575428 621586359 738980910 181561753 533520752 562143045 640379222 173746233 989339719 814841526 724896163 744359187 43840096 882025575 218810941 868144388 755568505 281915469 32969912 860296475 310547365 731293541 200308651 103978067 443021328 136556465 744236695 355082212 373307591 51902518 643383518 89770847 436622061 292009543 929892312 433483341 634211213 990908329 414472781 221820560 92191762 563438531 876592156 177692024 311595723 616152194 234982203 910063346 598082351 553682037 41669834 551489123 82304333 784742949 662366499 250473586 9864859 857969167 449985151 909390050 302547831 405756570 5054938 698713488 741673306 438970096 745510775 597039935 27321218 982639756 613832908 834839032 401030972 28548278 314768304 66630246 466080052 780374570 932485394 595268573 340574757 178192241 575064182 410765577 500263964 320036388 335382696 195521861 506962956 459547249 704564176 794913418 136582965 803582867 903345580 168817873 165939702 523523223 165144066 190502931 504100402 730572164 738894857 426801387 27098260 733380174 332714694 652461449 313981653 265712565 262923754 183910252 22711460 540164642 58316852 573033965 489667556 803144024 63267505 575244267 190256364 486387610 940256757 596442601 730084788 818190592 955105832 963368953 646225439 216140044 301041924 532891533 48683263 834898847 442920477 61140794 514757539 344237609 912406583 383739945 929551373 713183065 426470994 566044203 141001169 418962952 848834816 295116515 123275522 483332962 472572776 175880829 616405334 876967255 301397875 260982174 683947748 524075242 784139275 912613396 562866720 534106806 74262670 589021991 289775979 278347732 935248240 316533574 862459770 124607166 608586272 855706510 457443188 700922982 707332042 863042643 462490849 812272554 599443887 26250563 374227001 723286415 535741754 948602452 796846538 440070356 770140852 608039670 184351934 681065189 348961377 641931402 148328112 674281074 333112847 678470862 316187238 831665845 810052983 336590626 988654298 394576642 687485434 596384181 379394461 319614244 263872591 956131371 429948970 700863169 760772201 88126207 284495271 981166241 877200524 738169780 736490226 975820373 147243310 252164736 944402725 706909741 50944999 844349035 690257578 346895673 972576609 954457799 212454579 196978542 249192352 153616715 823155561 803917398 495630870 601804794 394464618 861191727 999287324 110330618 546371350 939727895 202275137 319136396 734786604 324593467 929099701 330014901 870426133 304108421 993010877 591775414 384268667 509664849 35691191 35677443 712859046 761943223 465614210 991834643 851993225 74444501 140516573 276220594 743242284 891668306 541580682 648556261 497841623 31280439 321356534 414910923 693229551 519386047 8002732 386418223 580206316 776578848 834728253 828585745 244888479 744571204 170925704 375504613 626144331 111574220 802576101 511995916 469290110 8950283 72335936 823296860 865004813 927279647 444036715 134352509 828016042 525147902 942989395 90417572 846092411 743543259 434324487 797242898 352489818 915645146 423747129 779124685 527308420 212880038 108715605 397472807 633098071 145802632 3520685 583056536 287948919 133147169 449484078 191066431 903438106 493510992 313028511 849566380 784628865 815246985 475355667 45960011 691075862 56499400 347002962 65016030 852648378 51003073 828508437 246685220 668977981 83171357 621410072 893922341 489121008 42902931 484584624 449605668 269365174 626696264 414998990 767254176 191738931 425878627 903269155 226277420 476584385 282949962 825706081 809087751 263862730 395439079 993881033 118868584 451720835 687001735 146186056 863389884 370886574 731574802 309060230 29251064 308119297 498620840 297300468 366814256 406059445 293999535 733622747 834644685 658116671 47088323 16447421 921496523 687641789 131685170 992623355 944813315 653368574 438761784 568670320 391289918 405690615 83225570 733950179 639946029 12963723 18333286 176717746 513533646 403543382 151549556 607136295 102775356 655429420 815334837 874275222 134571720 917385510 518951763 131210567 671280316 201252494 54207599 422346222 119981851 945479000 198094531 439476433 743826322 935559577 723086889 576854615 316048139 65592721 936830066 293354801 329166959 633382139 379633271 185006486 755560229 830704874 838432197 443648244 211475304 738227999 946109377 213148314 808092869 809227474 163768539 757133724 211031019 858165198 862196257 523363167 563442168 427924908 722477116 859052022 901088958 83931855 784520841 891331293 882032761 929989996 827149808 722122690 385288244 133225984 284233861 67605627 921856266 303318231 559798505 998584209 321150888 997016413 799412381 453619842 334875988 648344907 428439638 844532961 159529830 978342365 794938639 529704063 746739794 953872283 551172448 63964507 8167840 16155972 468957867 170266711 136286394 288804579 937667462 32507133 525632873 269332696 922278539 54662458 74196968 448815541 503368873 396900652 671932519 192913571 738160832 657712953 524328828 967237046 48392025 291998481 840092069 613601335 564403871 7238452 800731195 105570471 832953852 124485691 994100087 498045365 535517791 741860420 470648226 687446001 749879138 766661915 952909827 887192928 572710567 835229551 766606044 671501162 874803004 338423959 41678389 465123850 794575230 369993671 22531231 500451135 106688627 598078442 601740450 132246095 517943987 490424995 476717344 598663935 670117114 750256602 737831393 78654055 711706608 926821327 804724303 510750679 976124497 624962821 78656189 766612721 42045247 218117966 656267529 639882049 101991169 237101696 843294134 880860398 164863942 153984744 228934575 691925990 804191165 517562958 60919849 459075869 133886665 399973446 87666481 998085145 616593764 328222445 986787321 520854512 652470173 628887152 205226384 598652648 457885537 858328230 617759401 600722809 588900578 604498715 837422784 548085126 243878589 842799741 190020467 154354657 566495207 670173922 195856450 94259380 151149218 919749982 825133449 479146745 277210775 447249690 304527857 792396403 512460795 401002710 754584431 192030092 527757278 159377825 860881821 526923390 655112520 551009041 350757812 715780753 173437383 361067958 978613369 772250676 367050473 754195594 860294134 873348820 138192942 740109624 178146710 808192721 382964301 553044741 369660032 251603319 678078109 922468377 201623554 602355521 854303511 262380144 714396019 148554314 886059718 64311441 825421172 679572383 735284123 203051924 344684331 975113503 746249591 730759744 19843528 744574626 497995567 515353481 851388968 765901723 695075618 723184390 907876684 349777411 600299656 624078081 213019603 249897586 930722770 316241782 389379201 925584535 350626403 862793914 194469651 177293056 730402221 574943507 973639392 344524992 599436119 702007388 407599622 309017258 71143492 817281218 958547611 682236404 148929840 809946512 57882122 788105572 745408007 450133531 389880895 135516633 125359151 578101114 970240160 895033701 723594125 305057896 723281633 421844989 981644282 255307868 280783196 841306737 197873189 890080409 409368922 931634089 619329793 50802468 84407290 5862525 288774789 82372318 45612723 811414609 849807785 17727879 512517239 132211787 736805929 346599983 330064303 731104192 366663490 69232705 100566822 358880073 770971000 843058851 450408395 306269336 855422662 697254632 274141206 393301138 546705659 456277754 587546224 509104862 843769974 678261270 769030211 809701221 799775812 955950985 695301384 895667669 297805773 771116722 396482319 513545778 566056270 988624244 760881374 933243846 951647983 696619464 607675719 448028846 932752449 906457507 575469483 543199521 189910953 961622962 111619915 291957427 303708941 575809113 523915876 111767161 251838005 290620230 830994090 998977642 8728806 128138122 504864062 207542019 618389980 291984809 131387311 974516169 217225142 258927566 633159583 479798543 323585986 486449742 177688137 18137330 132833058 164067133 952705269 500836871 492296296 15039753 393817316 609068804 171818248 777388592 785849205 591111370 942339430 17689219 366831885 961624219 215956938 387407338 368723817 139027059 787173652 100905209 646544673 160854263 843659352 821825898 223798373 983883658 271454154 90336261 341025465 678180285 435164619 559496592 561414641 111536148 843023630 316450613 219700680 632017457 617863203 21544197 273816170 698255203 928899668 440892417 134026616 171627253 110029467 801563432 536944131 219048946 76945750 264812239 956352123 807696368 604141434 349309634 778422603 492353958 249976661 67288458 341479933 448230480 979012683 219538093 38626394 781479081 182429049 613057429 195755430 876334413 903465240 725859485 168670693 680547683 64294251 660118278 864117634 819371774 963725006 722776569 673073464 691733909 672521448 959988054 252761453 34237015 290789356 643372660 269523234 119293034 60511636 197729796 558662422 985345693 615218169 740437971 707488674 729237750 313437491 151560035 870234358 510439790 622476456 133340422 775510471 895171333 578426325 306778530 837425049 325041284 969316105 128267285 129289330 392029421 856700082 907738150 763514948 283497454 646962463 731137348 563330952 652060712 226986471 434121732 636052337 672599602 421212229 911219562 89555008 989581921 784530003 397156857 793175730 513199248 518410634 182625465 26157622 980491018 523364145 649610902 46130388 698184011 748564535 327105718 60470459 663700146 134862971 517699719 825289652 951520091 700731272 108617339 544157320 706559384 509973489 717353842 614021338 321040354 203075412 764406321 780196306 59234188 664522049 802812671 686580851 862700478 896620626 648963505 50203504 466153804 76796616 278066758 21478119 107376187 608872869 814994522 651632228 517515028 379938877 792611014 432740468 936424624 355675901 812948661 218533460 801598150 350683480 241762617 530556293 659611473 383632304 342380494 294350353 339771209 912563515 574806024 152140976 717357143 468836824 795963668 474686273 495968461 491790844 412600795 716533940 192054865 363629410 822092332 709401853 286283082 548555702 610771821 490300870 460667600 369452902 2732118 933820213 661049359 772663447 286629226 521379840 139556920 67113934 79642280 78897757 276517478 109240336 233613461 739910345 245775937 39205731 602518909 735193299 69547505 439597103 761764851 558917001 179530981 265183401 295310197 713052464 22484698 179064694 834424421 101993756 609010072 869943353 610411875 571219042 710733140 394501514 990446486 60179850 275557352 697657220 990466149 79872829 368452807 216369235 493585319 476598931 640377613 165100844 456883983 42534592 848098041 883583243 326175763 348204389 384999126 37701547 230657362 165283834 700401519 14890623 670634688 190052037 22052839 23707598 115654775 561654950 700573672 640771863 9306397 216276825 748970925 429613659 42313547 393983105 686060779 868046104 821430329 846331817 214501572
0 18 39 63 53 56 2 27 45 50 27 51 50 2 53 1 10 38 55 14 14 50 32 62 48 31 38 24 34 58 58 16 49 57 8 47 13 6 15 51 25 51 56 15 60 61 15 45 3 41 42 3 16 41 8 56 63 4 20 56 18 26 39 33 33 59 53 46 30 39 35 49 10 55 30 62 42 50 3 23 17 18 13 58 37 13 50 52 60 7 28 13 19 14 38 52 38 21 2 37 61 57 1 13 30 40 46 49 38 13 3 44 33 20 63 18 22 10 58 50 41 27 32 2 53 1 27 40 48 18 5 13 15 21 2 35 20 46 59 14 28 21 23 31 31 33 56 52 53 30 27 3 63 52 61 8 23 25 39 25 0 32 8 46 3 15 57 45 1 15 22 33 21 18 7 16 41 22 4 57 61 54 50 54 22 46 48 12 13 37 2 10 30 56 51 21 22 43 16 61 15 20 16 39 1 18 12 20 4 10 55 14 46 25 49 28 49 54 9 13 5 33 41 33 2 30 39 4 2 29 56 62 29 8 37 46 10 19 36 61 15 48 16 62 15 26 41 58 19 2 42 3 41 42 13 28 7 18 10 44 9 47 61 46 60 46 10 19 18 58 20 48 47 55 40 35 28 12 38 17 18 23 50 6 34 37 15 9 42 9 19 3 15 4 54 46 36 24 12 3 62 41 19 39 46 52 17 21 28 28 10 55 25 43 39 55 17 47 51 0 47 10 37 63 25 12 22 44 8 4 13 59 51 15 40 12 34 46 56 48 34 53 16 27 57 21 51 13 39 19 63 4 43 5 2 22 25 19 11 6 36 32 19 7 32 63 11 23 53 11 0 7 38 6 17 41 9 7 29 26 18 32 40 43 38 12 11 4 52 26 23 12 43 55 17 31 43 14 30 63 55 36 42 12 47 52 29 58 44 27 59 52 10 10 12 37 11 23 18 57 27 3 19 46 22 57 23 36 10 1 21 19 20 62 59 45 26 8 58 53 16 39 5 32 53 1 33 47 37 41 11 54 9 38 0 36 47 29 56 34 42 38 45 5 61 60 58 24 43 9 8 55 38 1 9 51 26 16 56 22 50 50 4 2 57 51 23 31 63 55 21 13 3 1 50 23 38 40 19 61 32 1 30 8 29 50 9 45 3 4 34 3 24 28 18 32 14 21 37 28 45 58 22 31 37 34 43 48 4 6 22 17 16 60 36 12 9 19 30 6 26 3 47 15 1 39 17 41 43 29 9 60 58 31 61 58 44 15 8 46 32 36 29 31 4 6 31 61 51 38 39 11 16 6 42 35 55 7 46 50 29 28 18 2 26 40 43 4 30 35 25 26 30 24 17 28 60 63 33 0 63 0 15 34 57 52 32 20 45 29 20 22 60 33 1 23 7 17 24 63 6 42 2 42 41 8 27 9 20 36 48 4 11 36 57 11 36 16 38 10 39 5 5 56 29 25 8 28 55 55 16 42 27 35 42 11 21 46 59 47 32 36 8 61 41 12 38 36 6 57 8 31 8 23 6 58 59 15 59 36 58 40 57 62 25 24 23 0 35 29 18 37 48 9 0 48 47 44 36 29 11 4 26 38 42 4 63 57 1 6 13 27 56 49 48 20 59 1 45 20 54 8 49 48 61 18 38 18 26 47 36 63 52 34 37 55 6 9 52 25 38 14 5 35 51 61 49 37 31 7 59 42 5 0 5 0 51 9 33 41 31 7 22 58 30 32 49 60 38 52 60 13 26 41 59 13 45 18 14 17 39 40 19 41 0 28 39 9 0 4 59 4 26 27 57 47 37 55 39 10 23 33 17 1 55 42 40 44 19 14 36 39 55 25 40 19 11 34 55 5 20 38 8 58 43 34 17 27 12 63 39 10 1 5 56 28 30 17 35 26 51 27 13 51 38 31 22 5 5 16 14 19 50 39 31 52 50 1 62 20 11 62 27 37 56 39 31 4 52 30 5 36 21 4 26 17 39 15 46 44 49 63 37 3 30 31 28 27 42 62 11 56 40 9 32 22 56 2 6 42 27 1 62 36 4 25 36 12 6 28 48 20 17 40 15 30 43 35 11 60 36 60 7 15 28 50 47 21 44 27 4 42 12 50 37 43 3 40 54 53 39 13 52 40 26 35 34 47 52 28 3 38 14 1 3 47 60 5 9 53 56 44 55 13 58 13 38 40 22 49 47 49 54 55 49 45 23 55 16 21 45 18 26 57 43 23 52 9 17 49 11 23 37 43 50 26 10 7 47 60 50 13 54 49 52 17 4 23 13 10 45 46 14 47 4 49 50 46 42 12 20 26 55 40 17 49 58 34 23 18 28 17 40 23 6 54 38 46 7 16 56 21 12 40 2 32 19 17 17 41 25 38 32 25 19 52 35 16 43 40 43 32 4 10 19 62 52 2 43 52 9 25 15 58 16 50 25 26 23 63 5 53 58 2 25 38 50 19 56 9 57 56 30 20 61 44 4 40 12 9 20 4 37 7 33 5 11 36 38 61 50 59 19 31 48 59 59 3 8 32 60 54 20 23 35 26 3 2 45 60 48 8 11 13 9 10
32