407047864
972295936
697213980
948478720
694367443
381805301
169987901
874642347
411132684
109746548
657565180
721721487
176785729
933943677
748671234
71760065
266104863
304579095
54987897
988234821
778488514
111089836
423558645
620569647
449219656
138392969
774088448
549545297
415372625
730063970
755899884
117091868
349458831
624187881
719919557
62854799
836337197
463322608
294591538
616870864
872697701
732270546
500913808
416921618
178044592
73347849
374544223
109463879
906935527
845818487
909014551
973318393
997849013
785265268
33464873
196269531
15844943
172092884
673091134
555130387
878149275
344444189
108248078
830474874
739256368
611435712
674381002
12027743
508455391
961678540
571017817
691733013
80612352
145089103
935125246
632914957
596012241
395126978
891377664
275204763
533883345
20871705
105061506
151721843
738978293
434381494
94462519
418373880
782668596
310563032
314153040
430736198
278398781
634746117
923331796
980195180
697153556
878521864
253835262
275013436
263728894
230411962
591717630
571637000
422174910
276747040
709841132
264024202
592509414
270228792
963793960
568559000
638563836
455223503
571806674
152034186
865038255
519284951
888958683
359609999
532735170
4552918
469566782
397182071
83068642
947371840
580526274
379434109
896216417
930564322
997919721
570194793
796280968
932403361
757027246
397414062
617568564
832144120
186474683
251000813
472452054
542645191
824524845
397203531
602928767
890713933
905917924
135169632
545061871
738984339
960662169
80434578
775961530
979453863
435867140
580944641
763814311
775047776
169222164
341192983
380673433
392986987
74220169
135905769
503871142
602851932
713669612
151827140
996009955
352318419
46018099
774756959
374563271
115365176
139166817
695346747
135036374
270808009
440811831
314658875
554471648
740717964
983862241
534643421
371515984
446170074
492338804
936586783
403706008
748725452
576523596
54365734
737222862
153749979
353687920
724781349
552114580
39645849
259162377
985948297
112186169
351216179
820994889
637046326
422057230
516525103
280056652
3836830
979231909
39447176
550932739
906472107
902534980
258872534
756888720
278295671
81212105
978491456
621970232
562754109
932740794
848555320
901430294
908706204
186681070
409068485
418073260
840857761
815638637
63401781
973538411
573886915
276386084
237059811
694979450
785946791
32986984
706955275
81199814
923630667
130618847
908133927
384116912
225054646
375623956
59175705
731010447
10004438
671727709
929182724
870418432
434810752
156042638
563270201
451406893
573076129
333727722
258622884
730702783
308268528
18719838
411274190
802467744
191467649
439016879
442140132
141810690
670042107
286092732
600408998
755205801
694025872
106014877
33412960
546000946
192177040
887025630
619982602
265838762
621718554
305106104
378110545
208707098
485386287
834595528
15422051
179815510
951272980
191758977
588833470
29338333
401683528
300336478
858212176
339190654
367183705
668705019
29441406
225464525
136376119
543733934
315631724
40006907
997028458
742681716
734195849
616676848
958553129
760478583
846256102
374720336
871560382
520954287
781167672
664542997
737537917
231604386
799165607
177068304
302044523
419303375
850229911
77411823
770292029
682271263
589353471
796649065
889576330
770164142
801407613
923758066
200032243
121944693
360180327
140893333
277292513
706735107
593141576
711500547
529580386
782720860
119913889
148767130
14608177
678255583
229441698
910891624
49620276
565612641
220754657
927881822
78361878
43371177
142823473
997564855
233806814
485290227
468539486
906112328
274454875
44603556
322561201
283272383
518699975
358330828
553362111
683977455
659110632
632499040
154587849
213901430
581364453
297177688
646706176
477298349
138414956
877168243
786407747
299705739
707523444
657913696
185370110
603294141
289258869
68596516
304780774
459293194
158495487
726176527
987519048
976369668
667038585
44680473
271192776
231524411
127526183
718238281
173878675
800762613
499786846
197149102
456452840
426870122
402533798
660700302
981762857
815141561
358792221
514826050
39828857
783031568
409949893
828315072
498513876
633657199
114351657
101141860
971828236
957459134
762241675
882536361
118439970
975669364
53657252
319148323
789265660
711284617
724385682
3881261
839009091
324671203
831657268
62213814
104825225
93982206
540196858
381095595
1416267
973190425
642197095
546677142
249786329
727147368
968894872
569179058
235634308
267356542
759897435
986023847
363539947
22357832
925292388
303347304
723319155
804825554
155495582
207762993
121893366
576038365
363717553
784602124
643925003
730061173
226167658
149651380
735886477
982269381
891733593
361585104
321470722
553004978
307191757
360198298
227138282
355669241
379407639
755998109
791567565
876541968
45183613
150738573
192296835
312653265
341594087
701081172
790064288
465719396
786716077
784084255
889535482
88601426
123866801
880630482
762099038
87980078
468312950
322636492
777937346
864536182
702918487
883305890
966582712
765938142
658196364
974990480
885230955
733548657
939935126
224203538
957873608
385578156
850972700
604029165
243989254
95188693
384921599
524154057
988685839
970499254
707159643
183408341
206143090
930881567
693165325
701700506
71026490
209540563
540074391
245264787
324061963
530473263
539315977
286362809
245081741
810268847
392650867
298475251
402206077
395902499
201620685
884699420
755149959
41912954
774304397
299154861
864818261
592532522
580046377
230972057
544243062
289476357
508319536
26789165
239903934
91560832
636321933
284973294
523012272
892280274
562102620
796822545
366146735
691959419
256563670
13153354
55129125
800311293
812755469
423090858
57021137
874912846
765980437
248550575
994205190
120053427
413042270
947800649
552049199
253531288
671513506
270629058
834684175
633085815
639950486
663615271
355696898
743526174
92059581
269831324
834446693
954665182
831341014
695938404
945736614
106554595
544278045
858447451
352068426
671196941
117025423
957888342
657197572
922016753
898731655
575329423
647500969
256861826
936037926
69783954
809567183
810645724
338810369
514486385
636464608
92462338
955731907
844886221
299980206
194779383
275271954
376751143
783871253
429097755
234185279
700586442
430825422
121455773
801509852
631141281
418454341
437639686
987577767
503414730
922925232
978634426
339964395
257047333
323601852
537660309
517783607
658529538
860503665
780938074
170544391
511072931
174849074
103989021
363095758
407091052
31482645
52171314
766891990
848965075
81553597
835865159
418192147
11259759
604551819
934157006
65246788
446083721
427079283
800376037
314808758
638407690
728840769
64362050
580782369
961867553
126095728
965549735
19675218
37322697
26844513
395223217
338399218
966563822
680255444
528452715
782446837
202685784
0
888601973
0
0
0
0
0
0
0
0
0
0
212576482
0
0
132267723
0
0
0
0
0
0
0
0
0
0
80579133
27372595
0
431692817
0
0
0
0
0
0
0
0
0
0
410198222
0
811753189
0
358864163
0
427749218
0
0
0
187826180
0
688470952
722674739
0
0
0
0
0
0
0
0
911059116
0
0
0
921005789
0
0
0
0
0
0
0
0
0
0
0
0
40870525
661882549
0
0
0
828203975
0
273622308
0
0
0
764995205
0
933254510
33938910
0
0
0
0
0
0
10290895
0
0
0
0
0
0
0
0
0
0
0
954954265
0
0
0
0
362614601
0
0
0
0
0
876025327
0
0
125404304
0
0
0
0
0
506304627
0
800696953
0
0
790894679
592314709
0
0
510968557
0
0
0
0
0
331640363
630214369
0
0
0
0
0
0
130492677
0
0
242427089
0
0
0
0
0
0
0
0
0
308712244
0
0
0
801926112
0
0
0
971087604
0
314473458
0
0
229895304
0
0
58698074
0
0
0
0
0
31192961
0
0
0
0
0
0
0
0
0
0
0
0
467274408
0
0
0
0
0
0
0
0
283063812
0
0
0
0
0
0
0
0
0
0
740023642
0
852762428
0
0
0
0
0
0
0
0
0
0
0
0
0
0
0
0
0
0
0
0
798915918
330443524
0
0
0
0
0
0
0
972462284
0
465743868
0
0
0
0
0
0
0
0
0
0
0
0
0
0
0
0
0
0
0
0
0
0
0
0
0
0
0
873505940
0
0
0
0
0
0
0
0
0
0
0
0
0
0
0
0
0
0
0
0
0
585920178
0
428690147
0
593656576
0
0
0
0
0
0
0
0
0
272427437
0
0
0
0
0
0
0
0
0
0
0
0
0
989389917
0
0
0
0
0
0
0
0
0
0
0
707768976
0
0
0
0
0
0
0
0
0
0
279279221
0
0
0
0
0
0
0
0
0
0
887354554
0
0
0
0
449328044
0
0
0
0
0
0
0
0
695346849
0
0
0
0
709523846
0
0
0
0
0
0
0
0
0
0
0
0
30514064
0
0
0
0
0
0
0
0
0
0
0
0
0
0
0
0
0
0
0
0
0
0
0
0
0
0
0
0
0
0
0
0
0
0
0
0
0
0
0
0
0
0
0
0
0
0
0
0
0
0
0
0
0