752641647
961732082
981240783
94898182
901693425
734361197
801192083
759010432
866422078
820609064
273889522
176431140
496133798
736838205
352111414
666310706
6413924
853085128
480739165
22404049
996450196
419536132
864341346
703988621
944758263
721617500
398109842
457189733
444603822
490715346
21626645
825233211
474046740
494797950
791148986
792169688
227702587
660191053
637649830
491018865
32450838
4688811
561815945
407581383
974038716
139528677
792808655
761566669
693900338
778349936
806288832
97646103
613174524
763790055
980808909
466534295
798640083
879242354
402238663
267297570
283861979
926050062
382418198
306722675
483078598
917913193
219772106
675029395
336114000
662825199
395731370
266982854
366233223
231322833
807636618
815069279
574663234
122964893
334406922
839283804
940761063
663138584
872840426
789392840
753007401
522363257
566881873
29060195
123059943
410314157
159046901
270801707
697547185
518928867
235960535
489499335
787759820
417825709
414551163
382348962
111820878
72030649
772620042
309782763
83044169
633579173
577910511
185094053
42655683
465214947
186627556
557756764
137115601
255226823
943892567
896001463
549027084
10839448
302231850
329665005
621112996
338209170
947453921
63182574
79150190
557962453
875588833
896628700
770989830
717768928
351398881
258046797
781875346
136922683
418578075
568051670
667935422
93325636
713257081
239209278
142190337
221406427
985238773
295931746
563300149
781251206
794213293
954995758
938681755
735720306
404452071
645913659
412759315
667620690
172941679
588271235
535503017
84799876
942359919
368700581
397590247
460977196
581364502
768621199
387932761
209205875
844865257
786529851
306304837
610480635
967329292
930007917
314799011
611871407
818360120
723545203
681901747
778573734
965865666
508551685
517646165
197473790
520850782
963066079
153237318
986383030
62882102
432411474
728619796
389626158
138030279
472660482
649538864
761046443
165716610
237389437
663619970
427328032
419319608
734334108
895734721
874480841
799910272
672646762
800770793
510783473
121154385
823226236
10553428
630811283
206191841
700300664
188022553
65406527
292071851
805555406
19446213
162680204
260633284
446525077
911199314
783923303
868215172
530892088
544151158
300016732
150281091
936554305
384004609
833898014
481391239
696669730
324013479
749148985
694756016
819852214
650736847
853075835
271016359
576925226
929446037
558225965
486547427
379483620
323515713
632268477
71034069
792082208
823196194
225449215
50901998
978779623
530555995
511994720
104957167
663647109
310684997
742410871
419202840
57433880
241094273
564952052
907058950
579578944
771310061
703334073
917237680
430440866
926935458
311564187
835761139
266625323
787740428
519707478
782305026
921608867
203200165
178982502
888229517
850540186
328093182
581405579
497766046
191807858
854648802
713343628
220899582
674561750
328224037
180324390
341251988
572291433
843303512
340286822
229233379
753952173
813506584
928375953
724126632
331077156
141169122
640283872
461954004
459659966
588813703
166990302
493541313
888789703
157653191
692263674
331650067
853822825
105214673
304407313
39700097
793342625
943869580
781375983
351368405
90140563
569257590
321204646
331573131
265214823
537259966
589217125
844966265
817573540
736647812
443414725
170361757
549257481
20512270
793200396
903403203
723710552
435173430
210088146
537493151
656432584
277042927
605982007
271389001
885335579
842530357
622787454
108650711
417456068
604801267
767298639
741941394
190803889
708594412
13998070
486988452
285798293
215667703
857289895
76743935
223534193
422746611
726848415
508069048
424181391
109405567
465063339
778513846
719110886
299518644
168687193
496924876
94279380
384136510
482194150
500431910
553062020
273087068
509296306
445125187
41771383
297722327
750640822
902004550
907923582
765989875
291549972
398688616
415038393
24686904
718433921
872929974
209831481
685628142
43807063
512399984
89297888
340939162
482243575
320423434
742084356
652695771
571798914
978750456
164571030
327689263
601494112
847137761
34933160
814313181
330731529
796838136
828173552
642180718
943599443
552763676
558070967
50918435
681564319
607976597
372572734
423040711
60260639
805065442
322239199
716178239
31587205
914786053
554817047
709517975
260781066
37785111
41549766
513916970
858597493
481203854
353666501
794902718
979609890
100427688
59082977
504127570
379354693
486218619
452362286
951319417
537200352
401606654
633262412
872806200
60707803
745475949
195102182
307388873
778608666
228819763
663549042
458395447
838872430
949617637
710743203
635021840
966115860
444118055
48460328
772660077
0
118195003
0
0
0
0
0
0
0
0
0
0
0
0
0
0
0
177239181
431248627
0
217569469
0
0
0
604325370
263228800
569081298
0
0
0
0
0
566227581
411964935
766256205
0
0
0
0
31238085
0
0
660104256
354670982
0
0
0
517375660
0
0
0
930344928
0
0
329640905
0
0
0
0
478033168
0
0
0
0
0
0
0
0
0
0
0
0
0
829615494
0
856084756
0
0
697153523
0
254696499
81937116
0
0
0
0
649323470
0
0
0
0
0
0
533479557
0
0
0
681315259
0
229026852
0
534377231
516946275
0
0
0
24385504
554225946
0
0
0
0
0
0
0
0
0
0
0
0
0
0
0
0
0
883933590
0
0
0
613556412
0
0
0
0
0
993898840
0
599960259
0
0
260940007
0
926811747
0
497628395
0
0
108530904
0
428353386
0
0
0
0
0
19136205
836770833
0
0
0
0
983810346
0
0
0
0
0
887788970
0
0
0
0
154479269
0
0
0
0
0
0
0
0
0
863480350
0
0
0
0
314051772
0
0
0
0
0
0
0
775988980
0
718939367
0
0
0
461854259
0
0
0
0
0
0
0
0
0
976948407
0
0
0
0
35096861
0
367283351
0
0
442478500
0
0
0
0
0
0
0
0
0
0
0
0
0
0
0
0
0
733543276
294404389
0
0
0
0
0
0
0
623643016
0
0
0
0
225091648
0
0
0
81584055
0
0
0
0
0
0
0
0
947109644
0
0
0
0
991168390
647992525
0
0
0
0
0
0
0
0
0
0
0
80652360
0
0
0
589418651
0
0
0
0
0
0
0
0
0
0
0
792597050
0
0
0
0
828181243
216313487
113099540
0
2750703
0
0
0
856592736
34596277
0
0
0
0
0
0
0
0
0
0
0
0
0
449658545
0
0
0
0
0
638625935
657019326
0
0
0
0
0
0
0
0
895841864
0
241696416
0
0
0
0
0
0
0
0
0
0
0
834780462
626686292
890449429
0
0
525265726
0
0
0
0
0
0
0
0
0
0
0
0
0
959953369
203591069
12356498
0
347556578
0
646676682
0
0
0
0
0
0
662254371
0
0
0
0
0
976848243
0
0
0
0
0
0
0
0
0
0
922490777
0
0
930763098
0
0
0
0
0
0
0
803955537
604694565
0
0
0
0
0
0
0
0
0
0
567887300
0
0
0
0
0
0
0
0
0
0
0
0
0
0
0
0
0
0
0
0
0
0
0
0
0
0
0
0
0
0
223356075
0
223865186
147916033
0
0
0
0
0
0
478981567
0
0
0
942433552
163889532
0
330594724
0
0
0
0
0
0
0
0
0
130002396
0
0
0
0
0
0
0
198928370
0
0
0
0
0
0
0
0
550474647
0
481614051
902730237
0
0
131042345
0
0
0
0
0
0
0
0
0
0
0
778583055
803105351
0
0
0
0
0
0
0
0
0
0
0
0
0
0
0
0
0
0
0
0
0
0
0
0
0
0
0
0
0
0
0
0
0
0
0
0
244795390
0
0
0
0
0
0
0
0
146740122
142405848
0
0
0
83085992
0
0
0
0
0
0
0
0
141613481
0
0
0
215152653
0
877726911
0
0
0
0
0
0
0
0
0
0
0
0
0
0
0
0
0
0
0
0
0
0
0
0
0
0
0
0
0
0
0
0
0
0
0
0
0
0
0
0
0
0
0
0
0
0
0
0
0
0
0
0
0
0
0
0
0
0
0
0
0
0
0
0
0
0
0
0
0
0
0
0
0
0
0
0
0
0
0
0
0
0
0
0
0
0
0
0
0
0
0
0
0
0
0
0
0
0
0
0
0
0
0
0
0
0
0
0