1164
1 2
1 467
1 468
1 469
1 470
1 471
1 472
1 473
1 474
1 475
1 476
1 477
1 478
1 479
1 480
1 481
1 482
1 483
1 484
1 485
1 486
1 487
1 488
1 489
1 490
1 491
1 492
1 493
1 494
1 495
1 496
1 497
1 498
1 499
1 500
1 501
1 502
1 503
1 504
1 505
1 506
1 507
1 508
1 509
1 510
1 511
1 512
1 513
1 514
1 515
1 516
1 517
1 518
1 519
1 520
1 521
1 522
1 523
1 524
1 525
1 526
1 527
1 528
1 529
1 530
1 531
1 532
1 533
1 534
1 535
1 536
1 537
1 538
1 539
1 540
1 541
1 542
1 543
1 544
1 545
1 546
1 547
1 548
1 549
1 550
1 551
1 552
1 553
1 554
1 555
1 556
1 557
1 558
1 559
1 560
1 561
1 562
1 563
1 564
1 565
1 566
1 567
1 568
1 569
1 570
1 571
1 572
1 573
1 574
1 575
1 576
1 577
1 578
1 579
1 580
1 581
1 582
1 583
1 584
1 585
1 586
1 587
1 588
1 589
1 590
1 591
1 592
1 593
1 594
1 595
1 596
1 597
1 598
1 599
1 600
1 601
1 602
1 603
1 604
1 605
1 606
1 607
1 608
1 609
1 610
1 611
1 612
1 613
1 614
1 615
1 616
1 617
1 618
1 619
1 620
1 621
1 622
1 623
1 624
1 625
1 626
1 627
1 628
1 629
1 630
1 631
1 632
1 633
1 634
1 635
1 636
1 637
1 638
1 639
1 640
1 641
1 642
1 643
1 644
1 645
1 646
1 647
1 648
1 649
1 650
1 651
1 652
1 653
1 654
1 655
1 656
1 657
1 658
1 659
1 660
1 661
1 662
1 663
1 664
1 665
1 666
1 667
1 668
1 669
1 670
1 671
1 672
1 673
1 674
1 675
1 676
1 677
1 678
1 679
1 680
1 681
1 682
1 683
1 684
1 685
1 686
1 687
1 688
1 689
1 690
1 691
1 692
1 693
1 694
1 695
1 696
1 697
1 698
1 699
1 700
1 701
1 702
1 703
1 704
1 705
1 706
1 707
1 708
1 709
1 710
1 711
1 712
1 713
1 714
1 715
1 716
1 717
1 718
1 719
1 720
1 721
1 722
1 723
1 724
1 725
1 726
1 727
1 728
1 729
1 730
1 731
1 732
1 733
1 734
1 735
1 736
1 737
1 738
1 739
1 740
1 741
1 742
1 743
1 744
1 745
1 746
1 747
1 748
1 749
1 750
1 751
1 752
1 753
1 754
1 755
1 756
1 757
1 758
1 759
1 760
1 761
1 762
1 763
1 764
1 765
1 766
1 767
1 768
1 769
1 770
1 771
1 772
1 773
1 774
1 775
1 776
1 777
1 778
1 779
1 780
1 781
1 782
1 783
1 784
1 785
1 786
1 787
1 788
1 789
1 790
1 791
1 792
1 793
1 794
1 795
1 796
1 797
1 798
1 799
1 800
1 801
1 802
1 803
1 804
1 805
1 806
1 807
1 808
1 809
1 810
1 811
1 812
1 813
1 814
1 815
1 816
1 817
1 818
1 819
1 820
1 821
1 822
1 823
1 824
1 825
1 826
1 827
1 828
1 829
1 830
1 831
1 832
1 833
1 834
1 835
1 836
1 837
1 838
1 839
1 840
1 841
1 842
1 843
1 844
1 845
1 846
1 847
1 848
1 849
1 850
1 851
1 852
1 853
1 854
1 855
1 856
1 857
1 858
1 859
1 860
1 861
1 862
1 863
1 864
1 865
1 866
1 867
1 868
1 869
1 870
1 871
1 872
1 873
1 874
1 875
1 876
1 877
1 878
1 879
1 880
1 881
1 882
1 883
1 884
1 885
1 886
1 887
1 888
1 889
1 890
1 891
1 892
1 893
1 894
1 895
1 896
1 897
1 898
1 899
1 900
1 901
1 902
1 903
1 904
1 905
1 906
1 907
1 908
1 909
1 910
1 911
1 912
1 913
1 914
1 915
1 916
1 917
1 918
1 919
1 920
1 921
1 922
1 923
1 924
1 925
1 926
1 927
1 928
1 929
1 930
1 931
1 1068
2 3
2 1026
3 4
4 5
5 6
6 7
7 8
8 9
8 1045
9 10
10 11
11 12
12 13
13 14
14 15
15 16
16 17
17 18
18 19
19 20
20 21
20 946
21 22
21 1005
22 23
23 24
24 25
25 26
25 981
25 1157
26 27
27 28
28 29
29 30
30 31
30 1114
31 32
32 33
33 34
33 949
34 35
35 36
36 37
37 38
38 39
39 40
40 41
41 42
42 43
43 44
44 45
45 46
46 47
47 48
48 49
49 50
50 51
51 52
52 53
53 54
54 55
55 56
56 57
57 58
57 1162
58 59
59 60
60 61
60 1047
61 62
62 63
62 1058
63 64
64 65
65 66
66 67
66 976
67 68
67 1090
68 69
69 70
70 71
71 72
71 935
72 73
73 74
74 75
74 1111
75 76
76 77
76 1108
77 78
77 1161
78 79
78 955
78 960
78 967
78 1048
79 80
80 81
81 82
82 83
83 84
84 85
85 86
86 87
87 88
88 89
89 90
90 91
91 92
92 93
93 94
93 941
94 95
95 96
96 97
96 1136
97 98
98 99
99 100
100 101
101 102
102 103
103 104
103 945
104 105
105 106
106 107
107 108
108 109
109 110
110 111
111 112
112 113
113 114
114 115
115 116
116 117
116 1078
117 118
117 957
118 119
118 1006
119 120
120 121
121 122
122 123
123 124
123 996
124 125
125 126
125 1013
126 127
127 128
128 129
129 130
129 1118
130 131
131 132
132 133
133 134
133 1125
134 135
135 136
136 137
137 138
138 139
139 140
140 141
141 142
141 1028
142 143
142 1082
143 144
144 145
145 146
146 147
146 953
147 148
148 149
149 150
150 151
151 152
151 1014
151 1138
152 153
153 154
154 155
155 156
156 157
157 158
157 943
158 159
159 160
160 161
161 162
162 163
163 164
164 165
165 166
166 167
166 1150
167 168
168 169
169 170
170 171
171 172
172 173
173 174
174 175
175 176
175 990
176 177
177 178
178 179
179 180
180 181
180 1086
181 182
181 1116
182 183
183 184
184 185
185 186
186 187
187 188
187 980
188 189
189 190
190 191
191 192
192 193
193 194
194 195
195 196
196 197
197 198
197 961
198 199
198 1051
199 200
200 201
200 934
200 942
201 202
202 203
203 204
204 205
205 206
206 207
207 208
208 209
208 975
209 210
210 211
211 212
212 213
213 214
213 1054
214 215
215 216
216 217
217 218
218 219
218 984
219 220
220 221
221 222
222 223
223 224
224 225
225 226
226 227
226 1137
227 228
227 1016
228 229
229 230
230 231
231 232
232 233
232 1015
233 234
234 235
235 236
236 237
237 238
237 1065
238 239
238 1074
239 240
239 1120
240 241
241 242
242 243
243 244
244 245
245 246
246 247
247 248
248 249
249 250
249 1154
250 251
250 1024
251 252
252 253
252 1117
253 254
254 255
255 256
256 257
257 258
258 259
259 260
259 944
259 956
260 261
260 1018
261 262
262 263
263 264
264 265
265 266
266 267
267 268
268 269
269 270
270 271
271 272
272 273
273 274
274 275
275 276
276 277
277 278
278 279
279 280
279 1019
280 281
280 939
281 282
282 283
283 284
284 285
285 286
286 287
286 947
287 288
288 289
288 959
289 290
290 291
291 292
291 1011
292 293
292 1095
293 294
294 295
295 296
296 297
297 298
298 299
299 300
300 301
301 302
302 303
302 1119
303 304
304 305
305 306
306 307
307 308
307 1083
308 309
309 310
309 1088
310 311
310 1004
310 1149
311 312
312 313
313 314
314 315
314 969
315 316
316 317
317 318
318 319
318 1067
319 320
319 1100
320 321
321 322
322 323
323 324
324 325
325 326
325 1044
325 1148
326 327
326 1075
327 328
328 329
328 1097
329 330
330 331
331 332
332 333
333 334
334 335
334 963
335 336
336 337
337 338
338 339
339 340
340 341
341 342
342 343
343 344
344 345
345 346
346 347
347 348
348 349
349 350
349 1020
350 351
351 352
351 971
352 353
353 354
354 355
355 356
355 1121
356 357
356 1002
357 358
358 359
359 360
359 1072
360 361
361 362
362 363
363 364
364 365
365 366
366 367
367 368
367 1126
367 1153
368 369
369 370
370 371
371 372
372 373
372 1159
373 374
374 375
375 376
376 377
376 1080
377 378
378 379
379 380
380 381
381 382
382 383
382 1129
383 384
384 385
385 386
386 387
386 1031
387 388
388 389
389 390
390 391
391 392
392 393
393 394
393 966
394 395
395 396
396 397
397 398
397 950
398 399
399 400
400 401
401 402
401 1081
402 403
403 404
404 405
405 406
405 1050
405 1163
406 407
406 1049
407 408
408 409
409 410
410 411
411 412
412 413
413 414
414 415
415 416
416 417
416 1039
417 418
418 419
419 420
420 421
421 422
422 423
423 424
424 425
425 426
426 427
427 428
428 429
429 430
430 431
431 432
432 433
433 434
434 435
435 436
435 1077
436 437
437 438
437 1135
438 439
439 440
440 441
441 442
442 443
442 1017
443 444
444 445
445 446
446 447
447 448
447 1023
448 449
449 450
450 451
451 452
452 453
452 954
453 454
454 455
455 456
455 1066
456 457
457 458
457 948
458 459
459 460
460 461
461 462
462 463
463 464
464 465
465 466
465 1155
467 1035
483 965
484 1089
486 1142
490 1071
491 1099
492 1151
498 962
499 1033
499 1158
500 968
505 1122
508 1101
508 1164
509 1152
513 1021
517 1042
520 938
525 1043
539 972
539 1143
541 1053
544 1128
546 1084
547 997
552 983
559 1025
563 1038
565 1092
567 1102
568 1127
572 1124
573 1010
573 1030
591 1064
595 1139
601 989
603 979
606 1063
608 1003
610 995
613 1140
615 1113
621 1085
622 936
622 1109
627 974
633 970
638 932
648 977
653 1041
661 1096
663 1037
667 1062
677 1087
682 1009
684 987
687 1132
705 933
706 1133
714 1098
719 991
723 988
732 978
737 1001
737 1156
738 951
750 1022
754 1036
754 1131
766 1027
771 958
772 1052
773 952
775 1106
779 1145
780 1094
794 973
800 1093
801 1061
810 1107
812 1012
812 1130
824 1144
825 1060
826 1134
829 1147
829 1160
843 1112
844 986
845 1032
847 964
849 937
849 998
856 1057
862 1146
873 985
876 1029
876 1091
884 1115
885 994
896 993
927 1076
929 1008
929 1123
930 982
937 940
941 1110
942 1103
944 1034
954 1079
962 1040
971 1073
973 1000
974 1046
977 999
989 992
989 1070
990 1007
1027 1141
1036 1059
1037 1104
1041 1056
1050 1055
1054 1105
1056 1069
930355219 7702792 599151877 495215862 48437114 272790780 664549344 663106496 986001878 785094368 838517954 722035473 127759731 580497279 512005394 187693425 746961107 982413379 55151043 410700270 847454999 418910216 703602446 961378810 631079500 684547696 566669846 222952926 113031378 539085182 852144477 284876366 143262043 80320270 649755437 474390203 865568577 674222282 970396236 620199350 188492034 862184615 540683217 598567541 938129882 363735301 816842399 533559501 316233527 991785377 868569505 470219322 779085298 375392548 882375676 957643625 783684644 525074595 599345515 809272069 880113128 730840034 253391862 377867969 47850177 191525669 596993598 496526215 808450129 806008365 628785748 618042732 406863756 782878767 51946002 894160351 413006929 833319625 609856390 654417460 267552124 103799020 119052027 26490466 804845006 870706803 338743102 773182535 499331972 451752089 471997092 763969083 748123254 418266295 707811044 695314248 159088515 653422863 409305795 302374810 564052116 933657565 209220137 442424398 124888011 481003515 10301124 873887311 711178564 753211139 619092745 343463030 616469415 746738816 838873205 34281706 429666627 972420779 865974775 497815747 780128293 627121140 896941043 354498189 850273310 280738850 75013295 479030617 378275073 412095120 683382105 404891865 78896540 524729514 30217641 128297060 299844975 295634361 482540362 796477076 513009811 223806713 250277550 404093452 706144052 997537587 578304601 694625067 98962577 23340313 748706176 991461547 409946670 164751019 764729308 608061463 862233487 163754258 158293781 421974281 755007685 159359310 868769798 154341291 381772910 706396845 581829923 158765308 467392183 178442420 578262445 413185424 322140731 417083138 687841528 21697871 402340684 850633086 464951311 536139043 762009405 788883496 687415713 252024639 417109129 707471535 592757748 502088921 919792905 472027095 73951362 300958804 861394413 501976009 636566037 660410527 344094283 171419856 681292454 693329266 202639365 863875283 126890298 319624406 367927784 629513942 129489014 254152423 646574926 416335310 887435404 408176733 968553216 404853554 180686581 282578214 453233003 974397893 849529100 49676980 161423030 291356678 950403055 393988772 96128863 555285781 523365803 879308499 616068494 385221627 408643282 736299192 610745164 608026233 751569181 63714845 60285532 37572534 885024430 675719188 891397038 558114692 735238266 573248827 504782341 918840091 373578979 464964404 427868671 835850489 373875115 844364617 974217998 874924489 987342249 301447771 836139499 587618110 77673218 910312723 959550607 732032126 131158903 942729255 736539661 997783986 842645505 769686902 629897616 817504133 572789728 689377691 31592655 946398591 915862770 875235677 18625715 368575748 695038802 884400553 131949389 164377815 478681428 278872247 754824912 57698464 552702346 823178580 211712448 86832275 554193841 468254647 663040490 715678713 219003449 246262350 653569196 953119427 190893459 659352206 425085326 96690536 936625650 939600033 942644753 594873242 673791101 549662446 408528263 596168405 384354121 247287909 933811219 210646431 232613777 257062061 472692927 599245824 262482909 638867908 479627198 247376387 375233892 992335149 192342616 625044426 795305799 410231306 226377052 596306778 915362140 608865646 754813881 478250406 462473874 236607025 382414033 336386408 295425037 404879381 928313566 131841183 921041259 870471021 449976433 283767207 360355547 527156124 641968582 835552952 852864670 285113527 870133993 436135757 604754782 123781440 464225347 875858717 468869970 211778014 468535624 788702916 419315815 895585235 158344705 126340295 485670759 272961664 887949588 860104943 840095495 803457134 538464493 475430144 584565315 231410849 624616233 54233855 454438286 174235833 414454114 258383107 367548052 212668208 647580918 576847223 76614156 219715701 85504098 90656774 895799523 54126962 809143565 154533357 696756120 269734549 376751205 165769288 102069731 928144828 222590910 773630713 568094667 987787933 175248348 337496295 552541496 777091588 982849357 670335878 419038600 588091886 656346693 956025987 179652448 967331117 40410344 275519122 392352284 791554877 445153735 342075403 157991737 871058555 420270838 392565570 935548285 802337354 952207652 209622633 907284257 338427133 278229336 588644493 732388135 625018322 80386247 711341434 595512430 596685473 6001480 228092817 441805107 885247694 109835799 826106815 364490664 845110163 54515812 23610204 781913209 184212190 261931990 578321492 499676022 487939496 145959885 954900063 708428327 242215342 833914120 205179804 481892837 164793876 338248287 366115186 949985635 733441846 340486498 144095498 16260740 57132582 253111486 554593325 156205793 256332077 542347650 66925718 626909605 699742731 83961906 912497268 108787829 32415169 910006528 808723840 86408127 675566756 970108471 424067993 826561054 966575150 827560550 510680262 987789502 358574261 95586667 171634844 583737744 296652627 311031203 572705945 23804098 513795994 564109938 594407861 409344524 631719913 17081326 241618694 313800610 258075771 593631079 509404880 822513922 458556038 248735799 642092718 509185742 97395760 35286217 405170868 620867064 921465960 383764694 89226293 928630727 890616472 8993491 762299883 492669794 117926734 581796212 3988929 299692041 584383136 197774804 157507863 656951795 610837134 888401398 753835644 492950810 837335890 915031011 504341823 729511545 363219887 838047774 105616363 753505589 188191751 225559733 604027982 661553826 709785347 333104368 555250397 979976452 418992794 450391432 686862238 220114782 474692232 282632093 843251347 608504711 231788118 334261457 99431089 60834054 651888101 498573765 834601385 919805032 449364335 277342680 201106575 333788319 996281307 281975928 773234550 989295009 688480504 715181065 319134254 206002581 895200727 273866676 512419448 194128179 78359197 481572613 170837510 724017090 416399705 872611421 144413936 195776390 966008748 994137557 882993214 547412398 81769353 983960020 778363108 483428359 360017306 220576355 595718966 680860567 4309275 284348746 719523373 305040068 803062974 359573849 978793545 327697265 397803038 942796947 614174650 921323246 843598679 121378178 965516791 225668272 54832280 448510265 933366258 39374861 5458438 233604959 889860586 640396772 565168754 873085806 200556969 660928071 185468868 427574488 733897237 926807082 167345043 719160481 828025094 26115080 72923956 634679195 50029180 261948881 339061677 922018145 875908454 665982496 567399825 647416346 29262324 682632846 153455611 657976612 935960509 81616256 460970217 47275027 149863440 155274652 975522604 737911102 513971727 283901311 4951397 65811161 624360174 131710549 608090826 919068584 893447825 479990546 616412055 37252501 707486017 871584478 870482559 128407040 837608840 536990626 397880907 944988668 571607382 787866978 217343858 579691625 124655605 68576834 558978378 222541361 919347560 155438324 441288379 17240298 336607791 737491519 268550157 343036938 937668212 693287797 852754638 151287017 782232557 913679257 116358105 471698501 780263832 712881094 259373095 553307592 424016773 550313497 986055524 506513890 223791702 499906065 397788745 962610743 828970356 524565802 910239682 306188840 232395832 666397423 32378023 250482225 942155727 779191117 620923171 40919913 405118931 908734021 836574301 320733336 763622690 848211455 192680434 825183173 917713749 657288706 577238463 647965487 383087033 80348790 606998301 799317261 960687493 351005704 368957529 162885059 277262255 666674130 732223981 520676727 537859992 720377926 235799181 274321809 820407494 910791688 913435907 371898111 555379439 130766763 574829991 50730127 503378255 664429766 554089020 142602947 511924095 20659667 331268683 624118514 876992750 156146082 592221913 453891043 200239282 17661422 546107901 993103851 228585744 613750770 588738876 753194319 686807186 888275750 429886495 100555219 729791986 597015562 836288076 8728599 13194402 131581273 985579712 895524120 390499932 995490168 648354270 334361772 274976823 613412444 23908397 216680751 276839575 167373463 419363135 743092830 991345795 391060345 761369567 146670405 598424875 687630790 381047342 625959520 833180632 165256977 508196048 749845648 43745193 877179763 335415068 338005948 423498109 34556419 294174658 125864983 425779543 730601052 919215155 938111682 676396119 437614109 847187781 991147260 689431246 184768397 588166530 733112615 469521824 878510815 800004240 730611437 949750534 712092118 100042937 128949773 53003268 784014756 73662821 607465661 259007231 595145180 354016491 860959260 488270101 699005858 636414758 410167794 356320618 281229675 791034167 624704624 838128297 430426310 795167692 249397145 668876047 520450188 563212064 686360907 623021957 510460747 433870610 175496738 358434588 949008784 907144787 654010098 55026153 919077811 332076800 24251290 154024634 206491659 196824983 933789238 492382981 242520517 58302868 312605490 649629043 634280045 377290041 756341365 675567594 833661310 32274602 691370857 646222106 287650335 960733403 624601309 328684829 238886309 133607145 916032225 134929101 868762062 713511815 303340629 908420625 159414236 674169729 81522187 813641575 567212999 806503412 459227850 932945239 393927942 526598128 311374229 431710056 864978012 600860586 992962990 398230170 538146456 514089947 203933271 781132022 270243906 531142198 273016031 918761917 24295137 873797434 854591770 608603392 534502710 734058108 658109521 134652396 514605808 637672820 944233707 334196369 368067830 647791458 939535138 555775684 754010706 720196341 145838676 774872194 478700116 449446811 975826662 601879920 620663520 614879854 670675843 450499335 802753853 268607562 754342969 662559173 416102806 97863418 511491243 927406931 406879479 135239698 583047302 458578274 220463454 527188552 786449351 487136934 168081443 89053785 992112729 28247866 603850948 823113447 259602096 531994593 106328584 832922794 138985159 900311965 776395686 978847722 79920936 683100847 371356560 631843958 112609951 190334820 903893806 900366904 949985556 402979279 777478446 899737526 186915449 559952889 712723888 695527366 13303846 722540912 774876664 304879110 803693401 614312573 570994187 325702499 123865094 823749692 380876366 690640114 773464201 359866339 441515338 775518365 738721893 556145694 788570263 273721106 49001605 207536940 602277980 198841128 135849084 645717523 573861257 304300369 157115494 97885250 168718949 620229168 968922671 143456743 747009027 132987890 580732951 327123992 427521026 384937994 893651478 710528843 180502055 766317361 275446121 82952393 582789069 72970698 768076410 435228010 868863664 123458183 208742891 789864985 875663274 700233716 889354104 661122630 367014368 523706501 490456364 729966613 515874121 372255795 668030219 714248257 952963923 275273512 239274796 549861881 669153078 436278195 913025706 464570803 197585837 30543527 900455775 804253092 386448089 875913532 845780370 95565968 824310045 469198302 208751728 378256551 919351686 622797934 233814587 306811815 44941669 252597748 253847361 199243036 560190881 107730637 991853776 863862300 367025031 890051008 9646761 96833765 985764203 325044723 185513659 774679217 837238801 974416543 613784571 490686722 521456787 94909414 235587045 388045122 682248087 414511125 22851497 817892130 780902377 442906672 407943417 124412525 324097408 608772693 629645697 418605399 278999881 567653562 678314633 859405839 32691575 666902334 235447284 132096644 25567954 213916716 294487000 413805315 461251482 694809950 78175037 840284334 761696012 708391847
49 56 16 39 34 0 19 14 23 51 30 59 4 30 39 56 12 44 16 32 53 7 34 56 4 57 4 19 43 47 39 32 36 34 42 34 28 11 31 21 47 0 18 28 55 50 62 49 15 29 2 31 48 47 23 21 27 26 57 52 2 42 20 55 49 3 24 49 15 37 54 44 3 32 54 3 52 26 11 39 49 3 60 40 16 9 44 62 33 7 9 53 42 62 1 29 13 3 11 16 54 18 37 37 27 30 13 35 29 28 2 20 60 11 49 18 25 14 61 31 28 5 44 10 52 58 31 51 36 31 3 29 61 63 32 9 57 2 3 62 31 7 45 6 46 41 38 24 14 53 4 7 8 25 53 46 38 47 10 8 38 30 34 5 58 50 5 28 53 41 5 49 5 7 49 36 3 9 43 24 47 39 57 54 32 35 45 33 6 62 32 14 29 21 40 61 11 18 36 4 11 53 13 51 54 53 18 43 32 30 41 25 31 15 46 47 46 13 21 32 36 10 59 39 4 55 56 18 47 17 26 35 10 51 41 57 55 16 42 8 19 57 35 44 29 11 59 62 1 37 34 19 3 47 20 58 34 45 23 24 19 12 62 54 61 51 52 27 37 43 31 42 1 24 4 0 36 28 51 7 48 34 11 56 8 24 25 37 6 27 5 13 49 50 62 53 41 30 22 47 57 5 30 11 20 50 32 23 34 39 18 41 48 54 11 30 61 5 17 53 3 20 29 41 45 45 9 13 27 34 23 40 12 21 46 45 53 12 0 22 22 6 18 14 60 15 24 34 42 61 52 58 56 2 53 43 0 28 1 41 59 11 39 63 14 25 59 45 56 31 39 49 43 56 42 0 26 15 43 4 11 6 63 24 42 46 10 34 9 11 61 50 18 46 56 55 8 28 6 61 13 2 39 41 49 9 58 3 53 16 21 27 0 31 20 28 18 17 48 17 7 46 54 48 30 10 1 59 38 23 12 47 60 45 63 5 26 26 44 44 15 35 18 55 45 34 61 51 19 57 45 41 28 4 28 37 51 2 27 10 38 9 46 55 29 2 39 16 33 55 52 36 30 38 47 8 19 63 38 12 50 13 63 24 27 21 24 3 57 43 18 4 3 51 49 48 19 53 44 34 18 28 24 38 2 4 32 53 47 49 15 63 48 11 36 61 20 25 14 54 12 54 37 49 47 29 31 5 19 42 0 27 28 30 12 55 11 16 60 3 26 54 8 50 52 4 22 21 20 38 3 44 12 42 9 38 59 51 23 3 35 8 51 7 57 23 40 28 9 35 37 44 59 15 39 20 51 32 49 47 16 48 29 30 25 40 6 47 36 9 52 32 5 32 3 53 54 30 10 45 58 1 24 43 10 15 48 13 60 52 26 13 52 3 52 40 55 32 12 19 58 55 36 24 27 41 24 45 60 14 51 25 51 11 34 34 28 30 14 38 13 31 62 52 33 29 51 27 30 39 59 27 19 48 5 46 46 38 5 52 0 21 33 19 30 62 29 49 41 37 17 18 51 34 7 35 17 61 56 46 58 59 26 35 56 4 37 32 34 36 7 12 55 0 21 31 6 34 26 13 16 46 28 43 19 35 45 28 9 60 51 4 47 24 24 62 15 40 41 22 1 59 23 10 55 42 0 56 17 52 24 41 58 8 54 42 42 57 36 5 43 20 58 59 8 4 5 24 41 31 35 62 17 51 18 30 3 31 6 21 0 32 22 34 34 23 56 19 5 33 28 57 39 50 57 41 2 12 9 25 49 0 7 56 52 30 25 9 19 4 15 24 58 51 15 63 41 16 6 30 53 56 50 34 47 3 36 44 24 6 13 42 57 40 22 36 14 33 39 36 27 56 52 38 0 6 18 41 49 58 15 23 9 8 61 53 20 35 5 29 46 30 52 8 17 37 2 3 55 43 61 50 44 57 46 22 40 5 18 21 55 21 43 62 56 23 10 5 54 6 41 53 45 4 13 35 25 43 2 27 8 4 28 46 32 21 34 61 33 54 17 48 52 52 21 13 20 1 34 44 25 1 7 30 59 11 26 30 54 22 34 41 20 33 57 24 34 51 39 8 53 46 28 46 26 34 36 11 38 55 2 37 52 29 48 6 5 27 19 24 17 29 34 7 2 47 10 0 43 8 34 13 14 52 29 48 13 18 58 4 20 7 16 32 61 32 3 10 26 22 31 51 30 36 16 43 12 55 36 17 27 57 51 20 23 43 15 63 32 19 30 46 10 8 49 32 61 30 19 15 53 16 53 45 38 3 50 44 33 35 63 11 55 38 25 44 36 54 45 27 53 22 34 39 7 30 10 25 9 43 49 61 7 14 41 9 38 29 47 59 15 21 38 15 31 18 14 51 40 43 43 19 60 58 57 60 59 45 17 8 30 32 16 33 16 35 60 21 30 34 55 62 22 49 24 63 18 27 11 41 23 39 6 17 3 48 9 39 38 20 61 2 24 52 53 33 47 41 32 2 59 33 63 48 25 27 22 21 10 29 41 53 45 26 47 47 51 0 0 26 28 25 47 62 54 10 17 10 24 48 30 17 0 1 24 7 60 41 25 63 19 62 55 57 56 41 32 1 43 58 4 37 57 62 57 31 58 53 26 62 7 31 31 20
41