34115769
0
571763291
0
177789933
152708810
954227425
0
0
246751181
0
934834290
0
0
0
343855636
0
300623340
460152243
175412771
50190950
709183875
0
0
0
0
917294906
454135578
778986591
702746238
930440210
14723857
0
20618730
95754738
299019325
331392528
0
0
428856771
494428479
367446483
0
644259158
137370391
217356418
348649319
0
0
797759521
639092508
730060742
833545920
0
0
485658846
641355066
0
66693168
104342842
249529355
857447508
948666539
361352729
0
32978918
712087814
780004135
505047843
274812516
0
64888547
742819490
757122398
669170815
487217976
208574015
873703806
434741322
0
0
0
0
0
832702393
0
263798801
535350375
0
0
190880790
287010204
424110438
929434537
639380355
625558441
209984437
478203907
0
0
913801200
0
990213334
0
0
159005647
711749188
0
576742287
797074555
596753489
634597769
908799678
502270667
0
0
625533196
819025897
329831888
877581973
632400974
116603682
255958478
0
496542967
371748029
807082684
311211031
957050864
837112357
45730296
660042130
0
0
208138214
803119605
0
293160373
0
686958118
523712536
618160509
269561402
0
26265232
740149126
0
640940201
718094930
0
0
0
345768457
722796706
973524222
485877597
17724795
762121583
629578205
0
0
0
0
369285387
0
0
0
0
547401911
0
660964516
0
981160641
0
0
929808025
0
206445468
988434243
0
810809833
326791914
31375889
0
0
870034567
218250713
0
0
615201020
0
886494795
470491615
0
0
531927087
0
0
622764586
543907787