948 2210
239 574
755 31
393 250
931 450
615 327
500 39
672 276
676 606
362 862
167 614
845 734
686 772
504 792
269 4
176 171
740 658
81 216
548 850
624 195
659 540
897 35
814 189
625 927
143 241
126 140
507 141
449 897
908 21
610 534
285 42
93 618
776 618
308 379
777 946
944 738
355 767
110 34
717 707
119 618
851 500
17 692
525 558
40 705
482 437
256 707
645 329
88 243
409 738
207 260
844 555
404 932
826 473
101 692
219 220
876 858
895 683
753 477
366 289
698 946
566 2
55 415
733 191
296 633
198 874
550 767
405 500
440 315
271 368
79 1
517 32
440 205
350 656
651 860
98 774
664 8
464 852
685 789
936 430
127 408
544 377
401 290
493 17
569 103
368 683
562 651
634 947
75 787
509 923
11 669
738 853
248 746
501 137
663 412
110 604
396 40
397 323
655 461
616 170
797 241
366 289
689 913
843 365
344 375
874 337
101 24
90 430
216 634
428 141
49 474
32 106
500 186
191 797
70 17
754 17
553 863
146 289
200 698
852 290
284 937
861 826
231 500
905 92
884 309
427 760
900 935
258 382
571 241
776 922
507 750
571 873
99 892
559 477
224 58
646 218
700 633
481 439
551 807
583 771
312 789
41 152
763 287
170 382
326 300
706 521
250 487
343 783
863 400
22 803
507 473
606 171
286 34
384 202
563 531
637 697
401 575
221 270
343 97
7 917
441 342
555 415
358 804
918 652
526 935
702 313
606 474
168 100
429 134
655 389
540 804
806 401
55 521
701 569
693 159
248 306
768 251
529 702
608 181
669 121
533 555
829 508
782 754
88 587
891 843
771 211
23 209
558 623
476 824
572 8
718 557
588 931
265 854
36 930
202 93
748 159
203 352
616 524
172 412
715 413
578 808
10 80
801 226
226 282
881 822
81 886
898 439
80 168
54 49
369 332
125 21
119 49
653 184
115 324
206 618
321 760
149 738
159 474
243 789
221 575
523 748
664 367
776 547
359 100
98 814
418 692
907 519
712 779
8 854
401 423
322 480
438 606
401 290
481 439
753 604
33 725
588 423
895 810
269 702
638 797
470 213
186 39
336 137
437 249
75 818
155 49
616 443
937 307
723 309
71 243
841 940
355 532
476 38
471 309
774 920
915 353
896 677
343 598
627 827
914 630
847 860
678 476
288 290
46 810
154 58
144 261
791 890
865 607
279 380
285 606
871 29
854 658
65 474
626 241
61 137
574 799
47 195
270 767
67 571
569 897
770 355
835 398
404 821
875 571
145 180
260 544
309 133
153 858
606 687
830 878
892 523
556 255
762 662
918 834
847 218
216 332
141 223
941 790
490 660
43 296
142 250
948 622
924 349
385 534
668 265
448 785
927 488
319 176
450 904
118 313
22 524
177 723
597 656
43 353
924 926
13 736
828 419
772 846
605 674
287 415
931 488
653 673
435 215
844 455
752 532
572 213
212 119
299 868
58 633
86 922
119 810
563 712
644 748
56 809
476 587
74 265
310 600
440 484
113 121
383 423
783 699
162 85
686 83
176 93
858 852
473 481
271 438
617 924
873 636
948 788
442 290
648 946
574 572
192 54
202 489
869 449
90 440
419 851
347 922
241 607
648 132
471 421
66 324
28 719
379 171
819 740
710 857
69 387
791 891
834 206
495 477
909 142
404 574
684 511
217 439
99 539
633 289
756 101
777 818
450 575
635 241
627 372
167 865
754 287
723 477
465 34
118 85
608 628
444 659
490 31
204 858
898 174
502 473
253 497
942 277
363 35
787 35
102 765
234 905
563 27
709 766
609 584
418 802
184 689
218 797
348 530
942 947
153 768
428 473
621 38
896 726
174 719
722 18
851 186
16 790
923 429
724 932
90 398
120 920
198 623
443 30
179 944
345 251
887 923
823 677
308 180
36 455
214 379
486 804
26 716
334 600
402 605
385 716
528 894
272 540
514 868
333 376
375 511
263 811
584 31
176 6
368 805
508 353
252 540
653 60
254 465
221 789
710 365
516 190
495 27
623 296
709 418
526 689
515 422
160 689
659 358
908 407
732 897
592 365
853 508
545 772
561 55
154 915
899 443
120 859
776 593
285 45
323 443
703 109
639 411
47 584
871 775
360 7
862 171
429 481
92 500
858 383
193 377
820 910
806 886
620 748
863 712
415 695
844 187
653 900
156 465
352 797
630 229
587 886
420 401
910 319
745 67
391 446
181 662
14 571
719 702
588 806
229 719
530 201
512 890
850 804
827 3
272 434
413 131
519 25
494 211
446 223
406 18
244 304
674 636
406 395
691 455
656 885
621 767
831 607
890 241
66 324
84 454
458 946
65 697
564 852
859 189
865 636
96 459
879 752
417 202
923 31
749 524
620 657
397 69
302 511
651 67
820 761
644 20
623 581
553 736
635 571
703 278
181 473
947 423
322 940
64 186
888 277
25 109
237 776
100 89
347 189
509 118
560 138
666 543
560 35
474 697
257 118
838 617
409 732
120 652
878 448
427 101
252 584
92 913
308 210
738 12
921 660
687 93
331 863
863 712
548 730
485 251
173 292
638 635
891 614
702 183
895 159
529 434
42 618
927 290
741 946
701 263
657 159
625 752
324 607
730 257
485 564
322 490
494 522
254 597
507 183
719 439
648 132
609 584
845 22
530 760
422 133
841 272
23 93
208 341
460 383
347 206
584 31
760 695
521 555
839 719
337 7
700 915
326 944
942 278
224 91
827 874
276 870
34 766
338 187
253 446
222 870
502 660
128 347
375 206
32 696
893 867
133 17
90 228
815 288
865 607
498 658
65 697
9 569
620 371
19 605
456 281
458 508
96 221
161 770
420 459
615 209
544 904
91 758
499 329
546 103
15 920
497 730
536 358
228 915
863 766
765 935
871 393
375 618
458 7
35 853
537 585
406 430
12 915
140 423
678 21
936 154
734 48
60 673
148 379
838 876
757 907
581 812
545 740
297 820
790 702
100 383
49 171
372 487
693 920
886 550
92 419
2 576
585 899
562 324
623 741
651 437
293 238
771 184
62 635
212 375
367 231
522 160
601 454
287 692
110 514
459 423
131 755
635 614
64 190
199 863
304 439
316 609
575 767
13 866
577 152
513 74
5 877
775 787
459 575
574 231
692 415
655 712
82 348
317 268
479 550
163 221
905 92
466 804
549 264
291 236
907 934
646 365
421 754
392 738
680 710
617 789
774 327
510 387
309 760
370 838
796 580
660 223
411 717
866 930
883 265
745 562
672 262
788 721
933 761
303 799
784 531
880 371
798 849
589 898
277 806
669 304
926 420
224 917
702 183
555 415
938 142
532 423
799 854
91 289
521 779
735 49
915 289
448 201
329 860
635 614
457 113
628 380
826 113
429 481
248 446
743 801
644 620
521 415
733 167
537 173
144 821
452 175
497 165
769 710
693 670
780 94
363 590
105 111
807 30
26 396
456 234
266 913
335 51
928 768
181 304
662 306
463 521
608 76
694 658
488 822
746 313
778 419
407 221
311 54
298 379
431 868
439 31
876 290
713 810
759 265
581 795
792 568
834 697
855 575
414 496
314 454
209 6
346 645
831 329
661 121
493 754
180 922
681 341
309 415
2 222
427 760
53 481
859 849
931 886
258 191
732 35
257 543
171 93
104 746
333 675
138 296
41 402
265 213
931 259
868 530
312 879
255 664
863 695
97 935
321 276
631 262
711 692
808 872
649 53
193 926
749 807
479 587
228 366
19 891
38 532
312 126
83 74
10 934
306 439
357 449
232 843
481 31
624 229
534 828
713 327
423 290
890 636
670 49
906 209
158 162
831 651
925 812
794 655
627 337
788 674
658 500
191 167
213 851
599 308
947 550
462 920
425 854
528 660
780 753
40 854
679 30
207 879
376 487
943 396
823 332
56 874
654 473
361 407
652 687
14 524
55 477
869 775
585 352
548 750
60 699
505 84
7 366
107 186
931 383
745 115
674 571
592 324
565 241
772 534
262 435
551 565
858 290
311 895
132 590
752 550
102 883
873 865
407 587
183 304
245 710
88 904
798 704
570 8
933 539
240 62
2 884
367 572
225 662
930 802
169 400
438 65
393 337
525 809
851 39
51 568
428 85
99 697
833 568
485 459
176 474
681 361
20 859
649 174
721 899
302 670
653 396
578 697
743 455
795 777
483 115
44 242
51 803
663 724
153 221
393 897
372 917
725 85
8 689
283 437
603 853
200 196
306 584
328 641
81 25
471 34
925 146
308 615
807 614
505 454
262 17
298 786
908 208
804 183
776 54
850 660
201 779
638 324
685 52
827 138
826 790
611 700
416 113
704 49
609 702
447 52
127 66
332 38
177 692
259 768
903 923
881 517
608 195
361 550
812 289
21 126
140 423
526 40
864 539
51 792
328 497
393 738
856 405
937 443
704 693
32 824
193 824
288 464
178 30
883 705
552 500
502 750
259 52
543 540
724 778
687 319
927 89
339 397
431 187
690 651
558 611
807 613
32 52
486 584
261 905
328 719
116 474
686 500
424 623
164 610
125 824
696 221
207 442
253 31
860 797
663 256
466 584
103 289
336 91
507 141
491 38
48 173
693 93
184 658
875 365
80 806
754 133
188 947
310 191
772 39
297 547
41 323
352 67
673 59
360 179
742 758
219 367
366 289
389 692
404 610
732 633
119 86
725 104
654 628
826 85
947 52
233 684
858 270
700 366
78 106
88 858
20 194
858 290
518 705
459 532
77 487
778 367
177 400
577 865
614 865
444 358
457 480
478 304
101 785
890 797
648 590
70 889
807 382
3 741
711 348
110 802
253 53
47 390
396 877
573 8
292 111
278 401
96 423
184 828
30 865
75 392
160 498
846 264
40 39
372 472
587 767
774 892
750 244
137 398
499 241
83 854
699 184
160 828
407 907
454 8
753 559
617 88
255 765
21 926
716 220
140 726
95 17
572 846
682 484
728 752
798 697
32 858
138 12
596 718
402 408
239 799
669 921
858 383
129 594
523 379
871 611
577 744
542 631
883 900
469 470
299 766
508 289
621 273
587 401
460 251
332 575
386 329
23 57
118 229
122 857
98 820
785 766
398 508
935 186
209 375
116 371
372 623
364 85
357 484
410 295
623 132
466 229
839 195
547 859
555 692
243 126
296 508
667 446
823 588
838 88
900 213
721 111
705 699
264 913
693 920
32 68
914 135
112 401
471 514
81 161
553 930
634 251
104 473
454 772
939 417
87 706
107 846
924 278
527 633
69 843
700 946
212 657
223 702
938 946
786 375
519 767
347 375
512 605
889 559
774 918
569 936
609 31
11 380
734 22
572 689
573 694
213 500
642 330
877 526
805 474
417 676
650 709
849 697
36 133
811 897
129 315
100 341
251 278
396 913
531 870
202 301
685 927
234 737
119 786
312 259
299 403
558 409
757 768
796 142
211 900
362 739
637 54
940 466
74 573
462 776
404 689
466 31
474 697
563 150
538 134
786 6
708 440
410 264
159 697
41 510
121 162
655 448
271 368
687 511
920 93
544 52
37 222
927 401
932 231
869 372
646 191
579 490
333 224
524 324
815 251
402 651
200 472
169 753
184 419
63 105
205 700
466 380
530 692
911 344
499 67
573 819
192 747
374 350
665 777
546 869
222 802
122 115
295 913
915 853
725 313
670 176
727 375
581 137
315 18
722 594
496 296
720 354
36 561
842 611
579 267
553 531
441 664
329 860
534 658
505 396
103 12
512 636
482 51
254 27
784 866
23 595
165 269
750 486
267 322
58 946
948 504
755 660
720 511
159 697
432 203
813 309
837 186
604 477
346 22
434 135
757 926
780 477
127 352
82 94
283 240
779 760
784 878
505 441
130 113
184 828
65 474
743 691
736 506
525 484
218 607
929 636
144 737
291 21
395 812
710 324
294 265
415 695
46 319
406 449
84 343
203 607
792 626
100 383
800 250
649 647
679 825
251 491
622 203
92 913
859 375
302 637
615 810
623 58
605 30
795 58
18 700
1 609
153 617
398 508
194 713
546 132
59 828
683 176
906 212
663 454
361 123
16 916
483 857
862 206
134 135
118 584
810 761
247 8
562 115
793 695
206 171
776 155
814 375
716 778
267 543
691 763
69 443
864 57
749 825
278 290
468 550
791 335
810 65
588 278
651 329
72 351
591 890
513 783
551 797
240 865
532 383
621 726
361 858
104 380
349 677
784 226
852 767
499 605
203 218
915 289
784 110
336 915
429 31
524 674
536 267
210 922
488 341
624 229
781 441
859 6
765 783
515 348
9 775
329 167
841 641
776 197
136 4
268 674
127 929
94 866
629 909
307 218
575 270
509 28
126 491
100 806
683 849
921 609
38 89
127 249
357 560
473 609
349 369
584 439
155 704
228 901
592 483
483 170
663 500
26 231
281 186
772 900
476 806
611 508
183 584
558 809
631 736
820 910
385 74
259 789
675 787
620 194
895 368
131 272
356 707
413 898
457 380
16 804
205 154
463 309
530 802
612 481
3 484
41 402
868 802
129 406
106 822
478 804
295 60
668 470
460 236
370 106
236 221
869 758
163 931
123 221
434 490
414 809
919 6
572 92
646 792
621 89
164 935
505 220
548 916
842 623
458 91
893 159
594 842
404 851
772 935
500 39
788 831
134 540
198 43
864 910
250 154
688 154
257 85
661 755
751 426
845 105
869 853
802 559
75 12
831 651
629 472
728 290
716 211
83 412
185 401
368 606
787 138
471 760
41 642
754 695
257 609
57 155
331 350
837 500
99 593
318 128
440 758
143 568
118 313
895 49
628 746
628 313
894 272
826 162
65 474
665 103
403 780
866 802
678 38
796 372
306 609
743 471
338 691
169 465
834 687
858 423
422 885
348 779
679 152
380 183
184 92
690 258
883 405
602 240
400 802
272 486
225 914
451 399
140 479
329 249
557 766
615 637
186 39
489 820
806 550
779 766
139 804
790 702
29 484
507 195
872 511
751 155
297 704
642 865
499 562
916 481
45 683
749 551
709 461
457 662
864 805
662 630
832 883
241 607
741 853
832 500
778 913
62 258
816 289
876 270
358 473
628 584
233 45
196 409
407 355
347 761
510 111
629 90
516 454
518 220
227 167
20 394
47 669
907 270
942 879
146 698
217 640
834 606
224 508
392 296
354 42
32 383
231 689
682 424
210 920
204 52
36 711
617 312
419 500
691 350
591 651
599 45
63 334
913 837
181 269
432 622
885 559
491 278
738 732
891 635
206 637
455 930
400 754
610 846
843 67
253 661
667 121
302 618
29 289
274 251
650 471
235 266
690 69
176 618
591 170
778 265
517 274
121 481
78 459
840 566
407 587
649 269
507 104
585 577
508 353
507 4
928 696
842 146
790 304
184 419
11 225
556 60
572 837
90 3
551 166
230 837
263 812
525 75
37 753
821 828
427 27
412 396
810 319
324 365
842 487
507 28
378 404
287 695
900 699
783 265
480 104
57 687
278 290
931 491
522 819
710 382
333 393
30 167
702 313
917 633
479 806
917 611
189 704
754 559
346 352
184 264
331 418
504 769
51 504
842 61
614 873
327 474
841 158
397 636
83 689
62 30
365 636
827 91
270 767
485 488
600 111
802 885
826 244
929 512
457 669
547 54
190 653
135 304
379 54
224 35
56 360
302 65
259 355
600 831
490 304
160 837
537 122
902 930
65 697
813 461
164 114
672 784
769 535
456 724
714 696
535 857
402 825
102 239
736 802
465 885
441 59
433 313
103 874
774 751
650 889
566 531
669 755
41 769
738 296
223 481
88 879
173 499
25 355
916 804
96 770
674 873
910 849
741 853
86 810
148 120
3 580
474 697
509 31
761 379
225 507
673 846
533 763
642 797
700 137
912 920
658 186
195 429
609 481
487 289
363 487
176 697
573 60
33 223
383 423
654 304
838 88
309 868
599 145
703 106
186 39
818 58
53 174
741 633
453 802
685 221
802 695
645 203
84 367
480 272
144 724
482 203
724 26
623 138
134 304
415 695
652 49
578 652
587 532
71 931
809 829
909 224
446 4
87 461
463 415
762 654
689 39
164 668
792 329
547 895
885 415
708 250
455 878
831 562
877 405
539 6
426 606
864 776
120 539
418 559
832 266
659 719
921 439
811 732
818 853
94 695
423 767
413 183
33 118
341 858
71 464
493 784
463 422
180 637
548 480
640 118
403 293
700 398
479 341
864 57
712 779
459 270
50 470
940 31
15 209
891 674
308 922
506 348
71 193
811 296
136 702
202 120
66 105
653 819
251 221
576 844
229 719
301 209
692 695
499 797
742 698
261 256
418 766
190 367
366 289
495 878
763 17
478 457
4 174
839 730
4 380
337 289
134 229
787 393
525 541
62 636
619 279
301 808
250 7
45 93
481 31
116 354
348 400
663 411
847 607
393 353
317 636
259 52
757 485
795 915
891 67
754 559
928 876
177 553
673 500
396 740
844 706
78 488
618 697
610 570
493 435
680 443
762 725
95 215
518 639
313 31
92 913
907 852
150 533
861 850
499 607
205 392
103 263
293 530
106 140
477 695
370 52
776 920
260 216
205 315
453 718
491 161
403 13
534 658
789 767
296 915
405 8
414 818
89 532
88 752
207 468
86 6
602 797
301 676
232 105
762 702
656 695
783 213
558 484
530 656
721 860
481 584
532 858
138 289
233 120
651 203
673 184
500 39
578 820
326 909
3 142
366 289
878 418
690 258
828 913
71 442
331 94
496 289
753 712
184 92
142 897
630 584
684 151
355 767
512 674
160 8
686 610
895 606
808 6
793 435
589 502
291 377
825 166
298 808
853 508
900 783
216 106
243 290
532 423
66 67
212 86
26 694
901 300
411 552
479 806
561 422
673 405
436 264
167 860
404 549
2 763
708 818
839 529
122 30
926 564
226 870
488 341
690 432
731 480
588 38
354 474
268 167
876 532
241 607
72 820
753 712
359 332
511 618
717 598
37 94
427 169
145 739
256 92
267 325
236 450
458 289
42 319
129 472
161 575
587 824
465 521
113 257
347 93
184 689
894 660
485 259
687 6
505 234
769 674
815 96
194 327
466 31
868 421
16 660
58 353
554 517
736 82
501 818
835 484
674 873
725 584
338 17
946 353
321 82
872 206
468 926
832 367
45 375
739 704
772 610
765 610
208 96
509 507
476 38
147 218
369 770
367 828
933 687
341 767
524 329
516 84
497 628
931 52
536 358
271 739
435 287
902 793
568 843
795 758
270 423
815 768
62 329
403 889
420 476
878 55
618 6
693 206
703 80
899 571
625 858
426 302
119 859
807 651
304 31
235 856
427 542
578 834
718 34
308 242
814 820
51 651
284 614
858 423
592 382
189 920
331 655
680 769
709 350
586 91
108 581
287 692
430 586
892 206
478 252
454 213
164 639
863 309
633 289
631 503
754 885
295 265
103 758
409 398
113 804
571 241
331 655
391 662
137 289
332 377
513 84
348 477
747 523
206 474
865 607
375 687
416 217
108 758
86 474
154 366
632 373
915 633
65 474
409 812
222 802
359 112
461 760
400 557
73 811
362 155
794 305
336 915
317 613
29 336
853 289
502 358
946 366
650 756
829 138
746 540
623 508
146 154
298 747
661 923
500 39
573 60
345 728
279 223
6 474
853 289
654 306
239 404
533 254
932 573
663 470
852 767
945 461
842 729
541 487
136 53
518 837
250 915
842 487
507 914
273 423
931 278
877 935
669 730
58 7
220 854
616 744
168 479
297 805
82 802
515 55
383 852
441 186
219 451
234 40
303 211
55 133
517 625
922 375
944 289
759 658
855 423
259 332
239 932
610 935
939 44
57 697
238 415
313 584
730 121
255 935
274 789
321 530
845 734
607 636
425 935
948 67
490 609
780 813
234 182
639 60
563 794
248 429
649 269
791 387
59 851
15 918
88 450
298 99
439 31
596 389
731 641
60 265
549 799
651 568
128 820
100 550
187 415
