646 1544
434 432
593 544
55 514
377 83
93 238
92 387
375 56
60 505
473 284
166 40
395 535
293 91
295 181
204 163
599 551
196 483
577 240
6 623
88 171
75 331
188 43
458 138
447 97
33 186
306 315
285 451
68 263
435 432
49 554
465 537
515 18
403 127
542 229
108 577
395 298
28 469
65 465
118 203
274 386
531 430
135 323
608 561
42 148
54 134
117 362
192 230
404 19
571 526
509 417
637 369
637 468
2 346
27 440
12 79
512 571
352 30
101 6
579 479
168 509
102 297
179 538
92 320
163 471
169 455
237 393
330 189
199 478
448 86
135 97
586 249
353 590
509 553
562 357
1 459
561 227
566 567
68 106
551 74
550 24
624 629
335 335
541 97
4 156
119 30
85 153
555 154
154 534
306 170
431 309
609 445
186 78
231 148
512 508
637 108
464 408
589 204
136 317
436 462
548 466
628 231
280 645
538 530
581 640
33 581
318 365
105 369
16 646
607 372
496 288
272 62
439 243
209 319
351 310
551 540
345 199
259 302
387 178
441 390
56 410
230 173
191 586
324 393
275 290
472 134
118 547
68 244
113 328
344 223
599 318
595 6
427 143
201 198
508 58
351 452
334 125
412 7
156 103
371 548
559 307
392 123
48 39
616 519
75 550
380 524
187 547
319 499
639 489
452 573
110 327
478 554
156 36
520 568
305 623
583 508
326 620
491 508
51 548
392 150
191 42
295 479
156 506
549 265
248 372
494 329
145 4
269 482
357 382
402 284
233 163
30 190
314 256
300 556
89 192
496 548
123 640
556 103
420 73
488 418
287 239
461 521
442 636
547 346
57 610
391 104
225 321
206 640
336 204
531 500
158 395
303 121
620 643
243 573
10 74
28 38
390 329
209 386
191 286
253 463
563 87
375 577
339 429
597 248
3 387
199 421
200 562
480 182
493 464
318 375
631 279
95 217
66 292
313 588
284 403
110 32
473 640
414 386
475 524
179 620
224 112
69 626
266 83
325 204
539 7
269 618
241 645
31 565
248 325
640 630
170 355
306 242
118 210
609 205
641 440
73 97
139 629
510 173
450 395
255 223
36 94
241 295
154 58
48 386
183 584
517 254
222 170
169 42
409 55
235 14
578 361
622 150
122 481
333 95
283 505
207 350
531 646
252 273
1 187
428 285
97 269
12 144
538 634
389 445
523 133
172 260
100 408
390 301
493 587
516 380
220 617
259 575
119 36
482 642
445 482
298 634
382 616
379 519
271 127
32 441
184 411
121 132
460 193
531 605
436 107
384 456
571 379
323 558
569 146
469 632
267 450
260 453
150 65
152 119
267 251
406 279
347 38
495 70
182 319
264 207
541 317
493 553
356 153
189 393
333 630
373 563
488 520
487 490
256 353
238 565
562 427
23 224
165 495
282 487
312 193
187 145
107 592
75 67
172 166
232 357
125 430
472 500
157 82
242 35
405 331
495 430
477 464
229 484
588 345
436 211
174 434
541 295
308 641
362 504
303 565
305 646
631 22
145 509
483 569
233 342
147 366
366 56
549 591
539 255
346 339
97 240
487 631
321 421
264 66
334 4
379 609
135 380
509 333
104 280
24 201
430 604
582 397
179 76
532 186
374 513
388 473
274 582
48 524
173 131
411 489
524 542
421 544
489 417
13 125
299 606
424 409
596 359
354 452
522 51
428 460
137 151
154 634
556 156
576 391
614 373
595 471
47 457
333 48
339 426
526 405
236 473
439 39
278 361
28 175
573 468
601 334
178 288
166 174
507 118
400 646
427 101
103 99
11 158
406 303
511 509
398 362
319 521
84 402
474 475
267 626
610 228
459 485
573 194
638 161
151 585
160 93
298 13
524 176
578 476
62 267
360 159
438 443
405 124
210 250
544 294
304 232
140 368
618 646
114 638
467 502
98 314
447 629
395 553
100 202
545 332
518 269
645 219
283 160
447 579
159 415
584 154
149 344
508 576
421 109
389 603
383 494
542 163
216 605
558 491
168 568
402 244
65 229
231 182
174 350
147 189
340 143
484 607
541 432
436 300
241 150
434 457
44 184
19 534
580 538
308 312
503 48
321 230
66 109
421 20
292 426
514 76
590 484
435 294
372 238
539 268
95 324
227 521
557 424
501 61
411 180
562 91
455 146
292 236
29 122
104 533
26 14
339 562
28 301
272 305
414 447
42 529
137 458
300 217
184 623
217 638
556 416
38 106
295 58
7 454
326 556
15 103
302 528
133 273
361 604
644 244
151 136
169 411
124 288
559 469
73 629
545 472
578 616
193 449
328 524
285 427
308 89
372 427
50 197
50 514
14 236
465 161
536 89
572 106
223 86
173 93
264 427
561 555
606 78
512 492
54 510
533 609
637 558
541 319
169 391
44 296
571 473
266 583
75 544
328 47
335 259
504 437
428 587
599 231
399 555
184 158
460 571
75 267
493 419
225 382
406 460
611 293
558 56
500 305
636 421
488 530
230 440
308 109
403 90
374 406
369 27
631 185
310 136
614 518
267 408
607 288
234 638
576 218
352 425
561 288
148 548
594 179
75 29
623 322
240 27
143 495
403 525
311 57
190 438
413 206
12 554
214 607
116 333
357 369
31 106
523 613
24 211
399 128
295 12
116 208
526 355
194 437
379 379
404 218
640 268
305 22
48 533
258 106
293 346
352 608
123 438
118 547
434 153
200 337
136 274
365 359
6 230
64 49
546 89
341 408
168 331
428 418
326 325
24 235
239 596
89 137
453 462
571 221
506 544
61 475
519 432
135 383
170 169
92 628
471 429
633 63
92 113
295 50
65 523
483 595
90 332
351 165
121 524
452 596
204 254
396 410
443 503
236 161
514 64
38 17
161 240
512 524
430 214
602 386
317 514
577 380
588 574
518 293
511 33
502 406
401 321
291 415
248 291
120 282
240 507
605 129
41 417
391 351
600 298
477 314
199 503
466 170
295 549
542 11
562 3
615 97
578 426
321 608
89 352
5 589
100 583
487 225
545 595
226 634
98 247
43 278
231 11
363 27
548 32
420 280
170 507
446 422
457 103
521 491
348 426
519 481
377 471
412 294
94 358
412 72
14 41
71 64
34 52
155 283
258 360
185 542
267 579
376 564
203 5
366 194
519 435
503 56
79 640
406 70
37 155
579 626
535 289
412 608
22 627
306 593
639 133
134 322
102 365
305 13
123 472
67 309
291 451
300 250
510 443
217 580
369 295
159 411
23 127
76 393
127 132
36 596
456 60
23 210
587 169
76 250
398 120
257 435
104 617
542 447
518 491
149 263
317 60
293 311
89 352
466 529
33 452
143 17
150 402
138 217
81 232
377 410
514 119
398 495
593 456
228 568
615 158
620 603
627 400
149 72
250 106
419 583
578 638
562 115
39 209
338 323
457 32
100 571
430 486
533 487
324 292
350 192
151 192
354 533
187 186
51 104
487 397
639 102
175 306
517 535
145 88
251 281
562 99
462 159
292 445
204 189
608 293
159 125
376 27
256 612
495 182
399 354
630 228
138 442
122 465
46 432
577 570
246 449
95 152
641 280
46 447
543 307
54 458
295 398
568 351
557 554
127 579
285 183
198 192
321 600
376 353
304 536
122 3
529 323
568 370
325 593
184 201
601 58
161 210
614 130
157 167
375 641
642 45
109 349
20 222
492 369
370 118
216 285
568 332
496 305
205 578
508 13
380 272
263 297
494 432
374 26
442 158
186 324
383 394
306 1
175 48
167 287
177 280
623 139
76 389
1 326
365 245
473 86
306 25
480 90
156 627
53 228
108 363
126 518
549 166
589 375
429 482
642 302
549 47
448 530
64 544
2 431
128 327
327 311
225 103
7 213
482 317
53 636
316 398
200 153
357 378
547 510
545 553
60 430
70 200
64 255
592 323
339 640
422 225
120 410
451 404
521 264
535 640
526 286
393 476
377 211
78 48
21 626
193 421
112 53
227 239
482 354
219 538
489 441
88 247
182 555
19 83
30 162
109 311
410 602
186 226
250 156
444 608
192 640
20 211
601 516
541 556
388 261
88 59
639 397
257 418
518 56
606 384
287 282
438 579
398 205
441 118
614 525
371 581
382 10
275 119
531 633
633 127
92 30
442 590
544 478
132 197
213 348
619 428
275 421
440 374
234 602
177 410
303 613
17 375
118 262
538 155
583 64
507 529
124 550
220 603
295 81
446 273
468 467
536 107
367 269
192 313
643 108
351 181
621 399
642 346
609 436
474 298
496 510
118 186
40 83
231 299
277 98
54 76
113 217
567 379
580 613
575 187
6 52
410 580
319 326
588 58
340 569
247 9
22 563
502 360
301 523
103 591
433 531
204 598
137 133
244 174
104 159
541 492
259 535
207 558
502 187
332 306
447 402
292 613
538 509
7 105
424 331
89 87
281 234
62 557
289 580
289 628
407 277
154 482
238 587
210 316
371 369
498 166
484 642
498 430
571 195
538 607
287 41
276 43
515 445
385 469
529 364
193 25
315 260
319 281
402 228
283 493
119 508
172 553
579 559
331 324
272 58
246 249
183 224
187 290
353 553
618 179
471 489
353 112
285 297
337 189
474 198
514 220
221 309
310 116
489 79
97 64
13 458
124 325
268 161
294 162
259 332
219 213
373 261
37 400
388 13
414 193
422 325
75 17
187 95
83 146
202 320
286 182
211 486
37 462
375 372
50 582
512 634
88 374
380 528
303 404
293 299
448 45
626 473
95 329
371 403
375 151
498 506
83 384
319 526
177 17
175 248
52 311
521 385
224 628
363 160
509 515
121 522
78 254
332 465
179 41
528 100
380 425
514 50
634 490
69 338
7 579
82 616
191 254
395 446
191 544
553 187
526 38
635 159
378 115
87 510
300 482
508 320
28 286
632 248
247 416
539 459
607 631
509 504
423 474
444 1
214 146
539 356
174 585
551 59
133 111
129 552
12 504
232 503
314 8
14 533
387 382
12 510
454 118
27 582
573 135
526 341
579 440
590 445
504 571
333 184
65 577
442 107
632 329
206 563
149 204
391 442
205 442
443 578
338 304
497 222
423 545
363 503
440 497
642 200
372 410
135 215
103 618
350 16
193 579
87 410
414 404
376 624
448 238
375 252
250 145
323 163
600 408
557 521
206 336
498 429
167 455
39 361
29 163
151 592
244 367
50 150
161 564
394 537
139 426
84 345
550 166
633 575
50 292
153 581
178 2
385 315
8 220
119 341
240 498
592 239
384 105
272 107
507 406
324 121
274 567
242 159
572 247
394 431
61 253
497 397
349 442
260 407
83 439
609 265
561 467
113 513
238 625
334 289
569 540
454 444
408 388
515 497
438 250
207 220
281 82
628 206
13 215
151 520
248 161
4 292
293 310
394 360
65 316
86 574
357 342
480 213
273 86
35 174
322 463
297 236
250 590
470 42
441 9
268 207
46 88
149 243
536 100
387 392
542 54
473 107
319 643
528 283
81 255
430 204
519 488
521 617
467 413
538 99
156 251
249 478
228 81
599 470
291 321
16 141
188 255
272 418
627 288
173 561
421 391
587 248
340 136
343 385
40 323
120 149
531 626
260 26
188 575
260 433
472 89
279 329
262 138
626 625
72 260
117 576
42 545
125 495
409 304
458 606
28 544
644 297
539 444
255 430
156 565
146 504
241 134
560 121
330 292
101 233
262 146
31 145
434 72
166 394
322 514
270 343
330 532
97 100
243 611
211 354
351 411
542 603
89 268
53 152
382 282
29 271
238 640
120 487
466 229
550 572
1 205
249 413
395 508
567 180
153 238
73 578
248 314
187 417
219 389
502 540
283 414
446 310
481 468
328 196
358 111
208 392
468 260
224 365
3 134
393 143
183 583
437 613
42 177
425 301
325 50
7 335
146 414
44 357
150 328
234 344
280 491
426 320
94 408
605 152
390 362
415 51
397 524
148 615
440 211
177 123
638 329
196 319
307 299
356 144
501 427
377 42
599 116
75 230
586 596
131 269
150 106
589 613
511 578
515 66
351 346
62 33
153 598
482 526
378 302
449 450
559 324
545 329
206 431
434 279
302 52
554 158
254 302
343 458
47 398
486 123
443 545
627 436
260 462
3 213
112 166
63 267
481 464
416 93
217 483
430 351
72 324
286 455
223 170
304 481
619 340
508 487
229 582
323 98
328 474
197 85
64 530
260 368
385 408
247 285
294 216
530 175
250 298
325 121
325 217
45 7
625 388
191 485
486 606
467 192
81 52
74 544
150 620
193 462
465 478
545 55
618 586
641 494
500 367
319 289
157 609
564 214
270 65
312 139
340 141
28 495
405 187
542 1
248 147
567 598
512 273
276 552
472 108
200 344
29 544
209 10
9 638
42 288
214 501
351 598
270 475
465 210
148 280
597 578
324 176
77 315
564 499
176 643
629 390
399 395
202 41
472 510
44 226
327 244
525 403
304 335
305 369
471 504
554 117
34 435
391 207
333 526
611 63
291 531
380 175
349 631
317 343
644 625
172 570
48 442
136 565
260 594
208 405
136 227
316 138
398 464
10 489
554 573
538 407
178 219
619 426
452 129
125 439
40 499
399 631
637 17
257 556
617 238
390 458
230 225
159 336
579 630
425 588
328 188
224 238
444 462
135 355
374 56
192 278
10 611
141 211
406 540
535 211
250 306
326 15
568 28
210 46
53 515
492 421
107 287
349 492
475 325
433 373
556 55
646 241
505 566
82 35
451 503
351 344
229 587
206 225
583 512
549 109
25 522
100 641
482 562
385 14
150 393
55 262
526 323
53 256
61 266
143 294
151 50
575 587
45 301
461 165
394 18
59 451
446 377
586 235
369 50
213 61
174 519
517 128
635 209
387 68
53 208
511 405
484 40
589 484
6 353
605 276
69 479
359 584
552 11
499 66
628 17
326 368
517 382
76 607
224 65
402 479
600 539
52 479
239 192
217 298
348 564
397 151
158 279
279 32
597 251
274 518
393 619
