973 2813
563 209
456 155
139 815
281 112
733 466
384 459
506 466
15 198
746 196
751 645
512 94
851 864
844 969
936 464
444 777
62 717
83 452
58 203
78 479
800 527
459 563
661 760
410 323
524 466
963 355
392 201
105 532
457 653
340 159
599 709
470 971
473 620
691 754
308 223
822 854
155 505
476 480
866 860
572 946
702 136
410 568
77 529
923 190
915 10
858 78
89 438
725 254
848 708
199 788
571 663
803 382
147 973
684 250
139 968
265 747
45 283
528 289
943 102
648 201
240 270
183 851
850 574
855 355
715 341
766 5
483 758
76 972
11 681
670 685
256 477
439 663
310 38
272 67
643 940
563 543
827 262
935 867
31 456
936 563
957 934
834 153
856 709
243 971
936 464
908 504
707 572
485 410
860 190
214 66
846 278
190 386
941 783
738 582
690 591
510 5
95 67
203 904
582 596
314 194
263 609
165 856
306 465
235 50
682 132
36 186
200 2
606 706
553 854
548 912
894 666
225 378
195 423
195 558
808 906
21 827
429 65
424 766
152 602
688 311
492 190
849 927
246 191
571 572
804 710
622 849
117 467
338 457
825 205
697 248
885 178
372 911
141 563
917 614
955 868
950 361
107 838
772 97
286 747
2 439
969 546
357 269
580 569
482 267
778 546
690 450
643 695
688 510
927 790
795 38
146 446
164 231
354 791
3 682
268 902
254 45
34 447
272 470
679 187
186 254
77 643
508 58
377 829
291 69
70 570
242 174
865 128
729 569
117 932
851 508
219 211
176 238
197 869
944 526
939 335
66 449
601 853
368 701
654 130
140 298
160 963
4 843
513 230
318 871
152 677
601 597
871 734
655 730
726 964
585 691
553 729
707 946
813 861
337 944
720 933
25 216
395 413
859 543
599 145
469 534
247 729
353 610
911 426
815 423
888 526
23 225
318 940
807 906
100 341
929 517
370 755
122 343
919 445
769 385
319 679
517 741
804 610
292 949
622 720
967 397
248 585
858 189
902 886
293 201
252 852
772 23
691 94
735 88
114 71
836 480
718 914
581 921
866 42
560 311
206 930
728 344
198 305
844 113
674 87
883 492
1 751
312 496
393 313
698 104
47 870
914 418
814 640
829 198
271 196
155 321
826 541
540 685
392 635
52 883
350 973
402 223
134 754
379 96
226 679
100 479
939 190
810 650
495 103
254 868
149 24
754 45
744 386
10 66
569 806
678 216
870 69
432 882
728 98
684 311
800 84
661 559
689 296
124 304
588 687
726 971
967 720
384 324
95 470
172 239
145 465
540 850
435 891
787 313
126 455
630 589
766 311
641 927
646 793
346 446
82 806
115 709
380 293
558 863
58 5
711 95
381 733
427 569
462 791
617 955
770 145
272 670
673 94
573 9
249 576
366 713
418 511
221 355
265 799
543 750
678 474
665 704
137 189
522 219
900 533
877 301
215 774
859 750
638 931
808 715
668 475
375 347
120 375
858 333
424 246
849 927
632 553
287 358
705 79
463 709
396 663
489 688
955 938
608 790
1 559
21 269
847 479
189 351
40 279
44 123
342 918
126 61
378 842
956 134
681 94
288 499
629 218
178 730
378 750
733 524
467 946
758 270
730 431
675 672
29 653
964 603
159 198
902 276
557 927
368 304
130 904
622 376
794 112
547 138
277 565
227 376
916 922
78 304
50 446
479 331
424 766
394 891
373 755
57 398
134 677
308 551
357 328
599 131
746 580
679 336
228 257
564 730
218 372
274 510
206 201
350 760
39 106
399 888
20 601
806 597
837 266
631 898
581 899
868 687
625 324
192 435
790 386
697 455
869 418
224 488
98 266
60 296
428 285
565 341
159 431
536 795
62 904
798 504
14 185
773 60
165 525
258 210
803 130
749 880
957 927
225 750
875 177
609 882
228 469
360 904
720 933
131 69
202 263
451 62
543 750
83 655
664 620
804 379
607 511
482 223
201 635
688 360
875 843
802 546
865 423
414 331
526 717
569 153
242 969
127 533
34 598
618 526
388 722
196 285
95 539
141 449
691 106
75 92
562 143
256 136
900 475
206 777
241 552
848 394
857 281
493 869
276 607
662 128
857 588
171 745
433 8
627 71
343 233
91 588
913 255
61 59
661 698
349 566
791 317
230 266
747 506
555 826
523 317
920 682
505 952
738 457
212 90
254 237
903 497
735 962
558 430
20 220
404 330
850 470
245 58
432 711
640 431
935 824
555 266
225 665
914 931
683 576
209 750
797 600
10 780
54 704
206 16
688 709
828 789
614 48
67 603
456 704
503 216
570 818
579 490
735 752
560 246
564 488
215 666
354 380
143 645
606 670
193 492
3 555
847 571
950 557
525 5
485 183
962 855
613 654
158 691
56 418
640 576
30 807
973 685
704 233
898 32
271 651
915 301
923 790
460 191
830 597
604 566
832 389
261 880
482 368
277 565
796 467
94 938
465 717
260 345
949 317
765 731
606 73
58 510
967 777
452 216
214 10
502 611
659 720
777 758
419 460
12 627
323 465
965 103
920 347
237 45
604 472
529 277
596 590
231 844
198 898
240 635
970 490
459 180
395 541
766 507
21 456
735 49
229 720
183 592
808 715
822 441
346 493
465 58
68 767
686 371
578 847
73 903
390 318
196 210
569 631
788 562
414 921
666 66
274 535
547 794
229 496
291 245
72 516
829 431
642 854
115 689
684 140
18 283
114 296
614 339
543 780
428 25
289 868
385 423
343 936
779 299
344 189
600 470
1 445
222 720
813 923
309 266
430 897
930 376
316 765
112 588
335 720
574 931
258 538
379 707
596 563
796 710
407 720
461 649
147 511
4 725
65 689
334 640
59 330
239 623
177 687
901 442
451 727
943 440
172 190
109 922
715 341
87 98
73 685
235 607
792 601
287 239
423 43
806 597
842 780
583 360
484 246
621 42
941 756
863 675
830 103
546 455
52 777
374 582
704 233
821 889
58 298
349 91
140 47
32 853
919 540
465 654
328 780
413 341
822 898
965 32
877 269
276 559
377 488
310 779
216 854
773 360
197 50
79 263
109 106
449 859
872 236
370 218
335 421
539 903
269 590
72 496
570 734
242 521
594 834
583 13
144 32
960 422
375 341
733 942
820 755
367 165
843 283
615 650
592 71
909 973
215 505
346 470
261 560
958 66
827 264
731 624
741 717
382 90
138 546
630 439
508 203
678 441
532 842
407 949
290 739
859 464
128 464
774 662
192 122
585 626
360 654
404 455
282 335
547 954
591 855
440 61
186 969
906 715
64 419
742 222
379 266
105 936
876 469
874 663
283 938
461 779
893 670
758 648
376 317
513 896
784 570
410 484
567 878
789 878
913 56
361 270
522 707
156 170
812 573
234 591
290 299
40 447
570 467
478 738
239 317
485 131
234 39
965 22
662 269
879 391
882 760
334 965
422 58
343 43
826 98
474 745
332 495
628 585
403 335
895 105
601 569
199 893
25 377
680 651
109 916
207 421
412 409
297 499
393 561
76 251
292 376
583 274
159 824
663 341
57 919
238 4
236 745
502 4
97 587
808 734
764 292
824 655
725 281
475 648
568 246
857 45
33 237
421 927
94 546
326 619
486 745
938 455
688 320
525 507
416 928
322 771
594 228
480 603
337 583
887 467
431 488
193 516
896 663
713 569
131 904
767 780
561 904
359 954
298 130
655 569
764 608
790 942
457 543
92 146
229 454
70 940
86 636
338 736
158 677
172 949
31 374
873 733
292 270
848 771
270 190
608 392
323 961
561 58
944 960
866 889
180 675
899 7
941 139
802 281
386 942
205 953
422 448
189 649
503 552
39 45
301 672
50 878
931 760
605 38
489 507
395 818
595 144
247 32
432 539
535 618
626 281
810 927
877 457
925 111
938 455
760 685
706 971
465 296
901 433
175 683
425 467
694 224
159 966
433 442
629 116
443 465
316 50
845 334
392 733
400 379
330 455
950 949
87 479
364 319
837 808
919 336
127 744
479 572
540 470
82 46
871 213
530 897
797 319
810 883
192 233
177 283
312 172
973 971
905 838
419 169
412 95
802 455
10 435
844 59
841 971
481 644
543 750
609 426
137 396
563 780
206 635
862 446
464 543
389 445
502 59
626 74
193 397
429 191
912 16
674 818
232 393
737 710
959 167
39 74
509 780
415 242
231 677
130 904
793 54
671 745
279 74
119 658
5 130
231 892
809 331
714 123
972 859
132 940
786 803
669 421
955 177
416 436
458 352
808 7
393 360
325 554
181 74
587 225
702 829
139 262
28 223
197 476
677 45
818 572
580 136
964 319
809 520
897 891
458 295
647 691
237 490
782 323
281 611
41 773
670 973
125 922
668 883
803 261
467 572
85 938
752 112
581 362
748 827
841 685
732 569
377 32
284 751
438 805
97 328
909 559
247 153
900 821
51 509
181 134
112 868
150 321
112 611
312 361
307 283
477 683
682 739
335 622
810 193
26 842
888 69
635 790
500 69
883 42
260 316
218 476
832 629
786 526
189 467
512 794
142 529
63 498
964 559
855 254
565 219
257 853
779 351
939 758
391 533
920 414
82 431
590 543
137 299
544 715
155 321
901 790
367 782
3 402
824 305
75 911
263 432
743 447
27 460
665 563
65 880
432 607
959 88
599 709
250 422
731 973
661 146
613 360
960 119
690 281
928 596
231 61
948 159
918 597
693 479
211 541
156 291
494 645
737 417
648 16
814 876
313 191
357 385
322 269
577 71
35 178
185 153
221 487
967 421
817 922
588 490
413 695
486 824
699 108
886 971
472 955
408 961
332 474
202 841
848 596
398 372
364 409
213 362
971 685
917 328
257 597
707 734
722 281
888 60
965 431
814 966
603 187
928 895
406 224
404 817
544 800
694 247
564 178
124 818
45 283
28 513
702 619
325 394
349 805
209 590
394 704
658 465
98 663
281 177
196 431
567 540
177 546
939 742
512 254
211 331
314 428
74 579
233 842
53 760
754 330
71 123
840 869
961 613
674 541
761 289
12 880
873 361
319 418
132 906
64 393
473 301
69 298
51 374
767 324
532 596
18 498
195 505
210 640
419 568
432 768
476 319
738 10
125 174
70 739
488 597
269 209
770 568
897 328
462 524
33 455
528 963
6 569
874 637
763 363
429 295
458 688
448 5
116 350
265 648
342 220
602 802
518 334
765 973
908 812
658 561
428 918
171 431
874 259
491 471
872 885
594 918
256 713
324 532
63 440
112 611
187 971
888 561
183 90
426 350
316 493
305 640
155 357
654 130
549 325
896 801
759 72
7 715
770 298
363 465
183 145
157 408
655 178
831 257
875 112
11 677
834 488
270 790
205 732
602 275
253 375
893 878
559 350
402 98
934 720
498 167
467 572
890 13
388 330
872 377
38 541
500 460
555 818
8 883
441 898
388 881
444 648
649 572
950 201
879 442
387 566
543 750
875 490
211 541
655 631
850 931
489 717
495 569
901 335
556 655
307 387
254 33
725 45
20 342
535 880
57 878
494 1
911 559
118 441
430 590
504 742
943 138
426 350
846 546
482 347
494 476
464 209
645 624
475 889
103 32
204 371
771 343
112 611
529 38
557 648
287 812
449 859
259 230
417 807
659 790
537 649
838 58
165 517
549 436
460 627
505 449
118 474
269 328
827 423
282 524
283 455
218 841
908 942
396 801
495 640
328 750
847 818
803 203
375 728
319 418
699 861
322 128
159 334
302 570
832 276
914 973
666 225
738 105
752 598
7 267
589 707
358 381
424 448
121 470
184 968
258 806
423 141
793 401
331 663
389 143
346 418
447 11
637 78
858 513
810 622
19 496
16 386
417 96
719 560
69 961
166 497
32 640
811 920
719 770
331 467
367 170
476 971
930 821
408 508
134 969
152 167
756 105
670 685
748 703
857 938
887 379
525 838
587 155
759 8
51 435
616 751
121 903
687 938
895 449
220 32
865 968
837 710
718 850
822 334
804 630
268 909
436 596
16 635
878 187
406 297
778 954
530 122
325 865
236 953
265 930
145 298
612 71
472 281
671 683
920 331
643 331
83 469
796 899
247 918
209 590
480 426
847 674
834 576
34 112
253 513
316 255
959 177
741 904
473 771
99 10
238 138
365 958
80 712
846 604
382 717
482 3
433 812
485 507
518 597
662 675
264 545
862 50
569 631
558 209
593 476
55 62
970 969
434 950
51 563
747 496
505 423
910 431
821 16
87 341
386 942
661 931
892 59
896 479
491 310
265 229
521 970
545 357
287 747
342 745
450 602
662 449
686 650
383 815
27 627
308 396
557 635
776 689
743 85
217 627
860 930
528 279
86 332
724 648
701 425
456 625
363 422
558 374
226 760
828 104
348 162
700 140
258 538
611 283
30 707
519 565
521 355
291 130
80 376
236 655
352 749
968 449
817 112
447 404
502 176
405 720
924 647
352 250
416 549
864 658
884 162
416 587
408 961
210 257
484 60
148 973
362 801
810 172
637 299
183 727
306 654
807 906
348 601
253 514
651 495
651 499
846 158
320 245
452 564
971 685
955 283
913 645
542 220
717 654
634 420
848 928
320 123
796 899
231 280
209 750
797 574
190 942
549 338
27 119
81 516
150 251
864 60
132 266
381 533
790 190
526 870
242 281
290 87
324 543
26 543
84 223
682 541
84 223
356 516
758 733
319 600
9 201
508 510
386 942
699 227
968 324
111 669
432 931
419 599
598 922
127 659
480 886
824 853
156 69
917 184
118 15
681 94
175 428
409 947
69 296
32 597
240 466
386 942
704 563
115 203
509 436
416 26
286 621
896 219
362 663
916 355
204 790
830 853
490 868
788 420
120 379
119 870
703 620
714 5
275 186
11 289
747 927
727 424
716 144
834 745
815 338
358 635
304 801
897 563
115 245
684 13
356 933
133 421
130 904
816 108
846 113
845 576
473 155
599 203
957 358
780 750
95 765
881 490
917 321
620 464
216 285
399 689
215 666
526 465
540 645
401 423
911 574
538 162
482 572
53 914
855 881
261 838
878 760
653 780
464 750
317 790
318 467
411 648
655 965
650 516
718 50
366 966
613 5
503 597
825 24
547 955
236 965
148 272
498 167
779 701
88 687
309 189
469 845
373 878
847 728
97 26
305 597
280 330
911 624
681 490
719 709
365 653
868 330
234 174
706 973
308 899
81 623
826 715
960 535
319 418
505 895
286 812
947 971
882 947
935 730
552 136
769 771
561 613
696 973
345 494
893 420
633 283
314 441
757 194
629 1
35 377
88 177
314 427
479 572
73 166
887 637
188 423
395 737
208 817
401 192
674 467
281 546
247 564
601 569
554 184
349 656
689 191
346 372
822 441
390 137
33 754
289 611
383 300
418 850
201 190
176 181
536 439
901 386
277 267
304 663
359 238
457 859
25 671
323 291
175 431
643 695
521 617
421 16
530 66
74 455
858 425
648 733
158 289
382 131
35 153
296 961
777 361
314 918
304 213
957 791
512 546
502 186
959 61
389 886
584 398
969 177
56 480
77 734
798 16
247 25
419 58
956 868
506 942
583 47
191 510
160 415
708 464
579 33
619 334
41 5
702 867
249 829
215 180
861 949
133 861
724 742
800 266
298 5
364 187
376 108
721 434
327 470
16 927
452 228
928 756
443 60
609 919
652 442
620 672
480 426
603 350
224 6
68 509
773 360
726 143
485 5
388 844
495 305
463 688
59 970
559 931
260 878
314 20
466 16
829 745
415 447
95 166
935 631
55 888
389 398
274 510
401 423
734 649
641 407
863 233
334 103
484 717
203 5
52 411
90 510
751 559
274 561
250 123
881 138
516 720
834 103
494 645
769 269
66 343
178 431
362 946
515 33
314 898
48 863
568 526
133 635
13 888
906 362
140 306
774 753
20 22
739 331
606 148
299 479
207 386
667 299
262 509
536 211
206 361
884 619
754 45
833 463
565 807
833 131
214 43
313 71
351 663
952 842
546 611
37 385
541 30
121 50
698 731
433 201
426 470
189 808
916 238
647 794
539 445
307 761
332 136
639 909
126 254
877 863
405 650
91 677
633 208
221 280
584 850
257 538
92 445
36 602
84 100
752 59
783 665
322 269
151 107
680 144
89 279
230 362
127 923
320 654
951 621
842 780
302 551
352 295
809 808
931 706
666 665
187 760
955 970
113 238
160 868
500 367
848 895
437 603
459 968
92 685
621 622
368 413
661 398
622 240
361 201
490 687
521 106
944 856
158 74
717 296
888 296
330 455
770 250
445 559
700 904
314 732
425 946
933 635
600 426
817 954
955 330
111 648
476 398
185 486
969 588
370 476
916 844
187 645
383 772
862 480
100 479
734 946
846 74
747 407
833 507
488 806
551 351
749 115
518 966
473 509
291 320
881 969
45 283
74 778
299 479
939 421
805 59
212 864
887 219
602 455
899 439
382 62
143 931
485 47
238 954
401 582
705 878
723 120
834 136
777 849
231 579
608 72
31 937
537 390
797 511
886 706
75 726
634 609
340 185
665 672
777 812
776 179
139 378
870 448
827 554
939 524
699 483
90 508
390 522
731 657
860 648
953 534
449 464
958 839
52 421
611 455
682 341
710 7
426 878
480 911
930 108
842 543
457 464
590 543
671 569
253 826
344 921
9 466
227 889
819 942
242 546
49 45
925 930
721 812
526 69
327 685
966 32
590 750
72 927
658 245
27 592
209 842
943 647
103 431
183 424
952 582
313 463
255 540
533 421
649 572
669 376
503 182
833 465
512 546
629 373
752 943
694 806
94 472
711 398
196 178
209 842
700 323
680 531
416 449
607 497
163 377
391 9
146 187
525 727
427 83
461 299
659 229
925 861
440 969
163 258
760 973
24 474
31 736
957 573
764 397
171 531
611 283
509 449
385 891
437 911
272 480
183 904
567 409
659 411
717 561
500 592
534 867
479 715
833 654
742 407
183 295
584 50
752 969
198 285
391 816
163 814
414 643
33 177
913 493
236 144
417 318
831 257
589 299
710 946
956 280
635 790
620 357
522 142
611 938
123 130
385 324
343 859
955 611
914 911
507 298
283 455
575 105
551 649
386 942
213 425
300 464
538 597
396 693
492 623
644 911
661 50
46 196
441 564
95 886
489 658
416 839
893 878
364 50
590 750
349 591
577 448
813 747
774 771
943 112
574 350
387 844
923 889
228 285
487 281
783 141
159 216
914 559
640 576
710 467
334 683
749 298
432 284
359 113
224 898
898 153
16 927
407 16
223 331
702 216
423 596
471 779
511 574
931 706
653 543
353 899
722 113
684 460
203 510
307 4
368 290
118 441
469 22
828 644
242 281
110 842
897 343
125 963
633 546
220 534
940 362
538 597
248 969
498 106
341 467
231 242
884 601
139 54
585 498
241 6
84 318
120 796
716 495
78 701
7 807
173 674
168 31
310 98
783 968
608 111
562 607
465 360
197 755
282 949
674 7
131 904
71 298
466 635
742 622
700 448
160 102
779 362
245 904
864 714
913 409
494 540
522 362
574 187
579 881
814 576
736 582
259 439
648 524
255 350
551 906
651 285
824 488
75 828
601 534
85 677
950 516
865 952
315 852
815 122
652 397
458 261
864 69
729 730
735 938
879 762
394 505
436 378
572 946
255 574
656 283
681 588
222 376
28 259
449 590
846 843
725 954
847 779
391 227
694 822
858 527
360 5
366 452
115 599
452 854
812 720
881 237
719 586
448 58
401 505
798 668
513 98
679 603
542 20
344 87
444 608
189 7
180 43
434 411
772 877
70 808
160 472
222 933
680 428
461 674
888 296
91 59
744 81
608 821
134 61
886 973
395 414
736 780
665 328
276 878
487 61
151 217
579 59
318 715
816 622
505 378
693 734
940 7
902 470
838 71
719 47
264 214
344 693
463 526
316 398
21 264
726 53
532 891
790 942
778 868
807 715
760 685
476 909
96 213
94 687
667 189
897 895
6 966
352 613
886 973
937 783
322 665
22 576
566 938
718 603
360 510
720 270
15 569
901 444
183 323
566 490
893 731
122 509
62 904
34 843
380 207
910 257
644 511
257 853
797 446
344 471
350 706
858 302
538 597
12 561
225 328
473 891
500 654
898 806
477 136
235 445
589 649
385 895
257 834
837 347
95 603
522 818
93 177
414 78
115 130
875 289
193 397
342 806
263 146
839 756
571 213
676 532
681 579
411 635
669 933
464 543
957 293
465 203
90 5
53 540
435 105
100 565
223 479
153 597
108 933
74 681
431 488
709 510
686 939
802 843
903 511
182 488
196 441
708 10
124 2
268 828
487 681
471 572
708 891
791 376
456 457
505 233
221 970
540 600
52 747
188 620
110 968
141 464
870 507
383 563
705 57
709 717
504 207
112 330
593 166
971 685
52 312
876 834
469 377
948 427
234 242
659 42
377 103
636 220
140 424
236 531
722 498
30 341
482 946
22 806
54 180
701 674
200 28
536 837
321 582
575 168
236 469
423 233
50 559
784 211
165 62
466 386
174 725
401 10
60 613
728 837
796 728
797 657
572 946
769 436
697 626
546 283
48 378
361 421
607 914
553 428
44 560
128 122
364 511
647 289
199 476
584 698
204 16
279 102
10 509
387 956
953 898
20 845
59 687
529 96
621 361
940 826
767 771
469 22
706 973
45 687
489 714
73 607
599 145
420 869
365 895
547 61
302 30
427 965
954 112
251 582
751 350
916 112
430 545
849 524
252 600
567 789
409 600
595 247
179 448
720 733
669 381
4 817
544 643
117 807
776 517
6 305
168 209
129 838
275 938
793 653
222 335
350 187
45 868
439 467
918 431
220 683
828 731
625 895
289 955
814 171
626 922
407 381
917 21
700 803
126 88
365 928
835 914
895 209
476 336
849 942
666 456
584 345
21 704
738 509
32 431
730 853
207 949
162 853
435 105
931 350
869 187
794 938
73 420
224 898
885 884
912 240
385 233
354 889
476 645
69 296
53 919
120 693
472 881
613 654
475 421
668 523
164 604
543 780
724 659
798 758
333 230
820 218
722 498
99 877
3 379
388 359
782 654
539 679
281 970
28 570
953 342
266 425
706 470
438 440
16 927
299 572
258 144
827 756
261 58
823 287
422 58
193 52
927 386
500 424
578 189
413 649
218 947
756 563
325 676
274 131
329 508
117 70
964 852
277 439
63 778
607 67
365 736
61 725
450 181
85 794
642 427
838 568
331 663
632 15
621 239
86 854
24 885
442 108
491 513
859 543
191 296
550 492
604 94
655 683
57 645
724 622
888 714
567 197
68 897
941 815
240 386
875 106
80 659
339 936
408 90
608 172
18 604
606 645
431 488
482 96
893 218
92 1
399 298
482 137
682 137
107 526
277 674
960 323
389 470
520 213
962 954
489 904
659 466
964 255
66 436
366 898
554 897
753 378
127 758
5 904
527 70
779 132
846 916
379 467
734 341
772 815
775 717
381 790
843 254
801 425
602 490
746 854
779 571
909 574
771 141
158 677
212 419
690 388
541 818
861 9
266 707
953 488
292 317
510 904
526 191
113 237
594 631
538 285
840 685
541 341
766 320
537 253
510 130
743 546
494 1
629 711
313 58
931 706
666 459
395 77
83 196
943 954
895 209
739 734
572 946
457 543
181 681
524 623
327 931
676 780
531 729
621 861
76 771
890 410
720 386
136 495
809 414
916 355
293 240
274 741
812 466
866 161
797 947
523 557
866 201
466 16
423 464
426 645
714 654
52 72
411 733
580 332
452 342
174 289
512 843
298 904
407 421
868 330
138 955
852 350
508 904
598 502
196 305
184 385
360 904
145 360
348 542
862 903
694 369
584 828
894 545
582 756
665 209
142 514
791 376
968 672
686 433
696 146
643 362
176 113
565 734
763 169
449 653
214 968
598 242
229 293
271 257
444 573
37 301
156 526
42 381
508 360
631 576
44 274
655 22
386 942
770 714
555 362
664 192
725 186
880 320
836 426
387 472
197 104
798 861
628 138
52 669
654 904
908 950
913 389
154 806
497 706
63 547
38 479
523 421
14 15
531 898
749 463
86 216
209 590
374 877
356 933
73 166
906 331
789 511
662 357
121 903
77 779
60 5
526 904
26 66
45 455
522 96
405 524
211 467
15 474
970 611
598 237
679 760
909 121
707 572
135 711
447 647
679 886
304 921
581 425
52 821
822 236
310 807
810 550
865 128
526 291
918 153
560 191
1 624
254 33
66 509
102 281
6 830
426 760
394 436
893 57
355 588
169 145
568 250
937 675
166 187
491 514
33 588
170 306
948 876
409 909
959 970
629 638
486 631
454 733
366 910
580 702
272 445
449 859
757 503
879 190
167 45
44 583
788 971
505 780
72 270
578 28
12 787
414 541
932 87
729 32
839 704
109 743
446 971
731 57
953 867
239 358
516 466
729 576
765 1
524 190
400 536
476 852
851 448
343 378
953 824
541 331
516 475
949 524
435 543
349 176
939 466
6 601
56 869
350 971
214 530
615 293
459 750
339 736
953 22
499 845
170 961
42 648
944 510
843 167
139 110
405 720
809 728
487 805
765 57
888 510
736 842
16 190
486 210
691 855
24 503
882 964
134 677
43 449
552 15
629 765
748 66
861 747
502 892
380 821
205 441
719 64
130 904
508 904
428 474
840 765
152 167
735 167
323 58
837 565
801 341
674 425
861 312
36 138
676 863
89 34
633 91
473 449
