621 2601
476 439
48 594
621 573
493 507
367 281
266 91
273 386
345 94
485 305
362 187
380 189
334 359
294 231
9 407
29 570
388 399
383 258
307 526
365 349
36 542
240 276
486 197
8 400
247 506
240 223
60 520
133 288
326 602
158 328
572 569
36 111
288 116
78 336
253 458
340 184
271 615
312 412
474 336
148 36
585 523
92 331
414 45
202 302
386 43
306 79
618 222
323 327
551 371
472 530
601 2
581 128
498 570
9 327
390 582
389 240
301 415
522 136
5 151
553 520
543 587
157 281
257 594
76 121
612 165
284 103
590 400
82 192
386 142
401 498
261 281
603 457
577 330
543 312
329 57
133 389
621 66
266 596
162 151
89 12
568 350
189 231
483 93
154 201
31 485
556 560
214 202
128 478
343 470
110 501
592 33
143 204
209 459
309 327
3 264
36 113
73 190
332 139
171 391
124 184
182 532
123 588
119 55
185 357
245 397
533 485
526 504
388 5
53 290
613 616
583 347
259 101
375 198
94 2
96 66
542 190
323 104
77 419
452 212
273 113
139 407
115 275
127 222
610 224
412 13
574 544
14 350
98 621
17 499
259 279
230 535
31 380
146 573
467 99
554 440
528 281
194 107
82 259
171 240
442 33
345 250
177 570
386 504
158 327
617 589
614 336
335 430
468 367
237 373
482 330
488 608
560 113
577 227
540 585
94 66
495 100
538 23
472 23
418 247
90 505
423 337
378 211
554 64
219 57
342 327
542 416
574 531
526 43
110 461
295 453
545 608
539 357
357 550
303 114
361 496
182 461
560 355
452 591
538 384
572 311
508 368
499 431
457 30
34 319
245 416
228 336
46 327
161 57
621 137
301 293
392 137
245 276
38 298
78 419
219 101
434 367
248 222
343 46
142 415
76 30
307 38
223 244
194 179
86 279
316 412
80 219
115 112
555 162
424 415
200 79
538 483
293 200
571 495
528 151
51 363
485 191
133 595
52 327
465 502
141 399
441 458
534 226
444 557
373 293
405 75
540 136
517 270
361 57
153 111
478 197
10 130
333 576
328 19
13 151
201 226
109 311
208 308
471 591
460 416
354 538
4 407
258 113
255 305
61 597
191 190
267 130
595 369
496 79
442 412
83 323
562 104
271 317
562 170
88 200
542 130
27 557
612 108
154 549
383 410
309 507
301 482
456 189
35 184
39 111
408 62
465 288
160 116
372 127
424 244
387 208
531 222
346 126
342 151
123 238
99 438
466 30
117 416
348 475
463 154
296 279
225 496
394 545
327 396
603 184
206 619
316 193
193 1
239 607
566 95
177 387
90 19
600 21
13 594
435 83
220 130
327 580
283 186
220 262
489 451
216 363
526 262
517 125
353 143
330 244
465 148
596 520
437 409
221 445
140 271
422 419
73 337
241 473
235 580
604 48
91 610
546 501
508 591
130 79
159 169
114 582
164 403
204 363
587 575
436 496
368 294
145 81
171 7
554 231
208 216
119 488
182 297
27 38
47 342
21 281
26 525
560 552
531 272
291 461
19 580
166 591
140 303
141 163
505 346
464 467
506 498
488 446
67 567
452 619
66 238
218 281
326 280
512 44
414 191
329 490
305 331
296 85
253 288
185 318
203 558
97 56
24 437
581 73
54 255
82 545
216 535
204 520
583 32
375 400
101 262
512 498
8 262
121 263
239 284
168 266
379 263
306 219
206 614
503 419
243 19
246 36
175 161
189 231
435 13
420 20
407 151
552 79
489 380
6 386
78 557
175 416
519 421
412 401
378 85
592 399
96 52
93 179
382 262
238 127
472 568
485 267
505 21
226 388
338 47
116 200
481 198
20 446
79 190
340 122
154 315
540 451
575 151
42 455
375 142
77 500
259 246
228 231
617 224
503 63
144 81
105 154
434 157
40 13
100 149
179 367
6 31
159 510
104 44
295 331
268 293
270 378
542 190
487 323
322 347
255 499
551 583
267 231
46 102
125 244
500 258
2 226
139 193
522 502
294 130
88 85
197 79
129 161
373 55
496 267
433 385
225 197
614 111
70 593
234 568
608 197
155 153
606 419
334 153
380 391
584 438
153 212
550 346
385 367
226 99
169 201
277 445
228 337
11 516
487 421
609 115
124 559
245 552
441 422
419 552
557 336
276 101
212 79
521 244
150 144
303 493
376 553
489 227
511 407
321 553
442 1
87 576
276 564
517 552
26 114
548 570
152 446
545 294
564 211
151 594
535 248
362 2
74 436
313 455
523 608
513 434
471 244
433 204
442 551
553 342
319 165
447 238
47 202
241 40
595 453
161 305
91 353
618 484
562 210
553 308
326 136
335 53
457 201
174 503
504 211
388 399
238 468
562 126
166 212
462 31
510 434
12 386
276 78
106 272
402 518
91 617
268 12
16 96
87 405
275 116
132 200
258 85
254 204
97 122
29 512
256 326
271 534
504 116
318 165
583 429
606 244
231 190
142 337
519 56
64 191
211 197
521 545
50 17
519 582
104 157
304 102
15 593
610 90
117 211
347 151
292 367
526 142
81 439
490 78
380 576
415 85
180 222
259 430
412 363
126 5
491 148
267 231
451 419
535 281
418 572
506 19
271 126
378 262
283 421
574 353
602 101
83 157
60 118
2 104
362 514
558 595
607 460
66 30
150 571
558 336
62 108
309 613
208 580
178 564
602 267
25 227
360 99
330 190
353 108
566 111
217 126
490 415
405 200
431 225
265 136
499 130
559 186
401 498
100 84
279 71
368 614
250 616
583 96
340 210
28 444
25 227
44 308
479 339
186 281
445 336
389 602
319 104
135 542
568 531
203 439
176 67
164 614
486 116
341 29
158 42
449 128
240 85
393 384
293 619
187 48
234 520
251 446
501 244
515 105
523 111
73 269
40 14
148 270
334 175
458 366
363 151
11 23
478 497
360 513
399 44
75 369
456 488
481 198
209 232
490 153
186 367
86 101
355 211
158 580
427 567
534 506
265 88
230 527
64 113
512 513
276 305
254 99
206 344
433 247
431 444
108 388
445 113
537 147
205 279
540 113
437 114
455 222
323 272
345 257
225 148
505 349
319 367
140 47
209 390
121 83
266 616
495 285
363 438
397 212
258 336
226 399
345 372
585 78
175 558
345 107
283 254
338 589
431 43
358 170
490 244
315 407
110 608
111 85
535 156
360 201
86 63
198 231
372 186
486 614
216 48
52 407
87 378
56 14
107 376
330 453
181 322
13 21
250 388
355 88
391 55
412 535
159 108
177 32
76 48
566 545
152 88
302 567
5 248
18 445
574 412
171 270
290 476
310 257
262 190
146 33
278 234
485 552
479 555
488 391
263 29
250 235
549 210
136 375
455 21
610 224
280 240
248 186
208 507
79 190
102 29
83 19
538 47
138 102
533 55
237 462
581 70
6 27
434 13
203 198
492 469
305 111
211 88
89 542
168 426
274 337
351 32
6 333
426 603
440 403
419 111
139 535
309 76
80 39
391 78
93 83
185 65
360 580
225 116
460 113
136 355
55 244
2 379
472 93
321 121
48 99
306 430
411 137
81 85
427 308
425 466
375 113
328 360
597 415
605 328
120 328
518 455
229 67
571 174
368 69
432 119
207 441
350 313
198 258
557 262
567 272
500 200
59 200
584 498
564 189
521 288
49 76
595 142
513 108
601 589
551 66
557 415
24 562
246 101
474 521
584 604
554 422
232 346
387 572
176 202
444 231
564 43
528 184
578 142
517 148
523 606
81 337
507 582
186 281
115 415
558 81
282 236
108 367
310 180
275 36
483 346
566 286
457 573
36 369
45 178
64 103
565 124
44 367
486 415
365 226
393 323
479 311
396 44
27 485
258 211
187 363
266 193
106 323
552 200
84 375
511 434
322 83
414 149
268 253
119 198
620 179
619 228
143 289
425 493
577 403
80 517
65 233
312 514
60 399
50 18
239 576
465 446
138 151
221 244
549 254
393 66
480 174
564 231
507 388
382 445
414 153
329 227
84 597
64 285
166 189
298 533
3 409
235 180
339 229
166 458
55 79
151 367
556 287
221 614
598 223
52 511
70 382
24 341
7 416
483 154
201 99
209 457
48 157
299 336
149 112
182 39
95 64
254 438
259 195
331 552
319 5
197 130
535 99
183 366
539 512
514 584
432 591
545 557
347 248
548 353
339 316
606 88
443 111
115 55
323 151
243 575
502 564
117 88
424 79
341 56
72 130
102 340
210 507
305 231
138 548
41 535
86 460
427 158
98 498
4 106
89 436
495 404
490 198
275 36
510 248
124 121
122 570
546 366
497 403
129 37
236 446
490 79
187 513
362 350
318 457
442 401
68 288
534 201
495 485
566 503
6 540
162 126
297 560
71 606
353 340
175 239
200 79
224 520
367 308
392 83
619 403
5 157
499 111
399 156
610 604
59 482
403 63
580 156
453 294
80 145
316 393
616 19
130 79
258 262
468 363
101 79
228 552
267 552
409 146
24 180
19 13
31 478
621 308
385 48
580 438
408 469
354 345
143 363
453 378
311 510
387 506
372 616
482 112
526 240
414 299
144 86
220 397
191 189
114 580
94 615
20 461
404 378
278 328
64 18
496 116
533 517
523 231
339 584
38 57
521 101
163 187
529 119
427 107
104 292
253 441
339 396
411 140
93 396
468 127
606 481
173 92
131 110
335 53
449 415
281 308
533 64
607 314
231 190
15 113
108 434
79 190
244 415
232 342
178 523
120 483
290 324
382 73
359 142
113 190
12 419
468 292
417 174
235 29
127 30
221 267
589 393
617 165
609 490
385 108
14 615
580 44
460 485
534 507
177 156
123 32
147 494
64 488
224 114
47 138
257 65
135 439
302 226
317 498
107 264
247 520
370 59
244 355
465 81
95 276
398 228
144 330
269 416
187 263
273 439
13 30
88 200
59 112
595 220
428 108
77 255
587 289
201 567
419 231
554 57
23 367
510 573
558 366
537 594
12 288
535 323
557 36
133 136
83 19
286 431
239 324
479 549
621 93
536 391
320 575
362 425
2 66
525 184
440 251
240 488
145 540
356 425
7 436
343 216
146 339
61 192
373 444
88 79
94 587
449 103
195 191
256 325
514 468
589 156
494 322
38 445
289 156
152 244
347 272
72 431
570 308
447 582
246 597
251 305
617 360
235 29
351 551
579 496
494 580
450 142
310 534
267 294
405 476
585 258
173 88
271 342
530 568
39 20
412 281
298 116
413 28
566 614
555 157
36 111
505 30
148 597
233 272
356 530
541 492
181 139
77 558
198 111
266 567
539 322
547 93
369 378
575 580
98 393
427 428
369 111
530 616
122 83
292 367
150 422
310 363
12 439
120 99
188 115
619 416
554 267
355 415
520 434
620 321
102 114
596 99
112 142
484 247
203 329
164 460
225 103
600 319
304 409
111 85
230 217
447 156
606 542
336 85
49 187
214 202
204 363
377 471
357 587
172 242
149 557
401 594
174 246
113 88
153 269
618 126
188 420
218 559
345 327
339 96
499 440
55 130
78 564
450 71
114 401
526 391
426 48
275 88
204 217
381 191
226 292
198 378
487 379
487 143
436 540
187 438
477 107
520 580
447 327
394 183
459 99
461 331
555 157
33 226
142 542
215 250
291 63
577 585
160 415
535 157
67 385
4 289
601 48
338 106
391 125
127 5
314 403
509 108
175 391
318 292
333 178
307 36
237 198
347 5
576 288
43 125
541 520
43 189
468 99
243 180
178 391
108 21
145 450
329 501
316 616
592 384
15 560
110 329
301 335
564 560
603 399
491 501
483 210
323 186
185 525
250 235
298 211
592 252
525 127
174 533
217 388
165 396
287 406
425 315
608 378
70 84
562 222
507 531
37 314
377 119
36 228
216 222
601 421
335 191
531 165
269 369
259 419
167 330
286 445
365 127
271 562
546 529
355 130
185 567
389 451
69 485
145 37
24 123
290 461
278 574
274 149
553 575
40 320
467 2
492 322
556 153
579 189
574 455
504 197
338 543
544 229
278 283
582 594
374 228
415 85
165 48
355 85
259 305
150 406
443 293
497 288
125 619
136 111
239 166
507 222
111 200
272 594
385 570
537 67
288 557
304 527
123 67
182 614
387 13
536 375
330 545
332 535
409 29
37 336
17 205
601 62
392 229
28 478
254 151
165 455
397 545
244 211
333 485
89 476
263 104
492 379
70 474
158 507
594 367
5 222
500 212
478 540
168 163
578 369
614 378
496 481
436 325
311 313
122 396
69 593
217 292
396 594
97 596
331 614
544 315
305 85
487 520
140 544
130 190
390 143
180 151
121 553
95 20
532 533
354 349
173 526
572 48
435 162
231 200
408 340
521 545
533 211
394 183
226 222
434 281
588 66
441 430
14 21
571 221
454 228
246 557
121 162
420 450
408 549
462 115
260 224
178 431
243 302
287 325
312 457
159 434
427 181
237 373
377 523
275 111
299 529
53 453
90 67
227 197
2 528
383 68
157 281
476 298
506 513
544 469
293 267
436 286
253 564
494 434
104 156
531 407
369 419
381 333
165 222
55 198
496 142
277 43
349 588
507 570
173 110
145 73
109 583
274 64
376 384
131 207
67 226
176 137
283 584
605 315
419 231
391 79
122 582
394 619
387 65
219 403
511 186
116 419
234 604
443 476
12 198
107 126
583 316
402 426
191 160
234 97
4 254
61 431
461 552
576 240
407 126
475 593
163 484
30 157
595 119
29 13
380 585
390 616
75 415
307 277
282 374
359 88
251 55
285 130
468 48
28 348
251 614
260 562
59 336
258 79
518 146
613 204
316 143
149 446
86 149
497 488
107 42
534 44
328 21
481 552
146 360
122 156
56 102
508 265
485 160
115 486
25 526
560 369
422 614
337 504
479 537
67 447
533 523
228 231
444 115
559 308
567 222
178 424
33 222
608 305
186 156
572 509
412 388
593 501
169 594
272 363
44 292
568 438
160 262
444 545
327 308
42 83
133 119
305 403
474 198
234 507
25 164
95 446
550 165
598 285
123 601
194 315
594 281
279 149
254 114
31 585
381 77
179 584
486 424
244 552
538 376
388 104
191 142
379 312
540 43
313 407
308 156
1 104
336 262
149 276
177 52
294 189
430 403
461 597
79 190
405 294
150 405
72 334
182 398
512 238
100 267
515 52
406 560
200 190
444 71
405 273
605 157
273 145
8 297
108 99
207 490
71 496
293 78
280 501
155 430
276 231
102 313
291 380
443 73
594 281
363 222
432 258
388 157
614 85
609 195
226 388
414 348
589 19
516 434
194 572
335 454
171 369
572 42
424 378
81 496
115 269
420 552
222 281
307 212
431 598
361 55
164 20
66 455
216 165
481 355
402 519
459 65
189 197
85 79
589 41
550 122
434 367
201 535
333 602
446 504
235 5
10 476
555 570
340 567
589 247
271 316
525 438
487 143
49 477
114 347
57 115
105 393
162 323
559 322
381 113
34 14
400 79
63 198
261 292
461 275
429 594
255 73
608 496
224 281
179 210
420 606
131 191
200 190
417 69
87 609
328 108
406 284
359 111
501 212
32 303
58 468
617 66
119 460
446 597
460 84
240 486
396 99
528 604
259 190
520 21
480 608
261 507
517 606
269 336
182 378
496 337
451 63
587 44
201 520
221 446
63 130
258 88
41 412
55 560
347 385
34 242
593 578
88 231
436 579
513 535
366 446
456 406
306 578
145 355
144 223
374 501
63 88
443 240
466 44
405 290
262 197
81 597
221 576
96 549
8 244
600 379
298 419
376 342
57 386
173 59
320 283
319 506
388 151
606 337
109 254
317 184
297 305
368 117
34 582
174 453
505 615
417 69
488 251
279 608
253 270
547 620
206 183
574 97
425 588
135 149
482 221
308 156
224 535
60 315
556 221
5 292
503 160
465 227
591 148
339 158
292 281
494 447
38 324
51 151
466 13
19 327
106 126
424 275
511 99
309 483
507 363
457 555
517 189
599 212
163 620
572 210
517 579
207 608
14 509
532 128
81 331
27 258
560 85
301 150
585 285
29 399
154 104
59 17
356 457
63 79
16 201
459 91
44 156
287 607
326 403
345 283
104 281
518 257
562 425
13 438
494 272
378 200
343 384
28 191
344 119
403 552
354 35
84 504
463 507
168 575
599 558
64 324
118 350
314 557
560 244
581 380
578 112
607 298
258 88
262 79
487 289
200 79
140 44
133 291
429 457
340 303
107 407
125 113
553 238
334 195
419 231
154 162
213 153
123 139
614 85
485 85
153 523
447 401
563 598
277 606
439 606
230 234
51 367
307 95
387 569
1 520
214 156
136 461
539 67
59 69
274 197
469 376
172 570
39 552
605 315
256 145
138 315
233 604
315 165
318 201
425 127
6 497
537 52
170 281
301 545
92 190
237 231
199 67
90 512
88 197
561 431
48 363
394 220
195 231
236 171
452 475
224 157
25 499
139 272
128 481
299 474
618 193
143 42
498 580
119 369
225 244
418 217
423 251
384 66
306 280
311 390
362 339
42 233
305 614
456 39
139 281
22 488
47 234
201 513
51 401
411 544
408 467
532 521
248 308
357 469
98 345
370 416
109 570
443 436
531 594
322 83
543 204
14 589
533 112
29 520
179 363
596 222
459 233
325 174
39 20
47 611
422 116
184 584
399 570
492 367
158 114
30 363
310 388
231 79
75 336
187 575
226 292
429 350
65 106
155 285
306 558
34 248
208 534
576 112
599 597
276 190
431 416
534 42
247 580
146 392
321 289
455 156
387 122
520 21
385 281
33 52
99 292
443 296
110 198
56 122
78 375
484 388
38 564
283 30
38 419
598 113
387 179
352 324
191 481
450 406
447 438
47 122
496 130
170 580
538 35
43 337
540 267
493 147
206 397
435 372
283 292
59 496
248 281
233 513
171 329
593 403
400 294
519 186
453 560
268 223
144 446
278 613
56 412
299 325
120 616
448 167
571 291
125 189
503 598
155 148
200 190
614 197
72 291
89 155
309 19
340 5
546 80
370 369
15 166
569 283
93 347
209 29
579 55
176 515
105 186
291 191
407 44
479 218
331 285
273 280
533 284
394 405
78 419
121 151
533 355
39 101
88 197
535 44
500 43
36 336
298 337
204 23
252 350
427 548
105 29
88 552
110 552
59 274
196 186
578 223
203 192
605 46
287 307
97 5
11 226
442 407
113 130
112 244
249 352
432 554
410 55
76 611
335 326
137 582
383 413
301 115
155 523
106 292
439 130
542 552
5 292
444 608
415 336
486 88
254 340
17 329
308 156
243 512
350 555
566 314
606 270
176 438
608 378
2 438
257 580
133 361
396 44
435 515
334 84
543 580
562 29
387 66
177 40
491 502
236 461
358 390
76 493
463 2
98 551
249 420
242 48
123 261
55 614
211 262
421 238
172 162
75 244
199 248
471 445
380 331
305 75
93 412
551 338
386 212
230 327
318 51
477 470
524 69
54 285
155 69
371 509
466 396
91 83
480 285
379 201
115 422
583 316
486 189
289 323
437 162
615 23
350 201
407 347
501 200
509 535
569 5
341 543
335 501
168 574
324 79
324 424
108 594
298 293
178 526
408 315
297 366
38 64
601 1
223 560
595 400
48 157
605 159
362 156
333 373
608 190
273 461
223 85
141 126
76 512
186 156
79 190
113 200
337 211
208 46
545 504
478 404
53 133
68 78
94 363
433 52
92 501
561 145
388 248
513 44
96 312
79 190
349 114
388 434
410 116
411 530
471 55
39 197
147 323
61 113
455 222
570 363
193 604
521 540
529 595
159 401
29 535
314 285
545 84
369 189
441 174
466 147
293 560
191 337
142 113
201 520
304 65
266 11
187 302
8 593
30 281
323 272
124 91
181 510
150 59
373 55
160 244
504 189
239 564
314 111
172 580
481 419
238 151
572 621
47 553
82 59
476 18
456 453
454 560
484 466
472 570
324 369
594 308
614 415
172 467
226 308
376 165
195 148
354 199
527 60
141 96
67 104
614 88
29 575
374 523
182 284
481 262
340 531
13 594
36 113
249 191
274 110
394 486
152 503
535 21
430 366
14 438
192 403
437 159
41 147
463 322
506 108
489 404
34 322
61 602
353 51
17 460
406 148
355 294
482 597
299 458
119 197
53 246
460 101
561 286
183 259
228 262
445 560
370 246
498 30
200 190
171 380
608 63
30 281
506 531
67 498
599 344
191 211
34 60
214 342
30 281
324 189
302 23
284 314
198 189
481 336
312 385
127 30
490 228
580 104
126 127
246 564
421 514
416 336
493 157
473 555
369 378
418 396
244 355
596 428
220 585
148 419
198 130
449 259
436 450
398 160
529 28
177 234
204 165
131 189
591 190
484 534
257 179
102 99
461 71
268 27
62 42
34 426
349 179
465 521
612 217
179 498
53 74
433 313
27 450
559 421
302 1
502 297
202 438
612 617
552 79
166 526
607 485
121 421
347 388
112 337
279 197
111 190
282 10
165 580
324 275
12 415
445 267
391 560
150 61
568 498
291 579
94 308
586 238
511 396
436 355
343 358
437 151
524 352
237 262
251 228
54 378
534 114
442 538
506 217
189 552
33 513
475 119
72 523
291 564
584 407
276 275
587 487
76 199
144 560
569 193
314 130
102 151
374 560
333 415
525 428
552 197
228 294
82 55
568 62
601 567
465 81
204 457
478 115
328 229
614 79
286 486
101 579
303 30
272 327
20 78
370 103
542 416
284 211
556 361
157 594
617 589
474 251
196 9
224 248
327 468
286 119
580 308
61 155
70 373
153 285
541 586
566 561
512 513
45 119
157 594
283 510
601 363
200 190
295 517
541 537
161 422
468 44
466 594
312 498
41 204
185 217
434 580
449 125
608 416
419 200
91 407
97 484
565 83
254 261
46 559
457 399
412 575
175 280
10 382
587 412
96 106
437 1
336 111
472 52
299 382
33 507
368 95
111 85
428 106
310 218
160 496
583 96
409 216
317 13
401 21
377 200
198 130
423 282
86 478
114 48
109 409
456 198
282 86
137 229
230 202
485 579
305 258
131 113
525 548
549 396
584 30
55 269
588 396
273 125
254 513
422 262
309 327
534 594
343 541
312 41
551 281
182 273
214 559
74 490
548 514
417 413
361 619
586 300
76 409
499 212
426 283
237 397
37 43
70 160
370 540
127 44
390 510
161 369
609 446
225 212
5 156
399 126
143 65
7 84
338 438
615 292
423 259
226 222
81 88
212 211
394 228
137 487
49 316
39 43
189 88
47 363
476 444
282 298
389 80
245 269
472 312
364 460
384 520
424 160
556 205
553 363
30 308
11 170
535 156
102 512
577 245
500 533
383 125
109 600
284 542
562 514
180 179
492 349
298 103
42 315
151 367
621 360
368 142
573 604
265 28
567 580
389 28
288 552
459 96
317 425
37 366
333 221
232 350
438 308
473 210
27 523
224 575
426 121
35 108
303 323
437 96
226 156
83 438
422 130
500 145
101 579
84 275
252 33
531 385
273 314
205 419
244 415
25 591
185 582
238 48
594 186
56 514
318 322
474 298
175 422
482 378
418 187
178 441
246 419
399 438
185 93
394 291
453 244
100 55
69 305
435 292
46 147
126 156
343 163
392 447
551 52
460 55
100 378
363 438
7 475
21 367
217 272
569 349
12 419
253 503
165 308
278 9
608 189
211 111
482 609
5 157
107 238
366 485
461 400
327 281
288 115
593 284
70 251
165 157
495 576
350 289
79 190
202 393
489 85
