1000 3000
968 525
980 874
724 242
920 403
479 409
551 426
979 517
317 928
953 516
855 342
29 810
310 409
721 667
24 403
434 727
240 835
310 122
502 914
241 484
565 914
112 618
260 688
894 93
102 759
114 609
442 324
755 712
183 30
8 637
666 630
88 837
383 532
386 717
649 202
469 996
430 213
620 543
249 780
771 205
177 931
173 891
732 936
739 625
908 154
238 985
748 206
511 736
139 154
559 324
855 146
896 939
675 249
865 990
265 480
258 173
280 358
168 914
8 413
699 11
823 706
568 965
755 414
823 324
936 76
271 807
35 780
71 530
868 684
173 838
508 561
204 370
825 789
279 166
521 496
859 725
601 605
889 126
228 234
236 541
488 774
246 659
90 482
410 137
81 662
535 181
551 936
908 878
428 662
250 448
328 977
178 406
763 197
129 279
905 511
189 596
614 355
438 22
460 747
518 209
508 904
193 89
891 524
147 173
647 622
209 327
567 415
885 404
837 631
22 490
514 214
423 133
619 193
521 416
486 883
258 618
948 283
72 37
26 104
36 608
170 703
276 133
262 795
844 24
454 751
847 52
364 935
874 386
144 942
861 816
972 272
796 842
344 88
922 379
6 514
181 990
53 767
500 1000
77 163
730 182
429 576
875 712
179 564
597 85
590 330
606 132
132 569
385 125
601 44
726 506
66 551
314 861
587 815
643 132
1000 70
738 208
645 762
846 673
442 125
175 335
261 180
272 328
309 860
651 741
266 766
101 391
801 156
267 539
806 527
285 34
396 414
669 981
728 172
136 461
98 408
319 385
756 738
71 140
843 703
853 253
164 153
625 807
699 909
343 53
542 698
40 885
82 29
508 588
265 667
57 50
282 349
102 583
105 663
82 389
546 685
621 876
563 80
782 226
214 373
982 897
578 548
935 735
557 271
166 775
991 989
610 687
825 669
605 513
621 23
312 433
452 248
953 61
304 598
36 731
377 41
48 262
509 446
707 941
545 302
56 107
767 222
892 711
980 870
23 296
828 953
264 79
773 203
365 802
753 405
718 711
880 807
460 423
892 380
230 823
745 560
172 615
523 412
785 617
143 778
885 428
749 73
390 152
496 571
100 926
529 760
290 516
22 173
196 916
298 171
137 533
645 832
714 360
624 469
29 746
766 331
9 976
77 918
422 894
508 765
599 549
366 892
429 206
443 215
856 131
702 142
443 952
647 979
602 510
126 673
907 375
451 183
670 311
540 491
918 373
247 80
95 724
674 92
217 790
819 332
34 493
886 180
425 932
774 965
377 314
98 413
91 912
938 259
793 961
913 45
505 526
251 622
444 652
350 770
995 694
187 458
589 569
733 737
170 560
583 55
942 853
974 949
280 270
283 730
725 799
847 286
852 624
857 789
392 784
701 840
282 430
443 677
201 522
226 782
695 744
204 610
571 135
944 809
413 788
938 201
981 139
266 723
864 509
782 977
679 717
974 700
54 519
740 241
861 183
101 817
445 650
587 431
371 905
499 492
281 249
500 558
287 784
545 506
689 663
65 74
546 414
767 662
959 268
252 316
231 649
25 882
875 750
304 981
170 624
240 787
157 984
306 964
591 238
164 714
547 339
761 631
904 108
145 875
292 364
96 602
52 25
747 206
242 47
308 158
744 743
301 228
779 415
698 719
587 237
970 83
129 424
696 567
182 206
597 842
353 845
471 76
626 722
264 616
120 212
762 240
982 348
482 573
836 601
999 67
323 235
405 212
518 797
48 361
804 130
627 317
185 387
316 352
78 799
831 813
242 187
716 41
878 185
149 580
808 670
920 322
125 209
899 935
628 541
331 791
748 959
63 588
994 969
326 505
594 186
806 319
604 818
610 396
837 890
268 741
408 656
961 561
644 416
924 626
771 584
257 171
987 518
818 148
493 452
857 216
13 168
53 600
602 103
352 503
568 43
931 184
434 350
439 130
994 587
721 95
235 553
883 167
511 702
401 807
372 863
764 893
977 824
542 367
946 886
402 722
981 971
565 648
365 111
88 126
418 796
456 323
695 57
95 184
370 722
409 832
569 857
850 707
155 688
129 137
705 119
488 348
199 864
219 582
607 881
222 796
196 592
876 138
959 305
630 964
683 170
978 862
694 517
16 904
186 111
393 96
952 356
272 240
302 35
663 272
442 662
743 414
245 837
450 620
822 931
353 568
408 5
45 86
515 434
816 563
682 976
93 677
450 60
57 65
978 963
285 342
364 176
539 802
972 322
572 948
707 194
130 623
379 158
397 666
842 116
584 886
224 409
933 194
278 159
689 507
623 465
853 984
457 955
169 645
627 988
885 437
393 810
482 512
469 209
651 369
947 501
560 212
549 933
243 734
46 80
720 553
378 963
763 171
910 891
271 105
166 907
378 714
400 630
302 387
666 882
476 481
207 934
659 699
735 635
587 43
32 585
651 906
301 593
545 474
920 506
206 762
333 735
500 97
475 559
225 67
545 730
58 574
541 694
647 229
767 110
974 85
466 682
565 188
553 886
452 339
441 280
135 220
596 727
250 987
438 664
955 940
220 691
316 806
276 494
897 212
364 620
911 599
33 888
359 330
263 606
752 635
936 704
576 360
592 886
998 842
55 250
996 497
919 880
134 283
181 554
516 90
94 955
153 89
200 940
453 464
560 186
529 606
874 256
245 996
462 632
282 217
872 676
301 34
276 166
12 30
417 845
117 515
624 178
446 33
1000 519
413 737
112 275
734 467
638 245
596 947
461 359
731 932
18 339
324 944
571 953
642 661
311 876
968 492
202 565
19 344
535 659
897 383
533 83
349 636
309 235
132 696
670 889
556 964
535 957
951 7
462 828
420 838
830 488
185 405
533 816
227 190
38 963
346 718
337 201
257 703
1 259
907 379
877 313
685 685
368 82
649 476
16 600
9 217
508 139
407 249
467 201
291 319
315 256
554 91
477 409
120 942
163 204
965 66
660 247
273 55
212 139
443 464
883 48
465 250
494 562
344 747
943 959
939 955
56 195
467 149
567 538
330 419
944 604
944 86
219 473
729 55
255 923
710 517
740 494
460 453
398 262
4 513
808 45
600 269
976 240
738 831
458 258
858 145
795 655
583 551
932 87
18 419
13 989
359 827
986 792
982 821
470 475
572 649
408 512
715 369
121 130
362 647
148 858
250 722
936 932
393 361
746 738
922 220
901 460
891 694
680 216
338 668
240 330
220 339
679 841
186 177
81 527
15 177
28 853
513 898
358 84
573 170
947 505
35 360
664 630
829 175
70 672
127 560
818 288
165 770
487 814
402 437
694 870
439 193
592 747
228 547
340 788
672 597
143 897
4 178
533 737
601 878
914 11
53 719
563 350
842 658
968 147
836 716
289 133
312 555
252 543
329 149
317 766
845 965
950 393
367 969
750 348
341 797
329 746
514 695
55 73
670 669
240 871
223 746
531 821
963 12
317 703
473 990
656 402
258 191
991 197
346 284
201 484
216 154
333 786
993 749
88 963
534 331
22 686
733 524
461 722
313 393
262 868
249 820
594 455
343 807
68 28
524 272
429 914
588 471
241 599
46 742
455 762
770 947
871 901
829 168
634 301
404 416
104 279
260 964
550 596
245 256
821 61
911 531
121 314
948 742
348 382
264 592
354 919
736 63
798 443
172 627
470 50
796 885
924 181
181 6
281 734
657 410
138 423
522 672
447 976
761 516
818 616
169 338
581 283
230 516
753 234
744 587
797 783
621 617
100 121
960 58
797 205
126 127
841 723
123 90
617 427
342 998
281 518
873 37
646 269
457 785
816 710
533 6
509 452
797 542
819 180
691 773
464 814
116 940
952 779
741 34
442 168
443 31
501 951
672 455
136 364
181 408
419 110
127 817
602 850
645 624
450 84
443 479
264 420
3 499
401 132
963 929
759 145
259 472
627 472
142 239
300 57
180 140
701 221
410 365
140 297
568 964
874 672
587 442
818 117
485 168
961 27
413 116
334 374
823 836
93 493
517 786
758 202
965 816
585 135
414 398
848 301
898 657
449 227
801 805
115 25
30 981
300 198
335 680
840 164
860 919
311 411
644 620
493 568
665 968
348 105
460 540
586 619
972 683
626 173
42 686
804 693
421 218
362 458
481 579
878 243
605 953
434 496
458 882
748 790
798 600
387 118
373 148
954 527
302 754
754 448
884 475
211 931
442 709
749 153
686 905
130 483
231 751
766 898
889 690
324 506
433 572
101 382
443 982
751 644
156 949
264 881
1000 864
475 297
241 387
446 261
895 457
1000 490
702 424
926 323
550 841
976 28
981 35
967 597
158 974
148 179
13 921
760 605
486 969
532 939
873 581
325 558
220 251
218 824
99 332
531 14
938 257
879 554
532 817
611 427
657 512
269 317
564 852
580 181
620 500
178 217
291 252
557 403
641 411
468 870
748 700
965 511
577 157
522 648
273 406
959 694
650 47
763 918
28 98
672 954
494 93
366 780
948 21
705 316
890 566
232 790
15 65
46 307
61 1
1 73
332 394
848 472
782 585
265 105
484 74
275 11
338 406
385 208
783 102
578 880
828 69
745 854
996 29
632 597
243 445
844 561
125 849
137 327
358 704
456 79
235 804
465 993
48 776
600 907
211 346
730 529
157 984
400 602
108 485
343 181
855 246
667 622
794 374
872 249
870 291
733 145
167 922
433 745
845 974
779 657
318 201
445 657
369 432
695 743
334 272
372 953
593 283
632 361
549 763
779 573
769 385
270 277
598 484
23 683
721 344
550 469
256 932
168 27
474 135
366 718
252 336
99 548
727 593
891 700
40 222
996 147
864 957
990 580
38 138
4 337
35 22
919 916
169 692
176 713
549 375
377 176
33 186
974 796
474 204
607 608
658 788
705 83
535 235
131 91
69 836
31 7
367 790
955 574
704 654
382 396
356 178
735 755
483 747
732 874
912 144
825 932
540 656
631 144
589 828
772 450
599 957
636 800
574 646
650 830
828 979
498 393
654 158
531 582
280 128
779 630
855 579
696 353
505 935
940 46
134 55
390 577
610 539
955 594
688 430
558 620
452 210
136 950
124 549
873 525
678 804
576 438
224 939
525 656
11 645
976 758
516 661
23 99
213 989
870 993
785 118
722 542
508 566
939 193
583 358
339 523
952 482
70 132
148 519
53 612
839 803
16 740
722 113
290 595
717 377
279 114
836 284
77 817
312 873
132 620
660 27
542 708
731 157
998 665
102 424
936 217
236 509
141 112
285 243
830 685
296 503
546 347
135 711
864 877
446 608
394 445
790 995
447 597
784 542
59 732
488 243
78 921
838 653
722 47
855 787
854 379
577 761
547 664
554 77
979 45
337 209
793 777
607 830
799 946
134 319
16 639
164 283
800 786
982 691
806 616
979 465
850 558
992 414
85 211
161 615
672 949
978 869
913 270
319 738
613 585
932 93
862 311
940 541
352 787
594 223
52 690
528 26
987 81
275 823
502 22
424 410
966 220
544 406
537 859
778 942
450 607
534 446
380 259
177 714
50 765
948 464
115 658
380 951
273 947
231 733
341 411
328 35
692 230
950 507
426 934
477 451
937 995
853 720
183 781
248 344
380 558
221 894
500 442
481 426
201 111
286 636
977 930
948 699
594 472
436 440
828 712
929 8
722 503
188 281
125 892
478 191
833 411
366 636
147 5
848 154
848 282
374 351
161 352
902 756
572 465
477 953
585 902
327 857
486 751
87 409
844 286
453 891
612 568
724 453
672 85
26 241
356 77
579 127
781 229
832 72
667 513
859 43
987 557
897 43
129 475
906 701
703 44
665 623
705 238
308 592
428 65
345 580
150 685
895 560
2 334
570 662
668 111
741 674
101 96
307 1
798 685
567 571
894 146
771 422
769 8
971 434
133 993
46 977
144 608
197 990
257 658
517 892
42 917
799 938
876 712
67 380
397 331
331 569
270 27
954 130
798 482
522 489
884 848
711 654
928 917
594 915
719 157
21 219
10 749
67 107
143 565
721 335
852 157
809 927
342 902
18 61
945 466
183 825
590 579
885 155
225 89
836 681
65 196
786 966
301 195
796 253
310 6
360 654
483 794
504 25
398 41
901 52
114 817
927 295
184 892
302 72
758 23
709 317
639 834
310 122
481 274
885 974
788 581
260 879
55 645
672 835
859 679
540 54
105 892
134 278
246 496
864 505
348 429
735 443
929 917
690 129
148 157
552 697
744 765
769 173
508 210
586 86
429 159
118 956
526 995
419 947
791 712
803 890
106 972
446 517
154 104
420 266
250 588
460 356
966 318
225 600
560 81
979 282
264 553
260 864
706 597
305 304
630 687
45 711
769 727
114 535
745 375
459 844
496 276
214 397
595 94
505 165
360 71
192 776
412 877
352 721
650 594
387 267
60 758
32 569
743 156
989 173
908 731
232 380
623 431
721 99
246 868
796 698
311 774
844 731
312 859
819 94
78 491
357 33
602 465
948 141
253 868
418 432
992 583
908 631
270 217
302 197
656 14
535 98
416 403
519 21
423 262
918 268
598 229
832 1000
473 470
558 313
899 484
699 930
670 50
665 982
707 765
179 552
823 679
199 269
780 832
374 177
808 495
549 740
969 644
721 384
31 613
157 343
615 600
160 228
692 208
321 785
870 711
968 758
609 417
642 996
136 821
515 632
71 854
291 207
548 878
375 685
931 252
165 731
985 893
770 807
645 69
714 848
216 125
791 75
262 326
897 621
79 423
578 665
525 975
287 460
720 139
634 769
153 880
333 327
854 908
911 514
845 160
238 739
751 806
82 631
469 953
71 396
275 560
894 273
748 565
421 640
291 729
658 514
245 878
294 632
698 374
830 30
139 699
958 596
653 56
98 496
20 797
407 787
690 434
211 391
539 688
593 572
340 89
358 819
407 804
573 627
960 301
319 912
184 253
855 882
563 498
483 48
703 104
96 711
217 825
113 787
96 266
405 271
32 247
229 552
482 562
526 648
453 301
688 676
881 570
907 738
964 439
262 331
571 436
75 823
727 513
41 201
264 369
666 784
74 389
682 620
831 303
897 915
45 116
163 524
924 426
893 682
258 459
508 433
132 799
132 272
221 185
786 67
523 618
753 873
148 650
157 181
429 573
394 40
268 807
812 827
702 7
457 265
439 678
630 843
44 421
587 180
617 647
541 550
143 574
185 234
487 335
2 61
589 490
58 57
104 303
305 870
412 888
259 675
172 987
188 50
350 197
747 20
212 730
176 646
236 646
693 754
837 584
878 387
742 922
232 916
783 484
93 364
464 847
453 20
493 490
297 457
422 655
996 276
655 461
339 999
128 525
146 781
246 907
578 431
267 259
209 605
342 125
685 534
845 53
639 512
754 191
335 395
428 233
152 279
540 874
224 934
676 480
901 154
701 832
885 904
787 458
925 401
944 79
256 562
360 884
432 749
962 328
67 818
676 833
561 981
689 768
314 265
767 775
244 964
691 921
37 425
247 213
939 619
900 80
431 531
283 840
969 602
436 668
249 951
580 205
91 681
146 446
769 942
80 919
408 417
662 374
832 476
952 96
534 951
303 797
804 183
760 129
344 641
106 854
594 832
7 722
286 417
636 656
169 181
863 15
454 803
13 547
723 721
719 169
938 895
805 67
420 707
862 461
627 45
806 734
830 624
587 639
614 448
763 545
715 504
32 132
486 222
778 382
112 843
242 285
345 334
902 510
726 750
477 565
98 837
735 979
475 996
212 405
365 798
946 281
180 206
752 129
531 888
641 612
926 682
844 881
264 603
686 137
488 590
996 370
65 685
687 277
876 678
548 295
291 857
564 357
433 467
329 503
841 658
670 258
874 904
664 257
488 843
234 917
997 190
223 636
30 815
835 755
163 686
324 698
963 259
64 951
792 95
202 525
923 327
711 150
293 88
205 507
557 146
96 194
660 481
568 831
997 248
695 558
798 536
522 696
110 569
486 85
684 474
197 181
767 272
819 338
794 522
122 301
796 745
698 276
283 731
907 959
38 926
43 947
412 888
932 878
219 463
80 19
352 43
436 395
804 761
172 703
779 391
113 7
962 334
842 493
397 943
695 675
72 880
806 448
166 838
114 945
434 888
992 28
336 452
1000 939
388 993
294 838
234 205
257 409
82 74
646 670
192 860
673 582
94 477
618 538
295 339
706 833
206 150
549 695
327 866
274 118
963 143
568 506
427 670
938 367
927 882
993 545
714 319
932 291
109 458
462 373
140 777
456 293
662 68
768 765
381 47
522 775
234 628
509 536
281 885
424 870
695 440
458 365
77 956
624 457
37 905
160 647
791 256
529 989
461 291
907 208
533 641
821 636
44 212
152 658
969 283
128 341
919 898
10 187
811 742
719 390
65 361
116 851
232 630
939 545
20 2
965 946
783 257
256 840
534 461
554 536
963 956
140 61
421 200
743 277
705 815
453 475
43 852
628 689
536 205
407 416
341 862
646 729
774 889
914 744
74 669
62 95
884 689
985 158
864 61
944 119
209 419
470 46
858 926
647 545
719 591
68 1000
45 249
577 726
709 696
684 870
106 230
158 927
376 238
327 559
545 595
872 906
193 244
103 663
978 544
645 412
580 785
850 311
270 279
848 245
8 80
594 462
777 292
261 879
861 518
645 311
432 11
914 318
679 768
202 979
155 358
48 589
900 923
135 547
425 106
671 465
675 466
438 741
964 206
676 506
41 773
96 981
403 408
165 896
515 400
624 536
438 69
708 444
626 729
772 833
934 43
589 977
915 949
54 978
197 612
467 35
916 594
522 379
422 490
91 484
987 834
186 48
238 963
163 115
109 906
740 150
189 72
426 790
884 711
445 107
264 278
587 229
75 309
128 319
385 771
326 394
580 467
354 392
456 615
326 536
578 171
745 680
268 262
593 420
527 249
346 561
512 655
910 462
473 51
159 641
794 316
775 411
911 93
399 332
516 847
581 202
879 333
16 390
800 926
44 477
430 783
616 591
272 22
851 233
78 215
927 407
136 783
354 130
272 297
556 732
968 552
592 87
750 457
147 963
293 754
41 765
480 408
750 704
237 44
950 860
773 936
452 477
653 181
368 592
894 328
909 615
869 549
491 172
799 515
616 830
194 630
401 627
876 883
849 605
344 749
966 477
695 217
385 165
79 460
775 849
820 575
190 937
427 640
177 531
894 372
314 357
267 329
489 52
562 225
125 706
393 341
468 695
516 635
120 633
449 120
523 379
946 497
797 869
829 906
373 667
848 891
69 814
914 843
414 294
200 651
715 386
336 804
565 501
213 152
189 560
191 671
943 450
50 387
23 488
40 447
643 578
968 775
916 178
223 31
937 11
329 531
69 41
298 415
778 164
741 996
658 505
192 667
215 888
316 877
172 159
33 525
600 778
494 276
964 308
947 351
1000 264
67 499
617 23
234 297
965 57
123 335
578 945
499 540
583 732
975 927
155 20
335 316
556 193
337 262
247 69
403 717
863 642
618 106
807 14
674 204
768 239
180 750
392 564
317 152
203 955
601 705
66 713
59 218
32 117
842 467
948 123
316 102
813 78
743 74
606 973
531 803
993 901
349 959
633 950
188 565
468 526
124 163
142 671
199 539
83 10
44 212
255 645
605 594
348 692
47 683
30 121
923 126
729 823
218 291
49 160
506 265
357 148
676 999
552 449
597 208
729 141
880 283
492 380
398 36
979 196
981 587
368 586
720 150
390 208
200 671
765 736
385 179
528 964
189 195
11 798
833 616
5 978
483 340
864 994
56 944
613 129
102 105
633 963
182 397
958 19
881 111
665 272
946 947
975 775
700 351
525 876
320 905
697 165
5 416
327 196
212 910
281 694
917 28
794 770
138 181
363 455
932 72
880 900
452 146
976 547
64 211
274 983
879 477
302 217
768 456
592 355
407 715
188 482
426 539
957 824
262 379
756 714
751 907
954 232
704 27
506 298
314 628
889 300
934 895
135 895
34 842
362 517
820 730
41 838
987 804
97 562
888 164
443 757
114 30
773 22
981 859
763 575
432 475
869 150
739 755
780 360
134 201
466 551
739 361
374 579
544 1000
429 454
572 842
179 884
696 335
219 548
477 717
636 484
841 69
309 497
122 323
784 85
6 917
849 607
288 817
369 293
66 826
266 623
803 599
734 421
982 255
142 703
819 6
376 876
652 592
645 612
487 684
894 153
290 263
908 100
186 298
301 495
294 537
867 8
376 609
50 301
214 179
724 922
391 718
274 703
787 337
827 331
996 228
487 976
574 273
460 28
28 578
615 327
306 491
782 576
108 932
870 811
476 131
963 703
845 643
487 335
397 438
81 909
784 657
269 242
310 686
993 104
14 140
892 256
443 880
916 536
988 188
87 373
652 801
603 881
915 767
783 755
229 273
263 103
911 158
931 360
362 47
630 462
324 687
510 126
339 414
764 939
875 303
329 520
836 901
890 656
586 122
679 757
796 567
674 35
896 34
825 56
518 400
156 824
163 318
372 275
809 694
289 287
635 706
144 120
338 798
959 895
365 669
367 225
31 954
386 777
947 894
868 55
63 239
83 675
88 498
583 530
624 419
791 116
286 962
575 645
593 496
598 332
456 462
161 75
110 835
522 700
504 180
45 852
66 831
772 672
1000 251
225 171
835 512
508 996
86 418
240 798
536 469
429 886
177 817
970 957
553 279
432 280
834 962
179 763
102 681
90 348
309 752
259 120
885 407
400 471
863 494
865 609
966 525
459 833
414 366
170 610
994 626
323 64
779 265
219 894
177 353
467 317
545 428
212 354
592 942
255 337
818 80
977 903
537 439
299 751
882 420
104 997
867 259
599 457
745 89
119 496
695 762
416 216
696 607
140 177
403 420
872 856
148 920
417 324
784 758
338 355
62 994
141 24
447 599
452 976
750 865
939 273
766 881
907 127
58 758
370 883
983 521
109 204
871 339
86 150
964 577
64 429
855 664
316 822
180 668
700 473
859 210
359 977
536 7
2 466
830 422
693 888
503 410
696 429
598 981
240 215
168 454
135 201
958 571
514 969
432 21
373 471
503 469
80 863
83 223
422 381
690 420
638 520
679 258
970 907
788 546
153 570
768 438
773 727
992 780
578 74
555 135
26 753
924 220
40 112
483 314
620 667
752 264
468 679
983 706
822 868
405 352
959 605
435 116
858 29
499 961
511 675
849 830
873 217
770 70
517 976
244 100
819 253
418 371
391 238
337 409
316 933
751 440
281 686
856 289
536 297
59 893
309 749
322 468
745 164
951 351
124 565
94 588
432 268
358 91
85 67
823 61
471 243
77 940
497 800
972 798
856 48
224 970
894 532
949 29
60 224
2 843
131 791
990 935
725 877
93 209
82 239
815 723
239 651
137 506
52 589
220 134
172 77
126 267
456 343
482 620
561 985
23 731
961 37
216 582
70 472
993 840
303 670
288 628
915 819
744 830
385 772
680 854
626 306
559 86
603 502
311 779
851 523
56 794
957 472
395 795
124 729
632 621
899 714
346 899
303 899
215 176
844 980
844 979
777 343
2 48
544 122
960 172
598 414
918 172
678 268
213 940
805 79
575 955
2 120
922 717
712 261
256 230
808 855
551 704
271 124
317 154
286 964
479 645
205 649
339 717
206 607
106 377
946 374
759 987
62 747
700 81
724 803
505 855
759 420
800 826
802 56
224 323
801 232
174 563
731 531
854 244
147 786
665 167
140 568
969 646
810 889
152 880
642 134
9 960
402 307
323 389
205 678
136 484
198 838
411 348
199 843
989 824
118 92
997 705
313 647
839 565
548 961
68 845
155 839
185 973
412 21
472 661
1 757
895 48
94 589
928 476
977 577
792 291
901 273
291 569
78 544
334 258
504 523
575 273
33 11
189 57
36 726
607 943
996 968
353 947
418 721
974 729
48 244
618 919
140 490
155 206
113 864
759 327
271 717
498 28
460 138
658 539
903 854
424 213
70 247
137 755
209 438
894 36
959 530
198 49
490 907
889 985
818 560
19 389
725 241
93 724
645 452
964 624
99 27
796 392
445 799
542 752
339 956
273 333
252 600
63 345
587 557
896 431
557 805
326 981
202 194
86 366
696 3
276 970
999 966
486 380
216 773
286 665
650 481
265 254
389 814
775 425
194 975
676 21
2 440
900 712
993 187
610 968
69 392
998 160
831 785
425 749
782 635
244 148
180 133
359 926
295 477
568 384
894 304
964 526
879 728
2 761
51 572
110 70
783 314
15 662
268 820
321 228
555 681
465 949
917 120
240 619
115 937
234 957
505 245
459 495
998 698
674 488
578 212
841 696
691 604
65 345
793 257
518 992
545 698
349 350
770 225
103 502
55 233
978 850
66 375
745 27
309 4
920 811
848 342
32 204
76 831
29 366
992 82
937 44
712 234
189 751
740 897
820 625
646 571
661 593
516 958
99 74
903 180
701 901
181 642
638 355
54 888
340 702
832 477
926 844
733 71
378 11
205 490
337 316
917 951
940 404
851 851
51 656
633 690
158 726
131 849
98 667
906 202
596 886
593 957
607 869
451 827
29 647
884 492
870 81
887 522
580 19
133 283
498 537
498 248
14 762
683 395
160 692
487 398
340 44
925 163
704 840
170 526
724 325
855 372
456 371
617 85
657 482
92 297
497 873
448 830
275 433
914 44
498 78
218 965
74 183
449 308
358 472
51 495
220 739
792 51
227 283
565 664
368 964
839 355
225 473
581 45
194 405
877 972
228 950
615 827
846 107
127 261
885 249
574 189
568 57
610 753
729 651
113 540
407 468
916 427
790 434
104 247
809 882
147 511
679 287
281 827
680 708
263 599
220 106
150 168
813 184
611 338
609 90
473 385
34 127
480 114
664 604
690 435
261 401
947 705
199 486
947 665
398 170
335 302
550 972
839 398
608 13
692 170
903 677
703 700
319 931
224 158
600 813
443 107
649 852
503 787
596 1000
858 954
393 850
393 75
330 647
823 332
805 21
151 219
770 831
90 300
316 237
853 12
882 444
58 476
866 100
5 700
597 236
904 286
114 323
480 515
430 26
739 290
165 248
487 171
300 925
736 206
345 532
33 648
209 369
143 813
788 498
43 925
143 65
202 478
203 25
173 80
781 653
956 16
89 210
526 939
616 782
911 979
448 438
23 909
233 626
740 218
585 897
200 904
554 403
730 825
443 824
292 814
944 664
204 218
441 451
105 979
118 387
181 306
88 657
944 469
214 914
452 959
714 138
537 235
408 471
398 497
197 33
838 797
336 711
155 936
311 16
568 699
462 185
897 178
91 719
979 28
832 228
164 632
144 929
714 630
209 401
178 959
571 375
95 766
29 987
267 420
500 755
273 444
413 837
801 578
419 135
408 302
304 548
963 463
476 662
513 794
560 321
279 817
811 688
785 199
979 357
371 976
324 920
328 37
662 995
761 925
779 764
53 49
660 518
402 974
986 965
150 803
402 544
430 492
682 418
288 187
363 290
35 938
552 841
452 954
786 672
411 693
32 656
548 345
860 847
283 934
651 908
782 572
519 399
384 233
904 176
328 241
314 964
556 926
262 114
