901 2530
248 94
323 495
601 239
664 424
730 146
175 879
698 409
264 419
248 94
630 871
579 144
9 392
820 614
778 89
778 564
54 520
239 219
26 164
642 622
324 807
438 659
6 602
37 374
803 760
185 349
46 482
793 331
865 555
54 437
413 197
831 289
134 437
609 690
119 176
459 767
840 92
823 505
608 855
223 444
98 850
658 26
709 842
703 822
15 742
398 185
170 111
649 540
261 64
871 818
545 315
65 515
259 587
440 749
668 220
123 532
547 630
78 185
788 215
192 306
279 218
272 818
741 815
689 848
340 729
161 377
505 234
342 594
39 406
100 852
809 106
406 828
542 637
340 828
284 817
56 458
119 709
243 168
212 44
430 738
293 539
583 380
411 424
436 636
466 30
131 172
660 675
253 712
692 661
796 9
98 475
460 752
172 255
381 592
854 202
638 20
224 188
449 409
30 637
221 575
193 373
554 188
811 388
13 650
624 763
2 650
416 533
829 478
878 221
660 794
672 534
19 324
418 280
792 637
355 532
394 492
248 763
336 890
152 792
337 696
90 729
870 893
745 826
58 789
463 62
881 858
773 582
344 652
850 864
695 50
790 186
693 760
730 771
641 376
634 885
627 558
370 88
98 599
235 255
762 429
871 197
58 479
264 9
196 376
901 161
506 651
487 260
329 817
536 578
333 146
34 661
423 852
357 393
835 239
391 524
559 894
246 666
662 524
567 473
794 372
139 690
229 49
624 191
779 372
440 146
799 893
211 263
638 825
68 109
172 543
874 83
686 117
745 808
29 393
805 461
84 686
897 631
495 842
250 112
129 395
18 393
556 884
80 140
115 893
585 95
382 637
556 227
490 347
211 500
395 75
324 540
348 862
855 894
121 599
179 739
186 406
89 564
90 776
219 230
602 842
342 414
578 456
195 571
882 804
640 36
501 188
104 884
497 55
618 178
11 46
439 433
32 68
689 192
837 253
739 776
19 311
721 571
10 38
331 489
311 292
378 205
832 480
188 852
646 870
645 198
95 50
613 435
854 135
777 462
198 263
52 575
15 559
109 100
464 273
29 688
65 612
296 278
120 818
735 729
623 142
848 842
214 233
895 582
888 332
695 356
534 890
337 291
900 885
356 774
714 112
646 402
640 365
435 102
199 400
792 870
679 891
296 25
188 270
31 877
498 558
649 847
383 767
131 144
538 631
739 449
647 873
659 280
432 356
355 564
853 260
127 167
734 424
104 622
111 30
137 782
650 280
533 708
747 662
571 69
461 285
589 329
35 25
413 722
731 402
209 695
586 768
281 356
357 77
364 753
642 317
706 478
103 771
260 852
901 52
94 731
549 572
805 716
647 482
361 685
612 801
374 597
220 372
31 576
128 391
451 56
524 860
267 718
862 516
248 41
99 842
335 792
735 786
211 39
869 792
770 564
281 26
795 268
670 59
400 494
742 825
532 767
835 255
594 18
245 606
548 284
114 175
349 193
365 234
55 817
126 459
841 616
400 478
665 604
497 218
617 221
750 801
791 108
790 39
181 240
711 408
790 672
288 270
756 447
314 603
757 587
118 529
697 244
224 696
46 709
831 221
887 672
21 852
578 254
221 824
814 218
473 324
821 298
628 63
644 712
625 38
439 325
661 516
816 94
307 62
548 167
22 763
394 848
881 100
245 166
26 164
110 505
271 699
166 589
144 102
213 890
878 236
538 172
350 26
640 348
825 857
735 198
764 443
741 611
870 893
898 154
896 712
291 420
679 170
211 525
10 789
569 392
623 797
400 281
3 558
834 117
395 77
268 432
246 834
818 848
593 171
393 449
42 860
623 91
648 91
371 830
50 164
408 330
69 894
200 666
589 241
359 259
16 192
129 395
866 486
325 292
653 362
398 681
278 532
753 240
507 2
662 524
645 868
376 603
668 627
647 884
71 726
223 176
339 475
831 401
102 516
133 656
416 46
44 842
557 563
253 731
656 804
524 860
602 842
320 557
134 206
324 807
548 644
765 608
131 230
238 262
159 180
83 774
199 715
32 442
856 796
591 523
104 302
770 423
187 478
7 193
733 808
232 64
453 683
339 443
796 205
420 852
186 75
37 415
5 641
795 219
496 770
342 333
307 846
352 708
71 519
534 594
800 357
766 717
872 123
679 325
15 870
661 255
596 388
397 807
171 802
509 864
136 736
163 291
343 406
885 770
678 476
258 792
305 232
762 261
889 594
818 708
40 108
625 221
823 418
882 172
224 476
582 659
303 629
584 743
724 807
50 239
287 708
533 662
187 699
792 637
425 735
224 123
426 391
568 403
683 306
76 381
87 805
608 354
180 662
652 520
186 3
199 133
349 278
454 570
8 794
200 263
758 709
118 50
118 157
705 395
165 589
571 324
376 729
27 257
377 270
617 544
836 260
362 431
593 816
678 519
780 638
301 48
790 263
534 56
108 175
203 418
648 459
89 161
507 829
837 515
840 739
245 723
36 26
64 234
364 111
496 398
235 281
381 654
712 307
245 567
302 509
276 716
355 383
741 858
279 324
348 45
736 571
819 855
887 730
223 635
801 249
430 398
387 855
750 19
872 824
565 285
559 167
458 263
134 509
852 767
493 571
283 514
45 234
500 525
735 534
706 483
238 494
400 365
740 443
679 497
584 83
223 492
473 857
867 311
731 855
795 37
437 486
2 657
406 688
394 740
340 409
645 73
381 46
827 493
361 377
218 792
184 808
459 423
541 698
666 749
326 198
173 191
792 893
817 893
533 313
680 454
464 886
341 806
17 516
419 360
94 832
850 477
86 837
652 272
163 71
160 18
364 845
290 718
498 336
676 577
605 386
386 533
294 129
394 44
884 272
167 637
430 138
616 631
234 774
783 524
869 143
348 83
378 534
449 409
139 718
566 403
366 588
873 192
351 62
587 89
259 270
253 66
61 472
771 698
498 776
98 475
200 698
755 133
717 835
297 747
98 214
680 392
577 128
286 365
37 330
845 679
315 771
172 543
84 856
780 382
178 474
885 423
877 225
475 557
45 280
477 842
829 661
660 129
310 540
115 382
396 18
750 817
512 131
116 463
869 14
357 472
667 431
205 228
286 45
419 77
194 180
318 242
168 204
699 164
452 108
641 333
173 846
555 662
681 401
600 461
5 18
493 402
89 770
840 686
414 409
775 400
233 722
95 131
255 230
280 50
371 218
373 806
490 444
800 179
505 516
641 360
689 848
289 836
82 144
446 232
519 278
287 758
593 894
482 313
428 708
850 477
147 540
298 524
609 384
741 696
62 466
221 770
565 209
845 497
638 375
793 671
764 615
70 101
506 131
484 100
830 111
146 739
304 230
900 123
235 234
786 879
845 724
770 858
406 458
267 689
332 824
804 83
23 283
318 553
159 665
492 428
51 540
183 417
648 423
403 850
264 90
260 678
414 175
388 362
35 359
628 694
719 45
664 730
391 662
489 365
55 292
271 164
877 197
687 413
814 329
207 123
864 244
337 277
176 524
408 232
256 883
829 631
291 685
877 842
578 102
313 708
716 187
109 423
486 176
703 886
618 542
154 168
283 229
399 892
866 495
806 221
679 351
795 788
435 102
574 416
73 769
712 857
426 180
886 532
458 472
206 347
770 564
380 877
348 418
634 100
723 191
1 347
240 173
622 818
159 416
41 170
448 842
109 550
22 143
525 56
844 319
666 890
450 806
686 786
31 839
429 280
700 251
455 306
689 306
148 848
206 46
136 830
351 466
545 796
738 112
510 608
464 587
63 571
134 850
609 740
277 901
173 241
742 249
550 858
414 769
97 868
250 726
676 486
415 239
372 263
489 281
269 307
482 662
64 164
191 465
305 285
550 383
342 552
547 413
844 893
523 516
72 871
256 419
38 767
395 749
673 226
824 852
505 513
420 476
768 423
189 650
756 401
444 49
113 54
277 464
462 36
39 409
449 409
710 816
256 861
365 64
597 661
83 255
541 892
322 584
651 829
37 661
219 64
768 377
17 102
841 432
811 466
763 249
783 49
616 835
691 131
593 310
580 274
809 544
493 515
728 442
383 852
181 66
82 582
330 578
352 722
626 320
236 726
686 760
238 692
125 587
652 842
812 886
720 94
711 829
34 744
734 3
731 814
669 72
128 722
683 864
70 531
666 336
577 821
739 776
519 140
897 595
222 4
697 709
823 743
730 705
747 533
125 476
882 257
878 332
464 789
457 329
416 176
571 792
502 381
56 108
214 201
525 760
817 792
643 497
24 26
898 188
660 440
638 66
690 784
142 611
571 69
251 89
629 395
45 438
147 763
738 778
284 465
556 113
588 32
625 277
668 275
184 794
524 860
753 152
805 773
194 486
85 574
384 347
68 564
195 731
833 625
811 152
823 539
626 214
446 897
375 807
70 350
412 856
460 450
899 437
505 234
21 88
88 126
475 403
750 311
760 103
43 806
317 46
601 773
449 409
757 488
850 42
568 197
216 71
816 14
703 80
590 43
522 572
38 876
73 392
723 540
12 370
51 825
704 841
835 235
292 649
548 521
218 893
354 646
723 466
710 62
358 55
80 383
177 322
203 699
490 318
862 232
315 769
155 79
26 774
671 658
578 743
226 692
152 167
665 197
617 806
579 897
625 881
36 793
512 2
755 282
763 540
802 147
473 589
273 161
352 689
58 289
403 306
838 685
573 340
579 774
795 804
459 532
797 21
621 251
485 204
354 646
390 506
403 46
32 789
694 731
74 326
144 281
516 356
889 39
263 18
138 383
477 708
290 495
619 631
125 221
322 17
264 800
752 193
17 230
273 270
750 830
132 767
803 688
117 771
379 50
275 641
613 215
486 524
266 546
729 393
308 524
247 730
796 629
62 537
332 161
146 372
768 476
847 346
616 774
191 218
633 554
882 219
306 42
617 52
403 244
721 66
494 261
806 377
296 123
740 604
79 173
233 120
177 83
701 660
98 592
420 38
516 234
753 166
46 306
402 814
243 277
888 243
452 336
720 346
150 282
139 605
392 771
523 456
7 370
677 123
61 449
631 516
734 452
572 636
301 667
139 242
597 494
313 42
530 461
711 330
362 431
79 427
558 826
837 649
451 883
303 342
884 46
610 546
793 616
546 392
20 559
817 637
669 551
470 179
498 686
453 426
296 278
818 176
866 709
282 34
647 602
493 167
241 893
700 564
161 858
656 862
789 423
642 368
130 604
486 306
815 193
773 235
258 537
395 458
531 365
670 500
694 817
444 1
739 372
244 709
798 524
538 230
671 131
776 18
381 514
339 866
93 421
730 29
880 166
598 739
144 234
134 557
30 540
346 167
677 550
468 836
511 41
63 147
320 16
643 653
791 211
194 176
391 697
468 341
324 465
311 857
42 860
727 294
777 882
72 722
136 846
741 872
281 255
501 25
142 580
652 842
66 249
687 42
649 466
355 767
536 67
197 306
166 284
282 389
872 824
713 180
405 409
13 538
548 143
38 886
13 565
706 13
486 860
524 860
36 584
91 89
338 356
898 901
436 735
752 726
695 255
363 137
687 566
268 271
608 253
529 280
125 888
217 402
473 241
322 234
298 533
825 307
636 664
357 458
575 532
227 533
62 30
162 785
889 357
1 821
453 128
397 191
598 868
540 218
151 16
165 335
165 354
570 737
569 737
298 176
153 106
674 707
425 182
883 179
827 869
386 413
748 691
95 254
630 709
834 889
43 617
761 313
431 637
141 524
678 703
243 476
760 393
17 64
658 597
687 339
103 458
495 524
1 557
80 726
692 309
257 255
272 386
737 75
715 773
365 26
802 269
607 705
701 108
662 842
4 356
470 146
144 456
337 423
364 596
322 255
530 616
432 897
250 359
832 431
493 431
334 493
526 603
537 763
261 235
680 701
884 380
1 783
238 172
38 564
368 443
531 118
794 569
736 362
418 523
573 360
239 219
298 708
58 611
260 274
11 417
597 699
869 218
392 77
873 174
201 477
192 119
892 776
622 437
342 326
733 108
626 871
815 459
879 146
52 806
565 331
745 186
442 373
847 241
736 358
446 597
679 116
738 767
8 424
656 489
811 20
70 36
266 803
15 79
3 771
192 697
525 149
635 426
651 456
635 683
700 485
304 232
344 654
82 656
166 124
306 860
682 152
41 152
625 259
244 524
224 193
36 651
873 556
253 51
291 625
128 709
814 218
250 345
427 846
714 123
868 376
379 164
457 324
84 607
608 612
548 439
804 699
234 26
859 352
314 688
784 194
271 230
371 217
657 268
374 187
526 160
235 234
667 567
20 497
68 420
439 397
741 728
603 749
799 48
562 896
329 540
467 450
420 278
879 392
138 726
215 26
519 696
546 629
881 38
302 227
237 490
36 578
806 221
457 292
844 358
139 761
87 13
719 133
250 78
85 622
70 835
236 243
734 186
326 29
316 11
32 852
448 592
129 146
162 557
321 715
370 625
312 21
872 78
142 479
166 30
284 307
193 886
364 559
777 133
258 466
617 355
706 707
233 176
12 872
220 472
697 662
18 698
169 725
676 520
349 161
450 383
82 28
535 578
393 698
811 870
779 103
863 243
1 576
574 437
780 682
321 766
241 893
452 406
213 376
393 409
434 708
167 241
644 324
783 437
207 236
372 698
754 400
717 234
455 615
752 126
209 862
720 388
773 874
810 369
286 133
242 557
293 805
146 393
111 431
318 818
318 486
899 718
159 533
540 218
54 434
738 611
9 749
307 814
394 192
294 392
758 128
427 69
679 22
883 472
330 102
273 806
787 449
79 710
424 372
627 892
128 486
399 108
871 495
108 376
461 692
567 893
223 428
79 473
810 822
265 525
421 388
349 208
19 466
569 357
704 118
404 686
355 858
601 462
6 604
13 28
275 186
435 656
529 707
557 386
777 650
669 434
682 105
775 529
426 553
265 395
421 292
349 726
901 383
606 431
235 234
328 563
376 228
238 671
131 699
866 42
49 509
245 571
671 695
626 128
756 25
838 554
494 50
701 114
562 433
226 539
771 77
820 511
672 629
533 842
774 164
725 239
822 587
153 886
151 520
829 456
36 67
348 239
35 81
881 876
75 472
319 351
87 82
498 598
443 533
601 45
48 51
49 42
206 272
74 3
861 627
730 409
194 482
311 375
769 409
734 868
208 885
669 302
339 553
825 173
816 382
630 176
577 453
509 308
60 666
530 650
478 661
626 758
564 858
469 295
850 818
225 604
493 240
366 767
443 57
98 313
201 99
780 684
739 698
117 800
287 486
524 42
865 384
217 240
697 709
393 698
825 801
866 689
277 464
537 807
202 606
691 616
755 505
57 128
285 538
426 722
80 768
852 767
626 785
844 667
703 341
280 164
618 351
538 478
187 699
385 410
745 472
395 77
177 897
368 57
5 760
108 705
602 709
752 488
146 776
664 129
859 492
176 697
614 292
780 857
381 237
755 222
597 64
160 452
730 360
794 149
712 567
168 355
655 500
643 173
619 150
280 131
79 170
442 789
2 530
205 800
883 29
472 263
195 111
634 89
87 400
176 709
587 270
77 449
732 366
843 660
383 852
392 393
616 516
443 818
237 31
177 102
647 394
24 304
692 584
120 592
718 42
463 792
261 235
467 138
694 830
397 857
318 391
317 568
601 565
229 747
156 280
355 858
23 492
402 388
247 200
617 491
651 579
724 335
730 395
833 703
279 819
747 533
420 476
302 821
861 779
741 714
25 204
211 794
403 877
171 465
668 160
668 771
168 876
675 739
777 513
89 532
378 385
410 412
26 774
659 172
577 180
827 457
606 870
708 860
451 781
883 179
411 500
703 564
106 423
788 281
147 143
503 743
183 761
120 866
533 662
548 867
80 767
867 537
807 870
356 164
705 688
282 101
832 473
74 892
825 465
606 375
755 505
12 532
539 543
779 376
704 829
852 767
651 219
266 803
692 597
754 331
725 45
97 114
310 612
804 255
280 631
448 317
738 833
874 255
771 393
826 739
140 824
764 214
347 391
253 240
23 553
638 667
271 897
272 437
717 661
237 298
105 567
540 218
602 533
400 538
623 377
150 50
4 478
119 42
671 418
624 427
796 730
136 170
219 281
2 24
859 718
391 119
1 877
458 472
135 571
577 708
362 249
760 698
133 494
406 675
631 50
629 771
50 83
533 860
266 760
340 315
501 168
555 428
524 842
875 445
382 817
533 42
402 362
708 306
785 57
898 554
155 493
529 280
521 191
120 313
375 258
888 726
352 42
697 709
374 478
125 243
859 602
148 709
452 828
40 56
108 392
477 662
548 115
730 739
821 416
99 818
474 792
103 18
566 434
407 447
323 630
668 263
578 897
556 689
760 77
98 689
647 642
884 566
103 688
841 331
454 546
194 533
404 114
311 540
586 611
626 492
63 463
744 595
72 225
440 393
414 372
616 505
792 241
491 383
462 775
344 713
833 459
715 215
86 723
417 306
323 403
200 372
513 83
794 146
784 860
305 268
43 221
718 486
837 845
239 64
482 662
595 26
450 89
497 724
328 850
886 377
858 767
16 313
541 688
276 230
168 768
41 152
671 595
627 175
675 698
18 409
331 157
315 730
624 388
468 420
255 164
897 144
735 39
778 450
126 491
626 709
113 577
349 532
202 682
30 241
239 774
423 852
564 423
798 839
855 329
322 257
750 249
91 401
542 241
658 897
839 298
748 743
791 61
280 235
56 146
820 653
867 515
266 498
384 298
466 792
285 50
33 832
148 718
316 676
751 462
64 230
774 164
114 117
36 422
808 117
469 77
411 890
517 259
672 146
481 330
624 694
760 336
430 772
232 897
773 835
218 241
393 409
551 313
370 886
790 333
400 209
282 257
117 179
411 526
539 691
637 893
179 771
898 35
446 505
434 120
453 49
356 230
549 843
888 423
356 26
419 452
723 893
353 80
429 565
118 144
379 34
698 449
60 424
899 318
18 698
46 42
872 188
324 362
891 445
250 550
530 356
423 852
230 774
820 742
848 306
253 682
335 637
216 355
181 375
664 3
760 449
476 278
327 710
215 582
873 747
628 124
650 699
16 174
485 126
519 112
204 251
553 391
636 594
839 176
469 333
668 275
476 587
753 801
93 122
456 356
858 383
81 32
530 50
777 658
45 429
332 459
302 683
183 121
144 83
45 209
845 66
27 418
105 649
726 550
498 200
292 111
470 205
321 754
877 818
521 637
74 735
168 876
251 770
338 659
151 121
621 106
12 447
730 776
352 818
727 412
3 29
789 459
887 392
613 45
418 415
160 840
287 128
68 459
581 836
828 749
454 326
248 847
660 409
377 355
540 870
628 86
250 700
637 870
886 852
149 18
391 662
109 881
488 38
71 442
395 890
469 470
787 146
794 698
181 712
708 709
252 540
78 881
356 64
289 78
824 789
233 697
419 73
764 16
390 415
477 244
646 166
387 880
283 747
221 564
125 373
544 373
334 542
124 382
476 278
418 595
368 380
574 317
152 857
315 771
867 421
171 147
246 627
541 73
369 770
832 474
770 852
22 515
886 459
228 395
586 767
260 125
314 890
540 893
640 692
770 767
657 707
679 166
699 164
172 356
776 409
152 307
123 420
416 180
876 886
380 99
797 564
609 635
88 677
822 532
234 164
154 359
82 280
859 818
336 179
158 237
241 893
111 537
544 355
875 249
13 230
764 42
378 395
685 341
158 283
430 876
305 661
43 207
790 525
758 697
1 747
358 115
128 860
397 891
250 398
678 243
597 699
341 789
620 612
721 427
248 608
484 168
174 576
308 842
292 167
115 241
891 723
759 500
719 829
25 89
312 564
551 615
603 393
492 866
848 747
186 336
52 824
838 71
71 10
632 517
841 657
138 714
131 261
103 61
801 814
648 838
704 64
740 576
785 860
157 305
426 119
69 537
687 225
98 605
886 423
858 270
656 305
418 543
746 209
82 744
148 697
271 239
723 329
200 705
234 255
220 92
583 391
770 575
654 602
7 68
481 189
326 705
14 867
135 155
688 771
223 42
521 402
211 572
362 249
95 164
739 776
581 161
224 106
295 500
222 582
118 144
43 447
352 225
119 176
321 516
284 894
842 42
279 433
719 350
30 846
206 665
512 777
600 478
531 429
507 400
506 671
69 431
717 774
674 177
793 489
136 115
773 268
811 720
427 284
875 830
271 235
894 431
134 437
63 178
557 416
542 480
665 197
167 218
237 121
366 153
707 26
222 235
381 818
445 830
644 105
677 126
138 508
138 685
10 459
393 409
744 285
73 739
870 893
287 162
762 529
496 872
642 194
667 830
251 767
352 689
131 597
449 409
814 218
95 446
142 517
689 128
437 180
355 575
564 383
68 459
372 392
96 373
515 388
242 860
111 388
814 893
634 770
491 476
460 369
87 829
655 205
830 115
752 89
717 711
712 559
491 575
319 480
379 131
598 889
235 356
86 105
570 90
220 263
900 270
884 848
264 472
115 893
775 631
366 81
798 665
305 232
733 315
641 184
653 807
129 103
608 880
47 565
512 793
692 478
873 229
331 595
74 890
360 771
497 351
532 767
233 416
709 842
181 857
885 100
117 472
101 17
555 665
214 72
877 860
733 108
97 598
488 806
832 218
165 152
605 267
319 614
37 435
525 705
475 630
780 307
612 589
694 480
143 537
243 852
543 26
564 383
275 405
600 187
435 215
731 111
277 479
651 271
571 292
440 263
671 874
351 284
718 604
350 565
781 196
805 531
566 120
286 45
422 774
801 346
757 52
213 108
77 449
37 775
434 176
170 763
414 392
867 473
806 383
374 478
505 516
61 18
709 860
268 456
882 408
593 649
292 388
535 262
350 711
245 445
155 351
115 540
210 792
406 826
247 77
371 606
50 234
69 537
289 349
220 558
370 876
541 73
691 331
237 308
799 20
481 659
341 575
595 235
359 216
822 767
502 54
411 686
615 566
497 537
35 278
575 767
212 504
378 196
691 331
78 383
462 322
569 440
8 800
102 219
535 281
862 280
450 423
449 409
3 414
213 406
629 357
129 776
743 235
605 514
348 432
218 637
43 112
738 81
719 17
39 149
186 686
288 52
642 709
112 278
64 234
877 416
265 90
587 575
118 102
826 675
407 617
109 341
107 184
792 870
345 407
71 625
148 194
250 757
150 238
114 372
751 118
801 111
786 205
476 726
34 529
330 543
203 432
350 234
818 697
790 500
205 769
472 771
618 431
476 270
757 260
603 409
795 102
91 81
688 75
168 89
881 161
626 690
38 161
166 801
486 244
686 472
304 695
67 543
167 249
656 365
323 563
794 392
691 67
888 625
738 741
259 726
543 281
676 577
193 488
417 866
654 864
138 476
873 197
140 587
273 100
286 415
351 606
5 228
584 235
545 393
541 705
526 570
148 57
628 891
404 399
672 737
450 770
42 860
630 718
94 559
431 218
667 816
