678 1872
199 323
365 566
160 7
293 323
198 431
363 656
105 218
647 362
457 395
485 615
57 617
639 500
676 285
117 19
405 487
279 328
643 489
137 403
440 132
178 615
494 565
171 340
425 84
377 90
317 439
555 656
363 236
469 396
160 7
382 532
607 362
352 172
68 416
172 380
426 337
638 203
307 144
470 573
650 291
60 83
90 438
653 628
539 403
47 567
453 351
339 660
67 109
492 35
605 537
489 8
438 28
467 482
175 663
84 439
336 137
592 256
148 424
458 421
250 338
348 624
427 598
540 134
395 474
589 278
334 232
573 421
141 666
110 36
10 181
643 637
220 580
616 501
457 366
60 630
499 134
83 101
533 623
236 22
440 330
378 297
298 340
526 130
13 76
127 330
539 335
432 367
96 47
338 181
631 469
90 465
652 663
202 489
634 400
18 611
439 611
128 254
145 340
121 149
188 580
5 474
454 626
30 156
124 340
489 101
513 366
145 64
284 478
22 421
410 528
612 129
295 655
489 260
85 369
284 11
663 406
324 632
627 396
41 532
267 510
163 230
493 171
178 495
471 257
244 112
558 668
454 65
558 139
65 631
458 421
117 567
106 444
252 329
375 629
444 259
675 521
274 560
238 305
198 132
218 395
172 237
667 8
251 437
370 581
393 330
600 524
614 232
232 632
352 501
619 311
151 459
92 561
596 158
227 22
254 111
506 94
384 98
69 22
648 489
505 627
219 533
348 550
632 395
19 403
391 425
307 340
196 131
656 501
302 489
453 34
363 470
345 306
320 521
535 73
461 9
275 559
551 38
592 191
56 603
274 655
200 419
575 393
600 433
546 254
143 338
272 372
666 163
586 538
181 459
204 338
120 568
192 396
492 439
139 595
93 422
167 211
13 458
400 116
277 340
249 666
653 671
408 503
616 126
392 246
674 651
343 648
4 456
577 382
42 503
522 36
574 85
450 623
502 526
135 566
443 224
78 292
665 37
674 196
591 259
90 438
219 398
68 174
3 563
185 389
451 333
499 573
582 454
597 98
571 565
537 181
33 481
396 8
514 79
254 198
666 101
504 3
185 82
285 264
647 85
392 172
39 119
385 443
148 338
319 290
157 308
390 667
118 457
459 335
310 30
271 627
318 611
146 496
138 419
246 181
554 112
2 126
489 260
590 218
243 577
215 180
149 279
441 367
449 340
356 42
217 473
512 550
625 179
423 624
232 129
224 79
40 621
334 554
57 606
612 395
538 42
45 33
340 615
539 22
499 161
309 284
345 46
221 353
84 571
129 332
512 320
353 201
81 206
397 204
276 468
9 302
547 101
424 539
444 561
575 437
333 389
497 11
233 458
353 658
599 322
122 312
33 209
500 120
354 226
545 329
219 209
561 567
579 202
574 285
6 178
606 313
651 513
434 340
162 79
334 324
614 82
340 615
287 11
542 406
19 181
379 5
588 431
77 465
198 330
537 573
27 162
174 15
328 393
628 631
106 364
621 26
530 198
549 596
60 270
160 127
217 62
121 492
611 436
570 270
361 526
30 645
541 547
568 34
257 477
274 676
646 92
419 28
66 212
332 450
27 400
280 206
57 26
32 468
64 171
395 158
541 101
248 473
467 22
142 90
484 212
154 557
66 30
424 458
406 508
285 465
575 128
162 198
51 105
638 37
600 331
107 619
321 212
155 101
610 458
125 156
135 230
610 424
376 621
535 178
205 488
75 446
498 474
288 457
669 145
304 403
256 66
456 316
138 190
406 450
235 160
342 198
313 547
400 357
199 98
149 198
458 338
637 228
642 329
448 617
29 185
353 617
499 62
114 505
653 617
491 459
331 633
457 332
248 289
578 341
523 307
605 452
293 100
84 514
472 424
215 353
127 132
473 181
437 328
30 438
551 542
6 560
308 621
159 419
252 289
439 79
48 289
454 365
572 337
126 459
131 82
473 459
246 421
251 439
227 595
536 72
552 236
53 51
622 10
657 436
160 440
74 521
318 571
106 134
322 301
58 31
304 248
334 388
158 474
651 513
546 43
38 82
262 30
122 493
658 489
298 615
372 338
541 36
283 431
85 87
556 369
669 156
88 156
532 474
244 197
485 312
21 265
387 2
566 101
337 396
362 28
459 335
64 171
419 64
13 151
181 335
451 103
120 323
495 171
278 85
520 197
85 669
372 172
141 630
370 420
497 518
548 343
60 548
665 443
589 32
117 335
50 316
532 395
613 594
253 200
608 648
237 459
376 407
303 502
60 608
510 89
595 259
74 64
281 632
46 389
573 19
523 31
344 252
405 649
276 265
265 30
325 35
181 459
284 658
145 277
422 315
603 557
270 101
473 126
248 573
432 527
547 270
48 137
265 298
540 252
559 230
648 164
563 603
340 615
605 227
304 364
364 140
608 260
98 513
516 55
137 368
458 140
222 401
206 125
543 658
291 228
44 170
668 427
621 396
442 574
107 245
288 45
589 515
25 244
184 595
200 519
497 547
91 337
506 170
65 666
522 284
162 436
490 608
273 462
487 546
314 453
241 34
375 64
621 337
150 466
63 25
95 584
424 458
494 678
644 505
19 181
321 73
380 22
112 398
392 305
341 393
203 198
282 401
230 8
524 466
458 335
301 556
179 651
286 369
352 19
81 144
672 369
546 446
497 505
116 111
180 626
251 440
101 260
676 301
325 466
589 145
610 380
2 338
359 606
397 181
309 631
472 246
172 567
290 580
551 554
255 38
231 10
478 627
300 446
124 521
670 171
326 248
94 658
92 482
182 632
168 105
609 416
141 617
476 281
493 200
662 171
667 260
262 512
231 24
207 511
605 96
222 322
545 335
415 129
104 223
544 132
264 28
617 230
168 179
15 65
385 436
149 524
534 489
157 522
290 206
663 395
39 429
437 297
554 379
571 477
260 396
510 139
260 8
71 128
174 631
469 260
320 145
198 330
400 127
108 481
325 357
238 427
439 443
101 260
301 286
54 245
170 478
425 436
515 484
452 472
475 38
589 592
308 626
313 559
599 200
59 85
457 112
455 230
287 302
423 594
24 429
321 669
80 224
443 466
5 623
428 557
503 466
391 456
410 598
208 226
345 508
177 365
618 332
6 310
634 633
354 125
457 513
583 498
578 283
564 332
294 410
666 381
396 8
317 517
93 467
133 35
495 171
494 446
630 396
206 615
181 335
142 90
629 64
502 244
206 145
375 645
157 26
521 401
11 260
204 459
332 568
517 479
382 241
278 66
597 508
551 261
590 34
425 431
487 350
367 446
205 601
156 171
400 7
51 457
166 457
330 466
506 640
140 459
167 204
591 510
311 82
122 124
599 468
426 114
270 658
239 117
452 204
225 389
126 567
46 554
561 252
66 615
671 153
524 80
494 162
183 239
174 667
583 63
186 18
547 626
45 513
125 624
425 165
260 8
17 204
12 528
362 285
175 498
200 77
332 218
102 571
666 260
475 532
408 578
150 223
632 82
344 467
273 348
281 474
379 131
527 18
279 186
412 627
555 89
476 619
60 650
479 132
390 260
310 31
41 244
657 186
121 527
384 351
652 130
116 503
230 489
601 171
339 481
525 332
550 321
427 140
234 627
72 427
484 145
291 469
200 495
463 244
249 61
264 419
63 82
506 360
248 364
519 521
145 438
112 568
176 194
51 266
479 257
608 36
257 431
291 570
21 369
397 329
479 400
670 226
201 396
319 484
602 486
267 540
479 393
290 85
170 396
230 390
201 478
203 611
356 43
461 230
410 12
390 667
340 615
193 576
528 140
658 101
51 38
624 156
149 511
366 158
281 457
635 112
350 27
21 64
148 387
241 281
430 170
627 260
671 396
33 457
541 559
403 335
67 570
522 109
299 186
168 332
2 501
147 337
305 656
332 663
126 567
414 480
312 178
139 140
548 291
650 461
475 247
421 335
210 325
664 169
530 18
369 28
281 498
303 562
568 82
104 198
188 675
396 8
35 128
624 171
484 438
431 466
245 38
420 47
541 650
534 469
445 96
394 46
648 230
490 566
423 312
2 335
162 357
601 87
57 180
604 482
377 493
291 101
190 670
502 130
117 172
450 398
612 323
23 407
325 443
447 371
142 645
496 165
598 143
557 514
238 47
134 602
354 615
163 416
366 82
221 547
316 162
224 503
194 606
558 424
379 508
559 489
514 79
266 395
641 425
425 43
517 657
623 596
430 489
646 424
222 212
191 373
418 213
266 406
672 73
526 632
392 458
332 175
186 443
73 669
26 230
212 77
552 294
530 571
602 24
55 419
391 325
603 538
36 572
82 395
619 245
448 416
178 438
154 146
259 610
45 532
253 282
127 436
128 116
370 540
604 467
273 55
37 341
422 501
281 34
75 330
583 498
152 177
82 395
253 286
145 419
209 379
118 453
167 364
562 623
187 89
11 631
487 408
660 384
247 5
32 77
374 600
409 457
151 528
200 322
405 492
218 596
557 440
640 566
635 332
315 427
63 130
32 212
241 82
357 116
660 474
188 442
173 512
614 158
628 202
677 202
26 381
488 298
532 158
266 129
88 145
536 372
206 178
334 619
52 658
397 263
371 526
221 360
346 624
449 55
90 468
294 668
265 322
308 579
100 292
125 277
237 181
648 228
330 431
244 5
94 163
222 285
449 362
437 328
280 531
449 88
382 332
626 572
242 520
512 320
363 335
629 64
376 214
394 568
385 330
406 398
464 457
405 251
674 635
37 565
162 79
25 651
642 561
662 373
518 270
132 111
371 526
542 415
69 304
331 165
505 455
200 419
372 486
73 465
342 357
301 516
197 450
672 97
476 241
21 30
597 258
234 658
412 36
542 384
610 403
505 570
126 22
205 354
202 505
597 463
399 554
244 450
575 661
369 438
245 244
599 77
33 218
648 396
415 508
443 132
346 495
675 66
635 209
477 443
345 632
660 389
219 526
538 18
311 323
320 419
616 263
368 296
626 230
645 465
329 424
305 473
28 64
94 617
556 171
156 64
613 144
167 47
97 312
639 498
125 212
7 436
612 562
231 211
396 8
185 323
482 459
43 350
285 340
663 366
250 139
456 503
309 284
676 468
567 335
390 396
300 440
512 629
217 595
302 667
494 18
498 82
278 340
424 22
569 164
333 281
570 270
191 417
590 281
204 567
318 654
153 455
569 617
4 27
560 97
248 421
123 169
289 539
5 398
512 594
577 351
573 380
107 108
114 14
228 658
643 270
277 465
538 400
373 87
459 335
528 486
369 615
136 312
499 269
597 179
346 212
441 102
424 19
329 143
334 70
190 264
57 666
5 474
295 216
190 212
656 137
370 143
258 474
509 559
94 26
556 495
671 489
661 456
649 511
185 130
85 277
478 381
269 263
223 102
661 316
146 283
477 162
408 128
376 177
554 112
74 31
381 627
155 489
547 572
248 263
143 458
362 419
238 427
598 528
640 67
497 547
129 197
506 608
598 421
345 660
56 235
641 514
225 476
589 580
391 600
498 395
35 224
631 627
112 632
17 610
159 535
543 666
499 620
600 511
336 231
29 197
416 8
357 132
675 144
47 486
70 306
223 349
561 246
568 130
165 132
626 230
353 164
212 156
506 416
89 656
563 111
351 651
334 41
503 431
503 466
329 458
88 402
604 183
385 37
625 590
85 145
67 648
245 464
367 80
1 402
189 617
247 635
665 279
539 181
531 383
258 129
241 520
28 615
12 368
575 385
398 596
197 498
670 516
139 259
576 344
336 213
610 338
93 335
217 22
440 132
284 44
33 306
132 330
32 346
146 27
495 171
622 352
246 380
388 351
494 440
117 172
664 110
664 141
404 626
28 495
297 342
310 226
132 503
346 516
618 103
213 335
98 5
434 383
211 528
622 347
180 36
315 380
135 91
633 165
344 610
159 124
179 175
44 648
524 35
400 132
362 419
20 202
187 459
656 289
34 395
385 514
53 54
291 469
444 598
597 120
397 459
595 458
640 412
592 462
427 397
439 477
5 395
511 436
380 289
417 383
128 557
671 101
678 503
364 539
632 596
272 231
642 167
603 132
531 362
593 357
535 298
203 84
70 185
492 503
166 41
265 77
267 183
20 123
446 165
449 670
470 403
455 570
17 119
25 179
107 460
613 468
519 419
496 254
359 553
283 160
347 289
341 116
484 264
407 26
184 304
396 8
567 459
179 568
469 260
395 158
280 493
560 521
513 366
605 139
398 632
302 230
449 670
134 22
22 181
23 640
621 547
455 469
490 461
565 160
289 421
601 125
426 170
357 503
74 278
491 338
629 156
334 549
258 351
35 611
521 488
224 503
39 372
668 211
375 156
499 143
348 574
203 50
286 212
553 177
478 8
33 366
295 373
247 460
177 67
441 405
362 212
105 520
94 201
297 557
33 158
189 174
448 570
222 383
646 622
549 82
38 292
206 88
60 115
612 197
137 252
516 286
536 392
298 645
544 116
51 306
85 488
427 263
269 237
587 318
511 79
653 170
102 203
479 283
162 431
115 505
649 661
428 440
612 498
284 65
576 397
63 185
536 421
74 322
339 351
663 112
87 419
441 530
614 333
268 530
99 116
534 343
575 349
330 431
444 269
211 421
432 251
428 116
295 521
18 393
396 8
180 201
522 11
429 47
634 327
227 452
591 62
269 372
69 472
413 498
295 373
371 324
87 521
639 577
625 351
35 456
664 337
80 132
413 526
185 82
580 531
674 242
491 269
302 396
204 126
366 34
305 10
406 623
469 8
112 130
438 629
428 393
618 197
53 255
378 633
532 395
54 70
280 298
663 395
413 129
9 666
21 465
661 35
50 431
287 506
129 332
64 340
388 131
439 42
551 100
63 82
572 260
442 171
533 5
557 7
121 611
359 157
256 662
166 324
18 349
440 357
84 7
393 330
65 110
619 384
486 610
112 34
28 465
85 30
395 474
457 112
119 403
358 298
188 222
414 600
607 531
478 570
639 450
162 111
41 98
120 130
524 128
397 19
490 91
676 21
398 158
494 341
159 88
515 144
263 204
113 574
210 116
55 465
345 398
553 426
182 108
250 610
252 181
414 27
26 626
527 186
285 419
168 526
4 431
334 651
167 10
345 464
212 615
455 381
461 627
627 469
388 120
481 526
606 9
531 645
345 25
433 160
368 181
551 5
498 532
502 5
412 627
361 219
11 381
350 341
534 454
644 505
57 169
12 429
412 270
105 533
534 628
108 398
199 34
365 109
346 55
236 420
49 520
283 440
7 330
213 616
147 559
345 379
171 615
177 631
384 332
14 202
280 655
600 254
81 615
63 332
604 19
538 436
485 85
487 593
555 2
279 578
287 14
507 354
586 649
234 664
489 8
313 478
317 341
481 120
326 19
500 612
267 227
385 86
389 351
655 624
63 554
135 94
422 62
349 436
427 610
598 573
667 627
499 363
487 104
202 155
537 539
503 431
36 260
632 474
321 64
504 160
457 5
110 8
532 395
336 558
521 171
564 562
280 574
438 465
393 436
589 574
285 488
649 71
362 277
81 401
674 464
215 534
362 417
221 648
227 539
473 424
576 656
349 162
310 298
216 423
557 80
330 503
299 456
443 7
629 495
346 375
234 606
546 316
302 547
287 506
297 283
421 181
525 450
408 111
177 16
102 603
116 503
243 513
271 416
160 127
144 73
154 575
348 87
366 395
317 18
22 335
23 302
482 181
103 395
11 163
167 537
74 298
255 508
326 181
624 156
182 112
47 610
604 238
386 382
439 557
354 519
294 237
558 602
362 66
37 538
327 104
664 40
317 198
441 341
156 615
411 201
225 244
519 375
405 661
259 403
127 330
179 549
278 64
17 473
227 392
118 232
559 337
561 213
232 612
416 469
316 431
550 28
183 326
665 325
625 623
156 340
84 132
291 270
204 421
448 109
463 453
570 109
98 33
283 342
319 580
438 171
237 22
219 549
217 545
453 457
12 119
382 292
614 500
623 34
132 431
461 448
196 218
82 395
653 396
507 369
403 459
2 528
582 275
300 367
594 488
296 335
624 521
470 289
358 88
637 648
449 383
573 140
140 181
612 38
549 34
173 358
81 362
677 569
539 335
596 474
97 73
636 222
139 501
434 676
552 486
383 484
526 568
327 355
442 417
271 337
184 93
70 49
212 645
658 8
299 431
64 171
631 164
359 572
230 270
64 171
676 264
302 270
418 467
422 246
291 109
512 377
534 194
160 127
586 494
428 27
401 156
621 36
364 126
172 458
62 252
373 312
440 162
435 7
268 600
205 523
534 180
442 519
262 64
468 64
233 47
527 611
50 357
248 289
475 457
541 313
303 612
341 431
367 357
263 204
43 18
426 621
281 130
331 578
436 116
268 654
538 611
343 164
529 350
305 458
380 473
638 355
580 171
654 80
381 230
106 204
433 524
317 678
543 260
151 10
87 264
319 90
417 383
477 357
233 540
592 6
204 289
501 19
289 335
122 449
