880 2825
441 35
111 687
589 104
590 258
826 426
89 105
577 589
29 471
609 570
659 127
427 423
647 238
328 75
138 476
486 424
435 547
345 387
852 363
234 193
637 296
22 388
170 700
362 537
721 849
352 537
67 730
762 582
580 469
530 121
588 267
509 811
210 359
105 421
839 739
758 721
499 387
688 739
236 477
131 208
83 82
666 865
57 546
602 140
293 62
847 794
98 92
861 774
447 277
544 718
444 122
680 318
192 143
870 803
374 167
504 197
382 509
73 830
482 779
405 471
616 665
240 308
370 158
92 62
285 337
525 452
464 141
22 187
771 216
386 216
60 176
738 567
392 452
774 119
822 111
253 768
765 46
102 386
86 125
659 359
634 394
253 157
717 167
814 85
778 79
282 387
163 171
761 110
228 755
124 80
50 509
119 788
577 238
830 336
804 12
817 371
151 405
865 739
209 358
344 600
236 693
30 194
685 379
179 760
777 182
764 760
219 426
358 865
693 274
674 488
271 292
581 310
36 778
386 510
318 257
130 687
833 385
127 121
389 181
182 271
342 796
506 122
746 183
27 201
32 734
501 711
575 157
154 473
844 774
622 175
808 555
692 100
367 108
251 625
594 324
874 750
13 836
575 93
91 477
441 258
151 597
645 471
71 294
787 240
90 798
762 339
518 16
299 201
99 774
7 388
692 475
215 798
672 528
183 811
694 539
668 340
880 199
373 570
395 33
338 713
662 405
199 50
61 643
319 307
855 200
439 497
206 21
867 638
788 92
416 705
101 258
454 314
807 130
220 741
142 419
78 111
457 718
726 489
703 481
479 865
320 739
235 603
492 625
184 697
173 591
343 483
741 148
9 642
166 839
711 396
644 231
374 157
398 603
213 351
773 79
853 174
795 49
129 722
298 294
81 367
68 714
274 157
633 29
73 687
12 664
321 592
551 339
856 743
179 123
101 801
640 739
266 633
150 300
511 199
187 627
439 723
733 791
428 157
824 36
790 464
605 28
870 778
758 471
250 104
70 878
296 566
544 459
252 564
870 755
516 259
138 292
161 480
509 811
79 687
555 31
394 162
505 114
76 118
402 563
359 82
758 172
404 686
94 443
536 618
636 54
293 213
77 461
336 705
189 419
362 247
110 172
827 461
248 459
511 849
701 665
271 686
204 132
439 337
722 219
757 421
521 372
805 546
293 4
570 47
726 545
293 4
68 170
522 711
370 222
61 198
726 341
156 177
209 287
589 4
672 642
451 473
228 200
209 4
17 683
480 419
533 378
20 115
473 33
575 520
44 758
609 396
461 824
173 40
569 497
182 727
649 684
180 859
197 625
640 745
391 294
761 564
168 62
608 90
2 534
24 721
68 398
348 38
34 312
166 168
404 157
830 305
467 325
717 878
648 826
789 319
626 597
519 66
793 686
131 165
349 664
21 426
161 735
201 240
176 476
294 211
680 27
332 609
570 483
656 314
816 714
548 749
493 459
284 148
392 837
613 397
43 723
815 331
696 172
669 52
585 228
797 427
28 283
574 714
505 376
212 160
554 277
814 85
578 258
864 661
26 70
366 262
761 402
261 546
827 454
285 422
251 244
876 63
502 74
661 333
708 276
557 331
141 91
106 140
730 728
475 290
788 745
880 263
577 384
724 199
589 250
448 388
124 654
681 705
346 303
216 410
453 415
661 605
657 517
597 105
105 303
21 70
742 111
323 175
444 805
382 2
868 116
63 687
53 517
131 758
542 791
568 16
468 357
409 1
406 400
821 313
357 534
426 477
447 213
256 811
379 865
185 351
564 664
257 213
841 374
283 238
508 151
427 392
416 116
322 295
256 290
597 395
95 433
206 274
712 92
336 706
220 419
144 545
108 178
626 800
454 258
588 742
291 76
504 419
674 801
341 50
136 506
140 49
832 395
801 79
429 751
88 197
672 879
284 485
123 329
858 545
466 1
462 450
674 55
564 664
476 562
407 611
357 25
792 398
38 56
368 52
125 355
190 625
558 305
806 814
829 758
47 670
442 38
21 207
505 301
33 721
18 814
799 221
187 170
488 115
836 652
783 717
701 758
34 315
834 722
866 238
535 172
836 814
616 642
828 477
230 394
106 701
450 739
677 368
77 75
572 285
205 646
853 140
345 182
689 355
47 129
292 70
563 140
37 183
844 698
274 686
28 62
671 611
496 791
380 235
684 547
370 786
859 464
784 722
152 532
626 371
579 827
768 307
724 50
544 277
338 292
648 477
544 351
839 675
132 739
423 576
389 819
78 791
40 150
746 183
282 524
405 746
550 181
686 70
376 760
806 625
232 531
65 2
437 879
421 804
305 189
612 477
530 651
496 369
708 336
10 45
21 271
623 564
580 609
392 798
801 870
876 190
836 497
582 837
664 811
852 50
116 130
867 421
206 312
694 202
79 190
464 524
802 139
762 577
496 870
355 822
667 705
642 546
487 830
154 546
871 861
540 358
357 599
755 88
777 683
666 329
135 231
731 140
171 29
711 878
689 272
34 686
372 182
68 666
305 111
714 432
362 76
850 870
688 92
750 608
472 62
326 861
113 200
568 349
106 154
554 283
461 453
194 516
214 739
580 819
109 734
402 581
850 681
67 459
474 717
405 664
10 140
869 140
504 778
435 394
105 33
461 801
823 824
13 270
721 410
697 758
133 863
700 459
333 143
40 535
357 602
649 688
308 586
862 753
508 89
696 535
267 416
424 337
219 315
576 866
324 116
64 324
799 1
509 811
650 237
208 421
210 58
722 1
36 198
189 687
371 29
345 575
743 115
302 662
812 799
552 85
397 148
473 563
871 675
109 715
444 795
488 424
188 257
101 870
78 251
70 426
495 261
535 489
531 354
250 235
306 574
57 599
474 670
760 143
594 755
223 190
29 49
12 811
455 636
253 327
140 506
450 193
441 652
346 696
763 238
493 388
488 681
433 826
39 777
422 719
594 496
74 220
88 705
851 232
786 479
97 616
712 547
408 433
53 552
27 698
299 209
863 829
260 325
278 163
155 648
655 609
439 246
326 28
840 447
39 195
94 319
108 365
467 501
308 238
516 236
246 523
305 719
466 834
436 428
25 817
200 79
559 534
839 728
843 138
18 400
386 528
73 496
285 36
596 766
97 365
499 274
176 404
67 8
441 223
479 351
425 349
309 36
657 496
73 246
744 702
651 809
453 115
388 119
675 62
843 841
294 85
737 355
737 842
192 340
197 190
493 714
126 702
684 745
719 791
439 406
124 722
556 501
701 313
167 477
178 410
743 656
245 62
95 702
48 380
713 501
590 336
789 307
623 313
753 221
843 841
60 809
661 715
567 509
760 544
866 358
262 687
775 745
90 459
70 477
197 190
244 822
330 122
812 296
536 291
146 398
778 111
437 178
321 699
498 334
154 820
335 66
607 92
19 710
843 361
285 419
822 803
614 132
459 351
722 206
434 349
640 586
12 509
704 98
641 661
876 803
52 798
33 24
409 156
109 162
478 657
523 101
350 524
385 374
460 552
9 697
42 506
148 842
167 387
785 759
813 33
183 290
458 745
129 385
350 799
583 182
255 114
286 145
357 44
228 267
880 549
290 310
145 736
21 271
222 187
570 474
613 430
533 314
558 88
577 730
379 450
419 803
473 546
524 233
327 648
492 687
418 782
621 469
766 803
115 160
858 482
786 458
12 50
396 157
831 709
747 99
20 419
865 351
767 866
195 556
835 91
618 129
737 422
432 201
762 797
624 736
37 290
766 445
802 384
314 337
71 588
208 395
584 509
450 745
582 358
301 684
262 190
870 652
786 728
843 282
74 480
731 804
5 873
588 244
17 571
356 220
56 274
521 648
383 116
525 839
107 280
371 310
622 219
287 62
789 501
207 686
543 268
73 615
210 70
427 318
287 745
879 122
391 756
316 114
783 556
689 63
779 59
841 566
424 378
434 645
772 281
813 696
697 628
226 400
672 303
185 837
149 152
750 718
689 814
710 481
714 675
664 811
586 603
153 88
840 316
145 639
309 148
766 415
441 285
295 341
288 446
331 681
161 742
126 799
330 549
161 824
225 288
218 877
854 292
417 646
408 323
594 830
337 706
158 684
732 25
537 469
41 144
862 194
45 413
123 238
722 727
420 726
627 279
485 269
862 826
354 711
203 804
415 197
310 471
93 828
832 829
612 271
868 64
869 410
840 684
108 849
865 734
37 546
736 722
469 21
619 447
418 732
72 261
828 167
13 74
407 608
242 21
228 190
722 686
616 518
181 157
462 688
113 415
597 563
311 266
138 539
177 218
357 40
856 737
336 197
754 551
369 211
875 576
249 640
566 575
383 850
288 324
700 837
845 737
656 488
66 28
557 331
783 350
503 814
809 717
830 560
737 130
281 257
450 547
371 261
751 805
326 544
698 238
647 837
80 722
425 879
281 519
552 190
698 192
702 274
51 630
783 727
776 625
780 510
750 52
341 50
274 878
782 471
670 21
604 122
336 706
265 250
634 193
749 687
23 197
155 575
158 745
416 294
621 1
286 206
706 200
850 220
215 279
46 218
806 275
549 506
788 745
346 183
400 719
117 84
678 340
455 730
118 260
35 561
500 494
665 266
796 341
348 571
166 611
67 143
211 803
676 544
304 739
215 861
263 178
602 751
689 377
147 275
124 167
159 406
791 755
687 625
838 351
189 130
216 72
656 749
659 167
751 645
201 213
758 310
542 111
279 715
595 715
822 88
121 562
796 509
132 459
435 792
772 304
49 199
197 625
249 874
178 341
218 639
501 1
267 231
614 875
801 378
857 548
422 625
841 236
632 651
521 219
730 649
317 491
870 552
719 419
788 287
95 274
333 162
636 358
657 542
26 799
408 793
190 625
815 791
111 85
803 687
40 122
745 734
588 337
274 70
188 640
240 329
153 111
204 432
368 458
237 756
456 640
338 709
292 426
684 630
497 88
7 838
20 101
181 233
32 384
793 532
702 826
854 107
221 404
166 344
242 21
556 575
824 733
849 178
816 388
702 566
579 558
662 645
439 801
705 687
49 664
545 758
147 453
506 50
628 349
471 341
548 742
354 693
144 724
418 825
635 403
458 143
674 369
670 683
315 686
691 400
96 256
220 270
765 624
442 753
823 305
695 248
672 867
686 167
458 684
134 621
862 177
621 91
739 734
799 315
861 384
204 384
209 114
123 394
788 547
472 358
188 308
705 190
18 723
856 416
682 330
340 547
381 662
58 107
372 157
392 214
770 869
454 635
723 355
335 608
670 828
760 603
175 315
6 798
204 700
53 822
151 825
376 213
19 822
548 79
333 630
820 811
609 359
233 387
764 132
656 142
708 225
357 567
861 162
598 433
495 163
637 280
72 363
245 281
446 719
591 252
842 415
773 781
343 58
293 586
296 433
771 367
419 687
506 724
492 74
336 667
340 62
588 755
283 238
495 310
370 712
657 461
155 476
789 229
468 506
321 578
710 189
785 327
512 675
590 331
802 684
365 628
397 285
22 688
850 773
375 778
249 329
247 1
146 235
153 461
245 351
40 252
747 875
421 805
49 509
212 331
276 267
723 190
279 358
195 145
139 248
359 280
863 820
229 152
737 275
42 757
653 89
299 28
695 816
765 128
477 387
76 783
422 189
251 416
99 304
12 199
22 104
786 586
592 741
335 695
603 351
437 758
97 444
161 125
567 518
228 755
733 735
544 586
139 308
54 4
191 860
753 354
418 751
297 529
778 706
828 387
363 564
601 41
600 209
662 405
865 283
160 481
212 806
683 233
466 686
710 305
841 224
841 753
867 475
871 283
362 11
639 711
844 459
658 186
233 157
781 681
728 250
281 257
112 331
525 230
349 183
81 96
733 116
265 630
441 756
98 376
571 247
271 426
269 652
299 4
34 271
288 198
834 799
858 535
790 524
757 545
555 128
321 710
141 282
475 444
445 415
843 831
198 79
198 705
177 260
182 524
215 837
650 496
495 49
546 796
497 776
66 351
513 869
793 34
707 130
674 656
13 579
171 811
657 324
384 865
247 205
90 861
373 765
202 854
567 471
308 104
178 664
188 459
779 475
435 544
661 132
813 623
685 576
43 189
45 535
784 361
53 391
2 171
877 274
588 486
248 684
571 466
542 719
289 681
540 589
274 167
764 333
282 404
330 216
452 589
536 205
60 312
346 811
745 734
385 315
269 228
425 811
73 270
682 252
39 536
514 413
659 639
319 556
639 722
347 488
91 345
242 210
273 316
361 167
18 403
865 718
89 535
120 595
433 385
548 272
290 410
79 687
749 200
529 346
623 365
290 811
479 684
224 566
95 206
487 73
639 56
795 310
585 561
247 654
870 687
858 696
118 91
799 157
170 649
667 262
459 277
790 841
824 267
372 648
640 739
636 92
653 313
688 715
691 88
8 132
495 805
362 464
601 633
134 152
508 434
764 739
661 384
246 103
855 749
697 563
559 726
412 54
273 792
334 71
195 282
91 260
556 34
2 581
49 664
798 104
238 62
109 452
268 44
795 825
480 64
676 308
329 238
288 557
473 633
435 547
350 396
214 201
756 244
718 28
635 269
584 110
587 58
581 628
367 252
755 687
669 794
16 849
647 283
130 79
113 197
490 157
395 29
183 546
365 724
715 459
26 175
818 63
520 828
786 265
867 599
41 295
182 47
788 745
181 260
687 625
79 625
852 37
724 811
241 849
795 628
123 358
725 781
795 256
414 393
676 452
31 76
156 312
657 517
317 247
815 20
139 647
286 711
493 794
564 804
586 547
3 524
437 172
203 360
821 721
626 381
752 633
95 744
481 378
163 633
23 400
491 575
23 485
249 865
836 211
867 513
591 506
794 66
447 698
237 806
331 814
831 348
557 667
814 130
24 178
224 177
482 313
344 875
105 820
494 374
849 122
409 21
215 450
452 630
361 345
568 173
788 630
634 595
714 712
180 157
355 190
480 791
27 760
592 756
790 539
421 174
456 675
267 755
354 476
863 796
401 832
116 200
535 29
303 758
119 235
622 408
472 603
529 405
102 401
618 520
214 614
870 652
356 708
201 636
24 256
282 799
694 683
853 597
753 175
270 791
633 49
595 69
552 625
160 778
196 607
871 351
154 664
778 687
596 244
395 509
614 257
383 153
444 172
769 448
842 267
860 116
632 713
7 712
428 80
355 88
567 616
557 200
88 336
651 205
537 21
213 865
564 341
123 293
606 662
627 610
231 200
242 711
193 250
710 269
86 855
375 191
535 471
709 433
579 708
8 168
164 303
465 746
541 590
87 300
201 4
657 667
4 865
313 371
576 62
321 20
482 825
495 757
127 327
56 207
107 345
600 640
542 552
678 257
690 257
679 597
164 573
538 471
193 630
72 665
457 774
110 72
709 693
594 781
121 618
774 92
91 524
161 845
764 607
738 511
390 321
182 396
840 630
129 221
32 398
265 630
849 796
615 756
12 724
220 285
639 1
680 739
879 29
55 791
786 283
227 852
702 56
624 221
824 870
803 79
331 285
591 266
694 516
524 34
15 298
519 69
272 23
27 69
845 681
791 197
471 341
762 188
14 637
675 238
424 791
102 163
817 829
29 49
153 258
342 154
239 168
465 628
545 178
149 107
171 697
475 638
322 171
133 757
629 847
585 85
735 130
197 687
166 447
248 66
85 262
132 838
40 602
162 4
620 640
593 514
86 743
847 158
643 223
616 489
669 351
410 724
781 625
301 384
97 782
661 586
591 752
677 52
428 477
711 396
835 694
8 479
295 108
429 858
271 167
792 193
541 755
87 867
313 546
417 292
660 461
307 70
770 144
334 79
133 140
343 428
417 30
724 199
62 734
654 711
836 822
96 795
528 310
783 325
544 104
511 633
704 48
302 266
493 240
252 471
148 446
422 200
508 782
870 705
547 238
690 603
194 82
453 737
377 189
331 79
542 719
602 9
6 168
285 706
276 190
722 717
171 811
800 174
668 248
587 556
368 213
597 346
313 171
310 341
210 501
331 63
348 176
578 845
621 274
535 506
619 760
71 860
824 88
825 757
795 50
690 90
481 211
293 143
548 723
183 341
446 378
770 178
720 88
747 798
598 580
171 724
225 115
144 29
867 697
661 379
212 860
569 486
111 687
555 218
731 546
404 426
497 496
34 828
61 481
508 425
807 454
200 625
372 259
153 84
651 361
465 811
6 27
820 506
361 260
488 615
244 190
722 878
417 651
237 588
821 413
541 737
822 378
374 426
679 509
465 437
311 154
728 279
443 532
430 375
348 128
758 628
105 811
623 341
215 614
480 103
450 358
372 233
530 654
507 610
685 301
244 822
741 148
754 630
327 155
148 876
37 662
319 408
720 542
101 88
106 804
594 523
241 633
398 69
13 590
578 737
669 718
787 636
586 283
273 544
380 684
532 274
876 416
312 70
134 206
61 523
233 167
125 814
282 271
170 215
566 129
791 667
272 160
442 753
568 172
364 45
584 757
369 416
529 349
601 241
25 261
753 646
213 734
50 811
717 828
754 456
144 174
66 114
548 73
587 736
225 284
574 318
634 714
516 566
39 463
871 185
407 554
823 79
549 199
550 11
508 140
502 485
191 778
490 571
687 625
355 189
194 176
76 206
478 823
638 795
104 283
184 795
336 705
529 108
498 211
746 721
674 560
283 238
549 365
557 79
841 639
782 628
175 722
438 135
716 700
235 630
159 803
385 219
276 228
152 639
429 514
125 262
14 722
724 471
346 144
522 282
564 724
453 305
169 44
612 152
538 266
473 721
773 84
182 325
3 686
74 488
790 862
505 792
874 265
266 746
833 467
285 79
784 648
545 471
127 307
83 128
330 310
213 238
501 877
790 524
520 385
767 62
308 630
637 404
747 763
685 586
755 190
27 192
17 562
464 396
323 282
482 41
566 221
326 8
521 877
405 310
852 653
384 734
28 734
767 234
495 261
604 740
880 313
690 459
449 151
577 235
169 50
796 310
235 143
67 619
440 497
246 552
726 33
460 130
235 586
691 211
272 142
576 838
417 280
798 698
83 315
754 600
334 766
78 130
569 766
31 167
15 830
663 124
554 340
664 341
59 529
1 717
348 702
572 644
624 476
292 233
352 93
156 152
66 158
643 78
620 760
783 556
715 459
226 366
124 177
449 171
812 118
331 422
822 719
123 739
439 656
397 246
663 3
755 130
386 108
332 686
404 292
248 240
451 732
167 477
621 566
825 365
422 79
210 499
293 745
194 768
124 736
415 85
855 113
17 537
469 539
752 662
615 269
118 433
36 113
311 144
264 223
204 838
826 477
772 611
421 256
155 219
304 838
621 274
675 734
281 540
875 293
879 24
629 240
660 590
863 581
556 516
437 535
597 471
866 734
208 33
731 140
223 504
162 308
652 625
602 509
863 24
330 208
443 38
866 458
736 799
548 20
9 642
846 825
356 756
70 387
618 323
828 877
483 167
418 29
79 625
624 426
767 788
726 371
746 506
599 183
337 687
403 355
279 162
85 79
213 865
271 426
772 7
92 238
33 310
17 1
747 847
498 153
613 190
768 877
773 824
820 172
419 190
29 811
294 116
466 1
695 462
396 207
610 92
401 509
472 627
481 625
299 610
757 171
4 865
762 301
523 778
655 789
659 722
581 183
524 219
344 617
33 199
323 783
519 630
628 509
627 316
374 207
88 687
3 292
369 231
252 697
397 75
336 200
554 745
18 523
795 140
567 489
4 865
783 205
97 567
427 62
574 544
723 842
674 231
418 434
455 576
314 160
19 836
180 350
805 256
92 734
214 62
554 308
499 345
419 687
863 805
822 814
164 731
636 718
452 92
162 235
238 734
711 21
470 838
169 184
13 766
758 29
758 410
491 292
366 706
268 183
240 459
303 879
703 200
715 684
612 753
771 144
384 123
317 93
76 443
568 9
801 369
433 280
288 552
191 200
472 248
307 325
417 500
310 724
693 175
429 811
705 625
864 680
265 547
304 238
271 877
126 537
652 85
847 792
126 76
398 636
408 618
851 522
551 794
518 757
516 404
422 189
259 532
277 865
439 749
679 631
842 294
731 256
471 50
164 371
718 630
427 370
539 799
503 18
621 91
577 636
532 374
149 826
7 505
47 21
64 823
338 499
679 437
269 422
866 62
65 591
879 349
616 122
300 509
713 361
485 552
683 207
508 434
786 432
505 412
837 760
488 781
581 563
795 300
694 783
464 76
409 686
59 563
324 305
283 734
303 199
203 108
657 733
187 250
776 485
151 863
571 107
425 506
307 218
545 174
86 225
17 442
87 131
313 33
255 257
684 675
299 340
250 92
645 796
89 310
662 183
109 505
103 822
57 96
821 565
503 275
680 595
333 544
185 798
521 31
45 633
651 46
355 687
680 661
864 250
466 56
739 62
583 859
820 506
171 290
330 724
376 712
707 225
601 300
423 576
561 497
360 597
493 788
243 396
664 509
578 755
572 860
254 163
469 648
558 710
475 410
115 416
518 411
636 739
680 695
136 746
387 878
210 46
725 314
296 175
499 167
839 392
283 62
577 718
129 654
852 24
879 811
162 28
686 167
168 458
504 85
459 143
346 506
141 1
448 170
663 501
102 418
503 125
667 625
853 199
553 79
229 648
280 167
315 426
59 721
771 33
480 197
418 360
349 506
361 93
514 563
166 326
693 274
210 350
448 680
150 421
446 270
689 823
506 724
173 9
346 163
720 766
79 687
16 796
52 739
821 411
658 371
606 506
10 266
432 688
530 3
251 778
216 573
329 394
736 93
541 223
620 647
519 329
791 294
49 811
675 28
557 198
641 448
506 290
289 814
732 100
378 111
424 481
749 652
16 183
529 628
474 566
699 778
468 752
262 705
408 219
115 416
131 602
705 200
706 190
86 406
313 564
875 66
390 258
129 717
478 502
302 664
704 750
874 684
639 221
416 200
61 246
325 207
498 336
422 803
750 92
149 722
556 260
497 198
177 683
501 387
794 162
759 312
613 375
305 590
424 422
505 158
697 758
351 630
56 717
347 635
440 112
460 710
628 811
583 491
449 599
788 238
360 805
253 673
201 447
400 355
129 274
732 183
229 141
344 505
139 143
781 801
267 378
230 540
382 33
274 686
744 141
631 434
458 640
19 198
720 737
873 3
158 235
420 638
418 482
533 79
506 12
785 494
603 351
144 581
64 400
123 745
106 879
260 1
296 182
862 387
103 223
473 341
55 130
303 171
273 452
110 411
394 238
776 419
12 509
381 183
330 584
299 540
258 749
433 221
675 340
586 865
723 667
365 664
762 54
693 374
774 238
76 826
816 257
522 47
615 197
535 489
715 287
458 287
772 250
686 157
61 681
645 506
281 605
546 509
425 171
803 85
191 504
683 1
23 270
430 741
641 6
678 301
82 396
472 8
9 535
149 374
73 211
489 546
417 34
261 341
316 589
564 349
56 477
157 878
593 106
510 256
514 465
237 681
543 172
388 685
735 481
721 310
160 262
377 480
590 560
218 274
262 190
37 564
152 736
609 93
264 77
91 499
242 359
538 633
455 68
690 104
52 447
645 563
207 157
770 110
290 410
627 358
347 743
693 70
642 811
632 520
372 648
542 416
178 290
500 556
797 472
782 140
716 104
166 695
664 50
614 277
787 235
149 639
764 619
335 647
181 499
405 410
221 233
824 749
599 509
370 213
340 283
789 338
612 194
339 185
768 736
62 734
195 194
281 661
821 810
19 288
827 347
144 413
512 316
356 288
281 265
357 216
178 664
327 639
454 741
789 34
733 855
713 149
484 287
483 219
11 207
658 782
300 24
325 433
441 453
374 878
148 223
338 91
645 122
797 51
770 165
286 312
142 111
30 520
855 355
491 878
683 826
291 11
689 148
829 662
156 524
548 200
274 426
197 687
329 589
652 336
755 749
292 315
149 474
340 547
842 337
463 76
732 535
788 287
484 398
506 29
610 265
589 62
179 394
765 94
528 425
99 607
172 29
581 178
57 510
213 287
593 42
556 221
595 798
594 706
237 336
110 164
556 350
632 152
145 93
519 248
83 145
424 369
134 711
584 506
84 481
592 737
328 246
515 659
810 511
269 625
803 687
452 238
641 786
508 163
577 459
347 73
692 832
107 385
12 724
356 375
247 524
711 233
362 722
316 192
296 686
230 8
265 351
149 345
198 113
702 327
538 543
409 232
552 625
523 190
448 450
730 412
739 675
781 75
122 310
749 552
539 1
500 327
533 706
700 614
13 585
201 456
573 664
455 739
103 294
586 603
606 252
224 878
263 599
676 462
447 158
239 209
363 29
110 701
585 836
185 301
662 509
442 670
260 727
553 198
812 828
112 552
79 687
304 794
415 419
41 261
229 141
38 639
548 542
596 116
662 290
449 405
235 458
650 275
672 49
530 467
90 861
69 586
538 431
502 416
263 602
775 698
838 143
96 805
385 207
325 56
254 50
722 93
246 228
272 85
545 535
309 743
404 233
340 287
675 28
250 458
376 398
520 877
643 755
602 616
516 624
633 804
452 630
575 21
377 842
84 258
95 361
40 122
378 749
377 719
772 68
424 625
486 258
263 420
240 603
283 62
561 791
739 630
823 485
72 869
122 471
669 847
661 718
440 681
603 745
435 739
127 247
57 42
560 870
694 571
829 696
286 748
80 539
327 562
712 865
775 340
159 552
383 876
572 541
176 274
812 826
738 12
272 258
544 4
9 863
431 696
806 719
172 183
695 788
845 742
519 90
274 878
102 513
