984 1652
434 358
674 486
574 178
316 964
882 877
536 665
657 362
895 187
787 889
817 611
242 965
861 874
275 237
141 449
771 42
62 717
840 815
58 203
310 299
587 537
262 790
68 969
602 94
201 524
102 186
172 648
343 790
67 889
114 295
310 936
773 739
23 300
817 588
142 467
744 413
672 930
235 733
750 8
595 341
370 745
410 568
979 84
724 982
932 214
792 310
415 628
88 289
383 905
224 522
132 331
813 382
650 655
684 250
910 509
80 358
546 455
366 219
785 39
859 201
879 240
183 861
632 643
280 186
934 362
766 130
152 681
204 193
659 98
399 191
752 63
836 331
189 670
476 197
728 100
605 788
969 264
83 187
620 482
141 543
333 302
6 316
866 709
538 321
141 449
550 615
30 267
362 558
677 981
776 979
982 190
430 779
803 781
208 585
510 130
636 197
203 915
781 43
631 941
650 67
959 369
287 421
489 654
719 518
125 579
565 70
959 787
939 413
683 111
668 694
301 436
365 814
365 37
830 267
555 969
429 65
424 313
666 755
411 190
688 448
237 45
843 455
366 219
573 768
473 870
251 328
574 851
221 18
695 839
406 288
324 605
416 474
59 687
19 944
107 848
215 896
354 358
70 836
237 611
554 878
364 284
747 7
566 611
208 93
728 984
688 510
16 953
415 725
21 549
847 649
787 773
155 790
522 636
739 271
289 546
450 85
476 773
798 288
579 289
979 728
508 58
210 804
291 69
347 38
4 547
825 394
220 665
983 78
247 505
351 749
487 802
765 1
966 526
81 292
180 233
35 103
3 789
654 130
140 298
89 102
626 855
28 98
902 304
886 521
35 153
304 823
721 976
452 369
602 817
939 220
30 823
661 564
317 533
556 495
821 949
607 788
599 145
570 873
742 220
398 776
639 199
99 814
899 526
339 301
902 100
266 267
396 362
940 517
680 321
95 682
753 806
338 933
171 271
847 302
366 776
454 407
573 317
701 392
18 602
792 96
79 596
757 648
816 400
215 339
817 965
49 677
114 71
249 733
143 920
290 514
750 831
560 311
669 894
372 277
437 964
300 629
395 379
207 190
511 593
52 801
393 313
273 883
47 880
920 931
756 929
804 542
175 471
672 256
951 477
275 174
131 915
172 623
856 207
807 655
907 467
113 588
302 884
53 798
396 299
81 982
738 863
136 578
289 687
368 118
588 546
731 800
214 180
284 606
417 495
880 69
326 116
372 952
684 311
587 425
799 600
689 296
259 728
177 283
452 321
701 317
531 423
636 773
229 978
145 465
469 632
384 809
797 313
109 512
413 499
566 138
876 16
718 784
202 610
228 606
115 709
161 757
37 653
58 5
128 636
108 506
872 284
849 293
281 59
770 145
476 418
278 965
822 381
838 32
185 539
931 945
34 186
80 919
788 543
417 46
963 378
847 96
412 351
760 483
686 66
624 567
607 663
149 505
830 934
391 492
117 597
553 117
792 520
424 71
768 16
828 939
912 239
644 650
463 709
705 331
489 245
59 330
227 635
511 600
555 878
414 299
96 870
387 673
44 123
439 964
69 320
483 270
270 190
844 113
970 965
642 716
92 101
839 976
436 663
506 201
870 477
557 240
976 819
385 527
195 748
590 584
493 951
974 39
9 16
3 318
130 915
573 622
875 754
794 955
333 703
371 622
359 61
310 318
166 610
299 331
424 448
512 177
163 56
576 67
113 521
142 928
554 947
599 131
24 556
798 755
216 20
898 976
101 406
274 510
669 229
561 654
438 778
399 899
461 35
606 964
340 223
693 824
290 344
687 283
97 423
184 384
635 386
221 208
619 949
295 5
584 477
670 223
389 542
703 362
332 819
375 885
62 915
737 615
285 834
783 60
165 525
529 864
813 130
759 891
660 16
301 663
691 490
334 116
216 570
360 307
437 698
943 305
451 62
788 790
840 721
946 300
366 302
148 945
747 467
648 953
289 455
328 464
56 942
825 814
645 491
526 717
284 964
701 859
462 483
450 11
618 526
761 498
471 542
636 73
324 233
817 778
409 571
428 925
243 745
760 492
669 557
676 162
383 887
725 881
314 1
937 148
663 790
197 505
603 178
769 287
627 71
682 457
598 177
481 50
805 981
799 273
36 94
293 376
98 223
358 421
657 951
380 376
120 719
930 908
803 328
212 90
289 112
441 427
49 967
37 758
461 580
91 455
632 773
245 58
326 128
929 536
83 445
657 223
301 963
920 505
563 606
8 193
557 240
778 611
316 665
424 245
954 278
175 804
769 397
197 850
482 378
263 495
38 7
106 138
49 528
560 246
898 536
624 694
772 161
925 357
731 900
904 411
564 657
414 132
19 9
525 5
485 183
967 280
613 130
512 817
171 271
591 113
444 161
69 123
655 271
378 457
824 499
175 634
932 66
724 635
460 191
258 153
158 94
268 252
261 891
747 3
333 703
494 870
965 330
465 717
327 377
407 376
192 818
959 706
307 468
701 42
815 495
746 790
252 787
312 317
42 557
419 460
12 627
323 465
964 665
318 870
651 222
112 546
158 254
84 333
544 608
447 275
437 824
879 623
980 588
262 543
888 461
766 131
555 482
49 697
894 317
183 592
830 934
744 196
202 314
465 58
975 671
869 826
540 414
706 441
661 711
503 333
754 588
522 428
645 514
694 180
274 535
794 875
894 801
291 245
961 335
804 721
596 135
783 915
697 487
743 938
114 296
474 110
788 663
389 556
33 687
933 814
682 543
216 804
795 411
363 352
31 653
331 595
560 689
954 11
704 942
135 171
512 106
562 192
754 177
292 317
171 271
218 192
74 566
105 788
588 45
494 219
780 317
956 541
650 945
626 88
65 689
48 964
588 330
491 362
204 831
451 727
785 174
229 982
231 61
934 362
379 952
706 171
432 357
226 35
912 978
814 105
606 665
791 508
669 516
484 246
923 831
430 906
653 385
258 578
611 330
498 167
909 781
378 544
496 730
58 298
36 598
140 47
499 103
753 469
465 654
947 852
949 362
744 824
698 499
686 878
937 600
210 536
189 2
495 413
783 360
765 166
715 305
231 778
233 607
336 353
680 733
292 361
73 441
878 608
961 801
38 491
810 299
734 252
25 499
971 422
117 362
506 190
837 56
367 165
855 938
405 863
592 71
793 655
624 930
202 773
261 560
21 180
969 924
818 135
741 717
382 90
955 611
200 836
508 468
102 158
743 875
43 790
908 675
948 936
607 449
394 449
543 790
211 870
375 341
742 563
86 153
286 292
794 472
585 280
174 805
579 237
267 934
64 419
504 795
302 223
343 141
257 570
137 331
938 330
956 477
614 425
69 320
622 376
28 493
614 38
410 484
236 147
601 147
481 893
944 240
412 30
156 170
516 822
752 585
948 230
387 85
38 558
297 67
213 749
916 583
698 877
713 878
403 827
116 889
48 641
422 58
682 105
951 952
46 178
767 136
591 602
774 292
897 343
35 284
224 867
556 210
319 634
231 359
222 361
842 205
350 716
393 561
17 95
454 622
583 274
332 445
331 870
576 753
802 626
353 178
63 626
896 54
830 823
833 454
445 721
88 881
492 953
401 256
725 546
617 112
361 16
965 611
732 272
921 178
330 455
688 307
375 351
431 269
501 685
513 216
733 850
337 408
590 870
819 536
904 335
493 331
539 284
131 915
671 852
561 468
81 475
298 468
926 906
346 537
635 953
328 378
414 230
340 514
657 304
371 669
251 629
512 521
229 407
620 909
707 506
454 240
383 685
240 953
537 310
323 972
561 58
966 971
750 730
78 385
344 720
430 910
892 566
358 557
912 111
893 505
907 219
349 628
276 499
66 527
166 147
505 889
346 477
96 351
265 381
198 25
742 499
326 73
535 618
440 881
738 16
686 328
433 962
330 455
889 171
787 271
708 226
625 563
558 870
708 578
332 860
769 662
92 702
443 465
562 166
241 48
172 506
77 302
546 283
19 407
584 477
689 145
127 19
340 830
753 755
462 731
299 491
909 589
2 541
290 764
841 142
747 836
634 665
174 754
490 938
52 229
655 321
916 848
419 169
842 636
892 106
214 384
275 981
666 321
832 121
788 790
334 199
847 705
605 852
669 172
798 739
865 317
63 566
63 981
440 681
904 392
915 307
217 360
395 211
232 393
619 219
922 857
438 681
675 852
690 974
447 521
130 915
784 479
159 178
673 681
119 658
5 915
447 604
559 491
714 123
155 607
518 100
796 813
960 361
59 490
431 532
458 352
830 720
393 360
543 790
63 61
157 323
83 486
486 542
255 716
178 877
418 505
507 296
909 672
365 78
883 818
403 240
335 201
458 295
152 817
112 45
782 323
881 868
41 783
418 655
656 61
391 207
813 261
870 595
647 330
528 754
290 917
51 969
666 171
255 665
630 822
687 283
856 757
628 167
896 947
793 600
742 316
760 496
854 675
722 113
754 687
322 256
754 868
52 944
853 938
15 563
719 936
292 573
738 904
589 457
535 717
298 307
447 33
500 69
207 108
327 562
101 235
268 92
796 526
96 98
373 798
428 893
369 600
280 289
703 351
20 103
2 213
81 557
827 483
120 645
228 819
608 788
847 230
575 934
672 256
204 548
894 397
531 385
776 934
529 631
812 334
27 460
963 605
65 891
326 148
922 677
599 709
250 422
818 655
799 373
613 298
971 307
644 427
573 506
447 805
303 332
641 153
584 477
789 219
609 632
739 271
723 983
964 665
550 227
66 532
554 933
501 878
577 71
569 839
834 316
34 973
701 361
843 61
177 45
949 984
921 445
434 475
596 739
461 976
767 46
943 666
383 544
67 406
402 205
646 917
321 739
416 947
20 153
30 917
498 881
899 60
698 819
756 860
850 288
269 897
390 775
91 843
575 587
708 439
898 839
259 749
692 28
370 272
139 887
36 167
572 464
887 378
658 465
952 331
881 490
471 819
236 469
490 611
81 504
242 289
749 491
82 389
681 106
457 790
833 780
245 130
71 123
640 1
972 613
395 470
918 33
12 891
707 944
616 931
518 267
64 393
23 66
69 298
854 909
671 423
43 544
743 134
365 930
864 929
419 568
326 958
235 616
803 214
656 547
347 936
536 665
543 790
26 401
225 947
849 201
617 138
642 136
757 524
63 134
751 363
429 295
458 688
448 561
7 266
761 691
221 973
276 159
555 926
550 516
658 561
389 641
603 819
137 649
582 664
336 695
513 641
243 539
423 43
176 174
754 868
288 321
899 561
183 90
199 807
562 314
22 665
672 554
654 130
76 139
493 497
265 961
720 934
770 298
363 465
183 145
157 408
721 839
478 20
691 754
927 521
6 536
240 635
851 255
404 181
534 117
867 147
600 787
907 952
356 317
134 857
870 595
901 13
761 455
336 210
670 470
500 460
657 211
287 207
196 665
65 311
771 859
541 595
403 662
279 94
788 543
691 45
749 470
721 693
632 505
489 899
579 754
204 523
426 327
289 617
88 546
461 439
535 891
576 147
182 511
639 600
835 196
758 608
615 504
785 955
199 807
954 611
747 597
182 235
449 608
942 889
492 730
578 499
890 172
685 324
754 868
84 670
9 859
912 516
233 607
649 98
810 266
312 635
659 541
848 58
165 517
76 532
460 627
930 233
835 46
878 947
969 814
286 201
938 330
815 895
886 242
233 449
526 360
947 663
414 211
813 203
117 372
616 931
434 193
501 394
332 48
594 38
268 937
920 655
694 301
803 343
528 11
720 584
796 592
242 237
239 953
589 256
521 938
459 809
529 606
814 324
784 26
491 331
252 925
202 931
85 927
711 310
792 477
341 584
687 330
787 321
886 802
729 560
69 972
638 427
499 929
253 120
729 770
491 870
367 170
235 321
206 496
408 508
113 237
886 857
906 343
418 171
51 777
725 330
590 302
525 848
54 672
265 287
854 384
734 593
862 441
283 938
897 233
580 499
825 509
340 219
143 632
744 48
366 200
426 793
532 544
270 16
147 288
390 350
566 472
401 95
139 825
353 144
80 206
145 298
612 71
254 881
964 665
516 533
571 406
615 454
928 902
949 223
11 45
572 608
733 199
414 395
6 32
450 754
534 28
562 50
922 490
741 915
23 685
549 214
802 955
543 790
715 305
954 158
382 717
747 564
769 516
485 507
551 153
713 385
924 552
75 166
284 693
37 572
913 235
55 62
980 868
334 616
854 605
358 801
930 790
372 318
982 386
238 237
203 307
982 800
799 505
604 981
493 299
582 189
80 894
355 980
552 554
912 358
439 178
93 404
713 233
869 863
168 99
27 627
142 705
9 623
786 689
388 647
217 627
8 206
846 673
276 767
133 859
789 558
482 97
363 422
37 909
53 889
309 883
710 882
700 140
529 895
868 938
764 584
121 205
335 421
632 739
458 880
353 721
352 759
509 233
843 754
85 91
63 487
950 317
633 152
352 250
431 76
874 658
348 882
431 54
408 972
864 20
484 60
736 655
917 584
282 622
44 393
711 230
183 727
306 654
266 267
710 35
534 308
634 819
634 220
954 512
320 561
815 898
321 739
59 938
481 942
726 580
717 307
58 613
146 135
400 321
555 479
369 321
882 499
80 190
440 754
982 953
76 251
27 119
523 335
322 926
874 60
518 223
108 483
635 982
526 880
4 881
948 379
423 788
589 436
125 881
719 470
425 467
968 335
557 506
616 704
381 648
508 510
800 953
889 271
513 903
822 381
962 960
326 505
419 599
11 61
462 312
733 596
445 103
156 69
416 459
835 86
970 965
625 389
205 811
69 307
522 50
233 605
800 953
448 130
672 685
516 506
98 720
803 926
493 351
917 331
359 186
890 827
543 790
522 667
553 302
119 880
777 300
714 5
181 579
927 33
358 16
727 424
652 25
6 178
99 251
239 623
318 497
225 605
115 245
684 13
968 533
820 953
130 307
678 475
954 238
241 32
23 672
599 203
660 239
852 663
636 192
138 45
416 256
300 449
495 542
399 689
624 694
526 465
469 942
26 814
639 643
895 882
747 595
57 920
280 138
261 848
147 889
209 663
449 663
134 472
579 237
721 698
863 335
143 166
185 860
613 468
263 153
574 118
794 59
353 698
736 476
134 857
2 789
677 283
699 96
570 241
163 147
414 372
896 589
22 536
329 448
933 605
49 778
858 209
687 455
752 547
787 739
142 344
523 466
951 934
971 535
616 931
930 897
354 516
811 321
116 811
83 976
162 745
338 685
561 613
218 655
377 182
867 667
160 938
82 196
154 977
92 511
569 210
677 490
82 872
299 823
227 730
590 711
68 814
821 619
234 843
26 184
395 870
881 611
742 898
35 284
723 459
36 974
689 191
202 271
724 982
144 480
1 787
184 464
947 436
14 445
266 477
140 460
375 836
204 701
470 266
408 360
502 802
328 852
556 159
323 291
625 819
728 984
355 281
361 953
894 679
757 831
681 33
321 739
815 882
382 131
569 316
