999 924
566 688
966 998
43 449
985 58
153 680
645 615
57 323
166 994
607 895
838 821
456 335
608 597
780 191
775 396
871 277
420 282
507 697
316 475
82 549
639 307
14 181
898 646
334 750
920 160
788 933
965 752
33 162
413 362
587 30
702 310
731 913
290 980
736 53
214 311
917 646
403 703
270 624
28 692
477 636
175 774
538 668
181 488
610 446
332 369
750 462
375 64
143 601
411 799
926 51
554 324
129 769
959 105
929 220
68 488
174 118
843 851
163 519
94 806
872 977
334 703
657 327
556 692
985 668
736 561
632 52
63 697
847 617
255 204
225 384
748 766
501 844
579 125
879 26
614 7
877 861
162 81
274 822
215 912
632 981
899 285
270 485
755 171
147 35
822 535
874 322
299 46
329 256
485 516
48 909
305 784
490 485
523 226
269 226
217 53
198 885
931 471
200 937
69 484
778 81
765 850
947 868
735 30
914 785
595 645
139 88
304 66
645 795
56 515
230 220
152 808
701 290
344 447
349 511
291 85
608 66
576 300
234 346
878 603
487 961
243 940
141 694
836 914
568 333
496 865
963 276
895 799
147 188
811 556
160 164
906 465
363 345
745 494
894 354
303 812
400 94
375 679
8 278
172 850
867 188
516 369
923 353
274 375
229 650
579 295
484 488
926 317
588 265
487 393
920 929
44 830
862 30
557 60
204 58
496 685
543 669
313 930
174 815
600 140
503 27
138 527
81 295
347 191
739 670
166 212
134 181
684 346
278 419
764 856
719 507
323 113
799 852
932 588
48 260
864 597
866 390
172 833
684 919
636 815
763 101
835 410
671 733
664 308
71 171
710 567
749 769
45 940
472 706
589 516
218 312
253 733
405 698
972 296
134 588
995 527
110 174
999 206
335 616
953 120
975 420
399 157
484 861
855 527
605 812
526 82
773 156
563 411
713 692
548 770
267 423
330 295
406 749
13 129
181 28
947 700
469 654
276 369
227 515
773 64
336 872
321 980
822 913
759 727
41 232
696 301
348 997
260 692
951 107
711 844
599 114
982 702
350 805
656 404
986 145
548 591
803 784
698 28
956 88
959 72
993 125
78 982
289 39
888 196
863 130
327 460
652 61
943 997
765 530
201 831
595 924
462 755
309 794
229 278
451 698
238 20
783 490
945 618
580 226
313 15
925 813
725 125
397 323
655 876
375 795
647 785
508 963
702 212
40 852
595 54
409 25
759 273
284 569
991 549
186 948
129 507
988 786
848 337
175 596
364 217
574 66
841 550
203 131
669 389
481 307
895 77
441 997
197 587
687 222
634 851
105 480
355 516
456 441
946 587
653 383
320 401
203 866
346 340
760 205
286 340
826 178
509 156
537 875
627 301
686 865
258 654
893 654
652 860
363 948
290 829
560 277
658 861
260 159
143 826
233 848
425 592
335 923
36 173
810 29
755 913
633 26
446 441
929 776
135 601
439 902
220 55
537 550
880 190
455 301
38 661
511 185
730 495
328 169
81 679
452 516
372 301
846 154
831 521
531 265
675 566
306 113
696 286
923 815
942 188
136 696
838 673
270 990
577 932
164 8
491 936
919 910
115 811
19 498
951 987
298 913
765 849
625 816
675 468
305 8
713 933
368 666
100 478
620 395
769 228
284 448
239 530
709 221
792 32
168 229
61 74
336 329
368 191
913 171
985 907
461 861
840 733
277 755
123 819
295 340
736 884
913 171
478 485
731 646
829 679
320 66
945 312
376 429
206 369
659 661
653 97
6 937
609 710
288 175
683 839
904 267
44 552
993 55
280 949
642 556
43 800
757 298
684 747
711 222
876 715
243 281
10 834
791 887
535 438
862 73
167 966
729 505
943 455
16 205
940 59
302 375
961 730
862 412
528 419
919 761
505 579
218 585
127 218
367 989
269 639
287 307
920 96
268 287
13 766
697 615
814 37
676 260
145 156
218 679
862 307
749 507
723 219
496 759
678 142
372 730
162 937
87 286
878 221
397 46
836 785
855 383
35 943
224 948
236 79
532 552
44 7
375 340
382 429
298 776
643 226
460 442
87 73
505 574
761 64
833 293
41 940
300 16
241 772
206 865
192 67
653 715
64 527
192 271
672 953
984 241
276 178
831 587
516 646
66 844
347 943
584 703
528 58
317 885
905 963
807 594
899 303
562 264
334 819
18 255
142 733
89 913
593 680
374 447
213 757
405 928
938 28
957 65
987 380
623 535
54 120
82 615
528 59
474 255
510 997
878 162
184 892
540 448
822 993
162 32
449 861
708 42
129 77
374 122
47 482
509 880
661 373
206 419
781 402
33 42
290 286
898 179
500 212
86 358
715 697
277 156
195 735
960 390
158 221
447 909
911 412
657 664
399 789
736 83
143 531
691 795
761 993
438 277
929 190
904 917
280 560
772 519
714 531
996 207
340 615
941 473
901 205
665 1
742 227
873 168
495 156
440 86
969 235
470 225
365 304
168 227
312 298
458 155
166 997
706 943
86 105
479 638
277 795
745 555
281 216
770 383
691 359
20 488
340 795
37 549
149 840
794 64
242 980
770 523
917 829
801 906
410 821
377 375
595 274
958 932
838 681
121 580
404 417
692 697
596 442
727 780
521 495
161 686
138 226
49 956
979 81
245 347
159 438
967 81
58 32
309 980
818 57
951 831
7 928
187 703
466 712
90 375
427 519
837 77
470 303
312 679
997 285
465 171
90 375
613 356
346 531
560 523
851 789
760 148
245 321
509 759
903 921
348 906
901 277
512 642
731 646
264 615
893 216
690 55
719 31
482 156
173 468
884 795
24 393
88 286
269 757
799 484
166 807
518 59
603 159
2 219
905 12
447 219
118 961
437 773
151 697
104 564
525 802
168 227
956 990
576 639
406 586
883 37
160 144
893 156
149 305
319 321
837 624
385 60
374 987
168 77
478 264
408 219
364 8
123 977
459 560
147 8
841 429
176 373
87 776
125 264
498 269
895 438
464 471
701 512
208 362
200 354
282 468
984 628
539 320
876 173
648 593
127 114
607 420
759 938
359 438
989 144
694 714
331 515
272 770
279 300
756 160
828 949
438 277
119 601
10 13
121 273
796 412
147 483
173 642
41 170
794 168
819 542
692 340
686 221
393 665
958 901
963 943
147 550
840 730
16 654
89 549
740 310
555 30
136 733
936 228
255 831
697 615
248 291
296 556
9 903
123 438
285 468
391 966
458 673
150 40
391 786
720 275
898 686
52 137
614 77
853 624
669 292
203 14
852 286
87 145
350 227
684 814
8 956
218 831
52 875
381 629
722 642
235 429
102 445
967 124
983 389
597 893
846 159
966 423
605 692
104 343
453 705
790 716
698 884
743 242
306 111
742 377
998 286
809 965
4 572
954 359
375 156
999 320
908 39
180 433
454 772
358 766
750 130
99 218
894 282
174 17
628 876
537 816
368 842
156 340
780 384
225 725
649 347
154 673
519 264
640 433
224 95
679 465
401 730
681 100
752 831
711 650
431 437
73 773
768 55
50 698
166 550
721 672
392 112
96 883
107 297
326 383
802 588
637 92
950 549
981 132
593 736
400 417
135 704
584 325
511 819
206 642
789 97
120 580
436 66
840 697
9 861
797 306
452 221
799 776
13 179
326 650
278 59
622 541
523 369
215 593
501 219
403 187
710 205
171 340
899 185
31 282
425 638
24 928
974 145
782 187
654 980
188 208
892 953
900 925
386 145
301 913
366 772
986 915
744 130
946 356
539 929
499 6
183 897
974 123
607 420
741 229
664 69
279 12
664 308
473 944
941 64
704 587
815 314
955 265
14 989
272 575
709 511
814 712
875 816
837 861
39 894
969 509
98 750
612 109
727 828
953 876
566 754
291 220
34 821
919 656
918 815
846 733
424 174
548 273
565 212
746 723
385 874
201 32
144 145
660 785
625 188
266 696
154 574
757 674
298 795
794 327
332 202
880 253
726 327
391 480
204 679
799 346
865 642
806 774
706 293
481 884
350 967
835 733
567 322
709 442
646 340
267 697
747 848
518 312
845 97
637 906
609 872
121 181
945 101
776 64
105 69
322 468
468 776
239 856
785 468
364 204
516 884
547 97
23 275
254 873
673 354
693 110
432 476
477 333
915 484
642 692
944 633
986 706
198 879
145 438
325 766
387 457
786 924
932 64
822 28
894 346
