1
1
998124564
1
1
1
871167847
615477539
1
766911207
548036150
786007622
565675128
1
1
1
960959927
673784991
1
511001285
1
673784991
1
348916349
904818665
588105679
1
356652743
1
540130055
61352098
1
606872672
1
1
1
243930991
721461142
1
1
388896036
379752117
604816289
100143874
749072581
1
137757721
672906536
938788920
455049689
1
1
1
1
1
378384523
64256990
1
1
1
1
1
1
912165743
1
1
57688542
1
817612038
1
1
1
813778780
858999249
1
1
1
135252128
1
44162331
1
1
150734898
754103732
1
1
1
308128085
1
1
284779150
1
1
1
1
67062056
62190624
1
144985010
684675837
90530781
1
1
538822355
1
1
97378737
1
551390251
701476290
216030061
1
818121142
1
520145203
1
1
1
166277562
796589012
1
169012752
247494723
1
1
735107142
1
1
1
17030049
1
1
1
440255708
824879257
95332336
574509591
1
743961569
286046920
766911207
104496219
520145203
631199887
1
248832370
1
829511111
1
1
232900390
1
1
1
987303595
1
67062056
1
1
359527687
1
809436417
1
46627994
1
995169761
1
216299587
1
1
520215080
1
1
413363005
484218389
123253231
1
32522802
40139406
983250723
330209250
786955954
792586052
738251612
1
133654937
152152405
1
1
1
1
579251251
803876196
1
1
647221709
265612858
202473903
882278307
1
1
103348238
911866270
1
408152169
397810358
458353878
662365076
22161025
1
327034833
551390251
1
250719052
872455583
1
1
899937250
1
596191458
1
1
1
539261582
671898310
1
1
383635288
955429653
1
826646149
506459273
1
271871850
355654499
1
1
1
312949605
150734898
227260310
1
1
74978134
661905884
190894268
1
295789785
1
487322929
677598285
1
923945026
249391387
862203613
135910969
529868103
781146172
1
55143019
1
786955954
1
1
1
532902766
557769033
292126228
1
113320699
163742022
284429764
466599376
444578106
252825348
1
465970482
1
247494723
1
380141433
1
485605948
455049689
1
206257249
1
1
598667104
670949977
1
1
51928672
958793737
829511111
786955954
1
774517829
23818111
860506598
1
422736519
337127083
1
3324154
1
1
1
1
971880720
989439838
1
1
803876196
865388013
1
1
1
1
331237442
1
875969403
201635377
1
915390072
733879301
1
171328679
1
1
1
644316818
908562081
1
1
471730352
1
415459318
971102090
1
890613647
1
978280
1
253703803
1
913363636
1
1
920720697
1
1
1
1
1
913363636
481243621
1
1
1
1
1
1
1
1
786955954
1
1
259952812
946555261
68249967
1
1
1
350962750
1
1
1
1
998124564
169531839
1
1
535927446
1
1
484827318
1
366625204
413363005
302428110
1
68249967
280426804
601991258
547986238
1
342347901
1
1
78032762
1
1
1
169531839
1
1
291137966
593476233
1
82405072
1
604097553
743911657
577654060
1
1
719304934
1
800851515
538223408
309505662
397321218
815785251
1
1
1
1
1
585879594
408791045
1
1
55063159
251088403
86008734
11419916
719843986
1
1
1
28439982
1
1
222838087
1
417176298
73231206
433068348
992773974
162564093
653670368
372015724
596191458
1
1
102429854
1
325976694
953832462
413363005
1
1
405267243
1
670949977
26223880
367443764
1
1
91389271
393647679
1
1
624511650
1
1
1
1
113560278
1
129492258
1
310813362
345073108
1
1
173385062
1
1
1
1
525435898
1
181121456
1
936133590
76156062
813688938
950917589
504293083
1
566114356
1
246855847
1
303336512
1
706277845
1
1
1
182548945
1
792795683
1
1
1
607830987
471730352
774987004
1
212695925
1
1
129681924
1
1
1
982881373
1
105165043
1
352100749
584492034
1
1
1
451386132
1
780796786
1
408691221
874871334
1
773359866
1
178176635
1
1
782803257
803716476
851063206
565016287
511001285
703832146
1
475843119
1
575637607
432040156
1
474295840
542406052
675222463
1
355614569
231672550
566493688
1
622465249
1
592937181
523020147
1
1
1
1
883396341
1
1
1
1
1
295789785
77823130
571434998
1
613201542
1
936213449
143317942
172346888
292126228
1
7147430
636760108
1
539101863
1
1
1
1
684845539
962776732
319208597
1
856663357
752756102
875300579
813439376
1
1
961638733
412764058
447822400
329949706
405017682
1
1
1
1
1
881569554
1
992574326
202583709
60194135
960959927
675462042
1
1
1
195046965
1
1
1
599445734
179703949
484258319
1
435723678
1
1
638477089
1
987942472
829511111
167505403
1
431461175
663363320
1
942741967
354197062
789401652
476531907
684625925
707355949
1
1
163352706
1
1
1
1
1
617134624
976652328
162663918
417805192
154238735
289590687
1
993752254
861115527
585500261
621467005
1
1
1
1
1
1
1
310424047
1
319108773
1
438798271
14484526
28439982
1
301569620
742005011
1
935075451
777382790
832096563
185493766
625639666
1
878974118
243781254
836948031
1
465970482
413832179
469294636
1
560534170
1
381339326
5500327
1
1
465032132
1
541298001
1
459581718
966110868
158910519
1
401653598
1
286176692
1
1
1
745818304
809346575
1
55123054
638457124
92716936
83053931
31834013
1
944748439
961638733
1
903500982
1
761770249
862792577
479037501
1
784220764
1
1
829511111
898250217
126707156
887559020
326905061
1
1
1
1
109207933
1
946086086
408152169
78202463
1
1
1
1
913932635
752316875
1
575248291
105364692
700498010
1
1
967668129
1
521572692
1
1
1
200886694
465561202
1
319637842
289690512
788682916
74978134
516601436
1
512518616
1
1
470083249
1
278570070
1
1
1
1
7067571
865028645
196214911
717088831
1
1
221600264
1
1
558208260
1
1
1
43263911
634094796
1
1
807439928
164810143
1
190704602
830050162
671898310
1
1
268158381
1
1
777382790
576396272
95332336
947214102
1
614888575
1
1
1
1
681042228
275435582
1
1
1
899687689
980755112
1
1
106752252
675921234
1
602031187
1
14923754
239109470
1
258824796
163252882
1
1
234018424
1
765803156
899068777
1
1
1
906296066
91149692
1
36535744
691493846
1
1
1
370638146
856164235
1
680862544
1
660897657
1
1
131408887
1
1
1
193619475
92936550
685953590
1
759733830
858709758
22730024
1
1
89612396
1
1
427518110
544522330
454211164
1
919782347
1
1
786726358
1
1
1
1
1
720812283
1
813998393
705419355
202234324
1
644746063
1
1
1
111713526
1
671099714
327464078
1
1
1
976612398
904768752
1
218875057
736664403
1
1
1
396113342
1
1
1
1
326875114
1
1
325976694
511071162
1
1
1
1
183796751
1
601042925
230454692
961638733
1
878844346
1
825158765
1
587147364
267299891
622465249
1
1
314297235
319378299
377196612
876538402
1
1
1
1
1
604816289
1
439636796
1
1
1
585799734
1
1
410987183
468016883
515972542
702145114
1
843676198
1
1
1
1
356113691
1
85469682
890503840
1
126707156
1
1
1
417825157
819259141
803536792
611374754
474365717
627646137
1
1
1
1
1
571125542
1
1
1
1
994351201
248163547
1
497704670
176020427
321714191
1
1
657673328
1
500579614
640812980
624481703
1
552548215
1
1
429694282
1
28050667
1
405267243
1
1
1
1
1
732791215
1
61821273
1
1
743342658
1
1
1
673645237
1
1
1
1
1
1
1
1
1
221670142
353687957
1
232431216
1
505950168
1
1
1
826496413
1
1
942143021
1
1
894297169
1
1
1
1
119000710
1
23818111
460939330
1
241006135
1
1
1
378055102
865757363
290019932
1
1
1
1
1
1
991266625
384952970
348377297
1
739579277
1
310613713
303526178
887758669
367633431
1
1
603328905
47496467
1
1
776703984
1
969574776
851332732
342008498
162873549
1
1
1
1
1
1
12068775
1
1
656964574
204400514
918284981
1
1
1
1
413522724
1
24257338
1
242882834
231193393
505061731
1
1
1
188308815
713505134
747675038
76255887
201815061
825198695
378234786
530297348
1
1
208044106
898370006
1
1
688728709
1
694089282
79120848
1
1
251467735
544292734
164810143
408391748
1
954062058
824679608
1
595273073
921060100
86008734
1
45070733
434376048
749072581
208932544
1
225443505
1
282413310
588564871
1
70785508
1
139255088
295879627
1
935205223
599445734
1
398169726
1
55063159
1
30047156
213893818
1
252036735
20024782
1
97029352
1
958344527
977141468
1
1
1
1
583054562
873893054
752316875
270713887
45230452
1
1
589493238
1
1
1
1
1
128104698
1
288392794
1
1
247404881
1
1
1
46568100
1
1
1
917995490
495678234
1
772072130
702594323
1
1
108479214
689517322
1
1
86418014
713764678
106752252
1
1
941903442
979916587
388007598
1
1
165259353
188508464
1
1
238849927
1
1
1
7985955
1
649467759
101830907
756629290
575417993
97029352
508206201
760811934
212206785
658931115
1
1
1
562161308
125179842
69927017
1
1
272400920
401763405
733569846
574839011
194108615
1
1
1
557888822
1
1
1
1
217447568
340411307
1
751937542
498523230
207225546
895974220
1
557699156
236763596
502526190
1
821075946
1
770325203
1
858140759
812091747
1
925841691
1
1
1
1
1
486943596
983709916
563798429
1
774987004
1
913363636
312071150
1
68249967
1
517819294
599675331
507607254
1
21841587
40938001
1
1
1
650525898
1
1
1
334671402
162873549
36036622
1
1
1
301679426
199069889
1
913403566
1
259543532
1
1
244110675
1
840022624
1
1
872894810
1
1
1
1
825438274
250479474
1
628165225
993263114
1
179264721
1
1
452943393
123183354
1
351132452
1
764485473
492304168
699889081
32522802
291557229
114867978
69198299
1
1
625400088
1
1
1
435803538
542865245
1
1
1
675032797
336438295
145104800
430203387
1
987623034
1
1
1
1
1
489768627
1
808488084
1
782843187
1
267559434
476132610
1
681551333
1
1
403789841
684845539
1
1
971102090
898968953
461618137
662075585
1
909190975
1
1
856952848
30556260
819348983
1
1
1
1
817412389
239039593
1
1
838445397
1
1
492304168
1
1
958604070
968107356
1
1
695616595
1
741416046
1
379971731
1
665299914
137757721
669562418
1
689706989
1
1
64816006
825198695
1
773180182
694239018
591190254
797876747
715801096
702833902
149846460
378604136
1
1
625400088
762518932
1
918294963
1
1
1
852880011
561652203
1
141111822
1
1
458902912
219853337
669562418
159299834
1
489349365
392789189
967777936
1
957386212
1
498613072
52827092
1
866416204
259952812
1
710690085
1
232431216
293543735
471430879
1
1
1
1
752736137
939397849
762359213
1
1
6258993
488081594
1
101361732
1
1
378344593
1
1
948711469
350563452
1
1
1
726821714
1
1
1
1
1
189646463
137717791
1
1
484168477
1
1
644576362
1
1
1
191233671
551450146
1
240447118
1
846012090
1
936652677
1
1
1
1
657813082
154608086
890503840
1
606243779
676729812
994421078
1
1
275894775
335539875
1
734438318
415459318
1
1
788133882
87246557
428316705
1
495887865
174533043
688449201
2475646
343805338
852630450
97408684
1
675462042
494550218
1
465451395
1
1
25195688
1
1
1
1
1
1
1
614129909
1
1
132117641
1
856633410
1
722738895
1
1
1
701486272
388985878
1
1
1
1
1
515473420
1
1
1
1
1
756180080
378743890
843676198
888956562
1
1
896143921
1
1
984658248
578183130
1
1
874541913
1
873932984
499192054
460260524
1
160807183
874541913
719544513
161256393
376517806
1
1
600034699
904728823
1
579510795
1
1
1
728758308
361424351
1
1
659030940
247494723
1
286426253
698890837
593276584
1
1
630211625
1
650495951
1
1
1
329300848
1
738930418
440764812
1
540060178
881898974
822403611
1
441154127
201675307
1
1
699140398
368711535
880461502
1
1
567581775
1
548195869
322193348
675212481
1
118631359
924344324
670001645
471201282
1
1
676370444
1
532154083
104156816
899727618
424742990
1
622934424
1
1
1
1
655387348
1
1
1
36705445
1
1
168693314
751957507
1
1
258964551
443390195
1
213893818
1
1
1
739778926
1
303915494
776624125
1
1
188508464
1
1
1
1
1
1
670101470
1
1
729047799
1
1
379752117
205239039
1
757168342
872225986
1
1
1
1
875969403
208613105
469114952
113400559
1
1
1
759005112
517030681
643538188
1
76285834
1
1
782344065
583194316
1
701995377
277571825
1
1
541417790
530996119
1
1
580369285
729756552
866645800
1
1
1
500230228
237971472
1
1
1
52457741
602140994
1
381369273
698772
1
910558570
1
1
588564871
968376882
170490154
955200057
1
696534980
1
644935730
570945858
1
869480814
1
761161320
1
536226920
430602685
1
1
1
158291608
1
994910217
1
1
1
371556531
1
1
1
1
1
1
1
1
1
1
686871975
945926367
695446894
904728823
1
1
1
1
69018615
199948344
1
1
1
511550319
1
1
1
1
1
812700676
1
872046302
1
304714089
1
585260682
471780264
1
1
317052389
104665921
1
1
1
35717183
537674374
698772
788682916
1
578402744
637548721
217826901
325397712
847040281
1
550561709
523020147
228757676
821734787
491136222
544382576
1
1
1
131039537
995928427
1
1
1
1
1
1
467358042
1
1
1
980395744
461727944
660228833
1
766871277
1
1
1
1
320286701
768398591
242353765
674184289
1
793454524
701556149
275765003
1
731353743
1
1
1
991486239
1
1
908602011
1
1
783701677
1
1
798206168
1
1
167505403
643508240
670750329
51828847
377346348
1
1
1
689836761
604516816
1
1
1
621476987
702833902
724495805
79450269
1
437270957
560534170
1
611484561
1
22690095
955279917
699459836
35976727
614459330
259353866
1
190255392
918534542
577204850
1
1
707904983
1
1
1
499781018
1
201765149
1
888597194
569797877
1
558338032
432848734
909001308
168693314
1
1
563998078
1
295140926
748683265
873334038
1
1
1
1
1
595273073
1
813010131
662365076
45430101
670460838
1
1
754572907
364888259
451116606
1
326765307
1
1
125499281
1
1
1
1
10631303
780078050
1
918274998
902472790
1
1
1
1
1
154608086
1
1
576136729
1
53485933
580229531
1
710500419
472608807
1
490966521
847439579
1
775046899
1
1
45480013
1
1
1
1
66113724
1
486723982
1
1
370807848
1
1
113400559
604257272
1
1
462336873
1
1
439586884
1
1
586957698
1
1
544272769
146701991
601771644
503244926
518657819
239408944
476262381
333263878
1
1
310853292
458244071
1
1
672577116
671099714
19276099
1
734997335
1
509174498
744949831
445256912
806691245
1
1
1
957855387
481732760
980735148
1
1
933757768
1
206466880
676180778
1
1
56590473
1
1
515603191
1
1
452943393
26563283
30426488
249241651
1
29948
689836761
1
403959543
779309402
16161577
830050162
1
1
612113455
1
1
1
1
1
250739017
439636796
361464281
1
1
704421111
1
534050747
1
243371974
323161645
1
587366978
26393581
1
1
1
1
790320037
1
1
1
1
74279363
80558320
793614244
449080188
1
1
8445148
19775221
1
968376882
1
361284597
1
1
798845044
373433231
1
816184548
1
704371198
346889913
678307038
615088223
1
46528170
982881373
1
1
113480419
674543657
341339675
1
965352202
401823300
61471888
1
1
1
1
820786455
1
1
1
1
546109539
380940028
301499742
911866270
1
1
1
922088292
1
1
1
837447153
173075606
1
860955808
1
1
79839584
203162691
69857140
1
599874980
513117563
1
1
492793308
455858267
1
830499372
859468424
1
1
438129447
503075225
343975040
538223408
911906199
1
1
1
696195577
1
182658752
323471101
1
1
1
42375473
1
275894775
671708643
1
643508240
819378930
552528250
1
1
1
174183658
338434783
1
1
306750508
1
1
1
699789257
141181699
1
1
1
155945733
502526190
629572749
1
1
456187687
530357243
111324211
252056700
732571601
1
1
1
875869578
79619970
495139182
1
422407098
1
577055114
1
1
295490311
403799824
1
1
1
107790426
1
1
1
1
578163165
144525818
1
127016612
858450214
1
1
917825788
459282245
1
500230228
1
337466486
1
241794748
1
1
1
745538796
793454524
1
1
1
1
538133566
1
257287500
318020686
1
1
1
1
613201542
482471461
475962908
747675038
1
1
1
1
1
159599308
1
1
1
1
88174924
506369431
80498425
50531130
835111261
1
710959611
954361532
704650707
1
1
1
1
1
1
694149176
1
150575179
123532739
116505099
111483930
893278960
133016061
282023995
1
1
1
532902766
790978878
464672764
1
638896351
310334205
1
1
1
673745062
132656693
424822850
1
1
1
1
1
1
1
603438712
1
1
995918444
1
1
1
1
1
476472013
250469491
1
551290427
520145203
292006439
69198299
552338583
1
857192426
160707359
70785508
95162635
315714742
541677334
763477247
759264655
415778756
82784405
1
822164032
362262876
1
60403766
246656198
1
1
1
1
935075451
335939173
691443934
771942359
324529240
775645845
604387044
213314836
1
1
1
1
190235427
736514667
1
1
1
727859888
1
889854982
393268346
1
250848824
645524694
1
708693596
1
335989085
307279577
72662207
1
366515397
1
1
1
611953736
1
1
258964551
1
1
510382373
890963033
254512381
1
544202892
1
1
1
515992507
1
1
802808074
876777981
1
1
1
1
830499372
1
1
515673068
1
1
492204344
1
1
1
938788920
151373774
271183061
1
1
107790426
948012698
1
348896384
1
1
457555282
777891895
1
402571983
942981546
1
1
1
456806599
1
1
1
1
1
535358447
916887439
364788434
1
1
1
1
1
11948985
1
1
23488690
1
1
935205223
449788941
829511111
1
308896733
1
949370310
411047078
296957731
1
716789358
1
99564892
1
1
1
900027092
175900638
407653047
194358176
685554292
410428166
744211131
1
866326362
420220943
1
846181791
932110665
1
132556868
989759276
773359866
1
1
1
1
920950293
513057668
1
875220719
1
1
889425737
1
330019584
1
1
1
110236124
81836073
495927795
350723171
753265207
1
1
505291327
556680946
117183905
856473690
1
894596642
1
688069868
1
869480814
1
1
245867585
1
1
1
140283279
1
1
1
745329164
1
534679641
1
818809931
1
995938409
612562665
818620265
137578037
458343895
1
669811979
240007890
1
1
1
983240741
814747077
1
50121849
1
117383554
347478877
234647318
1
989699382
1
918205121
584422157
728758308
1
1
1
1
201615412
461618137
526314353
1
158840642
703273130
753684469
1
1
935913976
1
1
1
1
774238321
1
560703871
1
351072557
513926141
761161320
161226446
230394797
660897657
330299092
1
13007124
666827228
842228744
994910217
996217917
1
1
1
299643008
1
739539347
1
152671492
1
1
733879301
1
1
113480419
836768347
13086984
1
891172664
1
1
1
15971910
424822850
1
822014295
1
465032132
1
1
1
702185043
389924227
259942830
155736102
1
439736620
1
764585298
87416258
14704140
859388564
968726268
146282728
980076306
1
907683626
337556328
370149007
1
16860348
1
682080402
540189950
777382790
669811979
1
1
596101616
331007846
319468141
700018853
1
1
1
1
1
417954929
1
314896182
1
522471112
1
868482570
1
1
1
1
171139012
1
540020248
1
78182498
1
664950529
46568100
1
651923440
977610643
1
562590553
1
1
839194081
874232458
650166530
1
1
1
38951495
440734865
1
1
1
1
827414797
533651449
1
208782807
318569721
874541913
637838212
674603552
400505617
1
1
187669939
717088831
1
936143572
814856883
382267693
479666395
1
479097395
294531997
236583912
628165225
1
1
530157594
131688396
893268977
1
1
733140601
525206302
864719189
703832146
327903306
733569846
1
1
287554269
1
92267726
757477798
1
196334700
43623279
1
1
176020427
867584150
509014779
1
1
1
153150649
283850782
1
1
1
1
333862824
1
208722912
97957719
1
1
89672291
876258894
420819890
1
1
1
654908191
106772216
1
98087491
1
452434289
411186832
531744802
1
714383589
1
644346765
272181306
142918645
1
1
361424351
350164155
643128907
173854237
924384254
1
1
222219176
94663512
760811934
41267422
374151966
1
1
108179741
1
20633711
433467646
1
1
1
778650561
285877218
67990423
286116797
457535317
1
1
1
731553392
930992631
1
1
189526673
1
179933545
664810775
480235394
1
1
370518357
179524265
1
1
938010289
1
844734337
640323841
550611621
481533112
1
1
1
6448659
1
1
841679709
141461208
1
1
93904847
542426017
79869531
403590192
1
1
198870241
1
41936246
235026651
1
534420097
170260557
808348330
94843196
278570070
1
1
671918275
382547201
1
1
1
890324156
1
108179741
372125530
259942830
1
803716476
1
1
54773668
517410014
1
1
1
1
1
748244038
1
1
1
1
650116618
1
471091476
1
59215856
566144303
295919557
1
1
1
1
775126758
1
1
738710804
1
34229799
20943167
53176477
628344908
794412839
883645902
535288570
531515206
505061731
1
1
821215700
1
474475524
1
508176253
312979552
43233963
277062721
247834126
1
196644156
82155511
889395789
1
897711165
1
1
1
1
1
1
1
476911240
1
1
851063206
11409933
1
1
188528429
1
1
1
602450450
1
964992834
1
1
71384454
849056735
1
1
626857524
1
1
1
1
299093974
1
403849736
818809931
789152091
962557118
456037951
1
746147725
1
1
1
1
1
436442414
36425937
816184548
1
1
1
1
958474298
812690693
1
450936922
1
417855104
1
277352212
1
318569721
229576237
667695701
776224827
95551950
1
992773974
472459070
1
594694091
518767626
708873280
751318630
913553303
1
1
598108087
231522813
1
147181148
1
955639285
1
285358131
543474174
463924081
338614467
1
713565029
1
703352989
902622527
1
1
185793239
1
1
857711513
1
740976819
241465327
501617788
184116189
1
1
1
742354396
670750329
813629043
40478809
1
1
1
691493846
1
1
1
574140240
1
1
1
1
1
1
849266366
267779048
1
1
1
577833744
1
1
37464111
1
739339698
50061955
551460128
901654230
1
1
1
837387258
130300836
687780377
162104901
5999449
382617079
614349523
109956616
1
157173574
887559020
759494252
1
864659294
1
1
660298710
834382543
1
1
1
512478686
767090891
1
291716948
1
1
567841318
437231027
1
1
1
1
1
1
1
1
137009038
1
1
1
463584678
1
384972935
1
1
199079872
1
671728608
672637010
1
893768100
235256247
148588672
61511818
1
1
995139814
1
448690872
1
285008746
458244071
1
683667611
671089732
91389271
666797281
68918791
1
1
242353765
1
1
1
1
486694035
453771936
1
1
1
1
750589912
286296481
1
1
1
385262426
1
940965093
442861125
901334792
434376048
21172763
1
1
162893514
373433231
1
1
1
1
142988522
1
121166900
98856139
582854913
912964338
460270507
1
667815490
1
518498100
640653261
109986563
1
390303560
1
1
1
585879594
1
1
1
1
1
1
52457741
441483548
764465508
1
1
943390826
1
1
652003300
1
323740627
1
1
756649255
496786285
569907684
622784687
1
262378546
660288728
1
264125474
1
656295750
917795841
1
1
1
901913773
615607311
114598452
1
852949888
834083070
107720549
1
904030051
722229790
104156816
1
944419018
1
1
688529061
1
725753592
533282099
348766613
82245353
1
872745073
1
541298001
249780703
1
269466081
1
385961197
324129942
1
1
1
1
1
298784518
1
1
875769754
1
773180182
1
1
1
171228854
1
427038952
1
186951203
172197151
1
361464281
1
52317987
1
1
1
1
1
1
1
1
232840496
914421775
979966499
550441919
1
601911398
1
555952228
1
856603462
1
1
1
1
1
794502681
1
607281953
1
1
1
1
518328398
1
1
1
1
1
1
514535070
695576666
280806137
106961883
327633780
1
1
1
310064679
1
1
256289256
1
751618104
988541418
1
1
376897138
1
48484729
1
1
68379739
1
245108919
499072265
132906254
649847092
1
1
1
583154387
659340396
1
409000677
1
475623505
1
1
78691603
1
985267177
1
759923497
1
830499372
1
612951981
1
1
1
277102650
1
1
1
1
401933107
397690568
402981263
127555664
1
1
373692774
1
1
1
1
405267243
180921807
1926612
859288740
1
1
59954556
38532233
318569721
464712694
1
132656693
1
186701642
830130022
1
1
363041507
836948031
497784530
1
1
271791990
1
328592094
1
1
283850782
1
1
607521531
1
33321397
1
1
863271735
1
71254682
1
52457741
557319823
314077621
270154870
698791012
1
146701991
1
692851459
2795085
1
1
1
194318246
1
325906817
1
1
216549148
1
851262855
3244295
787185550
1
1
648768988
624152282
1
1
1
814567393
787015848
938379640
1
1
985536703
66133689
614459330
455558793
1
248852335
1
325946747
1
1
327983165
1
315225602
452344447
907563836
7916078
742034958
428356635
363091419
1
666358053
219683635
162564093
1
1
1
1
1
996307759
1
1
330299092
223127578
211508014
1
560923485
21711815
1
1
411116955
91668779
1
372295232
177807285
324818731
1
531485259
161226446
1
1
1
1
1
1
1
1
736215193
1
194318246
827544569
1
1
732371953
1
1
393837345
1
1
1
1
1
1
1
1
167495420
1
1
1
842598094
1
1
424663131
246835882
657673328
1
1
1
8175622
270653992
1
27242089
1
589493238
826965587
1
1
198550802
335469998
65085532
1
1
1
507377658
961429102
1
1
1
835191121
780776821
236284439
1
360765510
821465261
759743813
1
1
780217804
751887630
1
1
167585262
910029500
380580660
574918871
544392558
746047900
1
132217465
408691221
216768762
1
592917216
274906513
985536703
468236497
609807511
1
1
1
1
247564600
1
1
144106555
1
897082271
1
684366382
591300061
389095684
1
476072715
397540832
1
828942111
2196138
481503164
320117000
1
1
1
1
245098936
1
961638733
1
343845268
1
17279610
101192031
495827971
1
662684514
330358987
1
1
1
1
271542429
1
1
612862139
306940174
1
1
116305450
383315850
866326362
1
1
1
57389068
1
1
808148681
983799758
1
552668004
1
1
358629267
1
354197062
1
1
94433916
1
1
610835703
1
220132845
975444452
234607388
1
982082777
448301557
1
214632519
1
284140273
1
814198042
72422628
305452790
1
497225513
906675399
1
803616652
1
1
131628501
1
1
1
748683265
1
914571512
111773421
1
1
771413289
460859471
548195869
1
1
1
699190310
1
1
1
1
931501736
1
176619374
1
137378388
933508207
1
1
1
474924734
1
1
1
1
1
1
850164786
1
1
505101661
330358987
1
361424351
314267288
1
882797394
148758374
704041778
383465586
722030141
243182307
567012775
1
860356861
1
1
1
272910024
1
429804089
1
794003559
70216508
362761998
654798384
267389733
763247650
693390511
1
1
765014543
168383858
1
663363320
1
1
1
973368104
320306666
1
643568135
1
691673530
338734257
790280107
56790122
1
1
1
388985878
1
919772365
514415280
1
563199482
884923655
1
1
706188003
213863871
1
1
1
396263079
364748505
634334375
1
249870544
933907505
67441389
1
1
1
61721449
36535744
1
888407527
478039256
257467184
1
1
71514226
734697862
1
507377658
1
16690646
336078927
1
1
1
1
561442572
333263878
323251487
1
1
80957618
947633365
773759163
1
1
244939217
1
1
1
346041405
1
121865671
954491304
1
1
1
601981275
441533460
290558984
1
110236124
1
809426434
694199088
1
702564376
410218535
1
23618462
1
1
388436843
747505337
1
345731950
1
1
976592433
228478168
926001410
1
1
572572996
332744791
232471145
400036443
1
228957325
1
277442054
1
1
546179416
1
588734573
188488499
655736734
967757971
391561348
745938093
1
1
129771766
1
57688542
1
253703803
1
890014701
1
277891263
1
35098272
398509129
1
358259916
58976277
590192009
1
1
774188408
1
282682836
293463875
1
645774255
116205626
325607344
808208576
808438172
1
1
1
98267175
925462358
405317155
214652484
805104036
553815985
1
1
1
1
77603517
1
525435898
593206707
855734990
250739017
100692908
1
866645800
1
542046684
775406267
784969447
1
1
171987520
500030579
798296010
1
1
690515567
878445049
1
1
1
658451958
1
1
1
1
915619668
1
1
396143290
1
584971191
1
1
1
476651697
154687945
428855757
1
1
707216195
1
1
679385142
340940377
1
509174498
968726268
201635377
211458102
289680529
1
460370331
496826215
797876747
1
503195014
1
68329826
1
1
1
112222631
1
1
195046965
342317954
1
64117235
829451216
339862273
269256450
1
684755697
1
362143087
1
606193866
628484663
685095100
533761256
1
661516568
559985135
1
666268211
456666845
978698729
1
317451687
1
1
967368656
1
910019518
905846856
715182185
504872064
1
264824245
1
1
1
1
1
1
691304180
1
1
1
1
1
1
1
10631303
610136931
1
484627669
1
486404544
966420324
693450405
1
1
949280468
1
73780241
744420762
1
285577745
167415561
1
1
98057543
1
595712301
1
159180045
1
948252276
1
325717150
1
1
1
1
1
607441672
88504345
631199887
736454772
429804089
1
1
562949921
1287736
383685200
108119846
496886110
512149266
100034067
1
1
533282099
4512065
819588562
1
21602008
637259231
369100850
124271440
1
343725479
1
69927017
852959870
778560719
671868362
987093964
1
248273354
1
1
1
173574729
56121298
1
961608786
777193124
904010087
694049352
104406377
1
113180945
177787320
39260951
1
1
176090304
1
1
1
1
82974071
1
710200945
1
994810393
870548936
1
597229632
772701024
231622638
1
1
1
322712435
199509117
1
1
53046705
1
626158753
1
569787895
518657819
1
748633353
1
54713773
1
246506461
1
1
931771262
896992429
1
5500327
663053865
1
238510524
435004942
1
1
960440840
950408484
565146059
299293622
1
908781695
507377658
670610574
1
519885660
1
1
1
1
1
1
1
692002951
208163895
1
1
651923440
287733953
95032863
1
774767390
1
100353505
1
1
24946127
360645720
912644900
1
703522691
190634725
1
1
942881722
1
978509063
908403
273359234
546418994
1
1
1
862143718
1
538552829
1
1
402981263
1
1
750390263
289730442
261380302
1
1
1
1
1
527951474
1
1
1
1
444548158
963525415
387049283
423105870
1
1
1
553905827
896922552
1
1
1
1
1
167505403
444657965
818670177
513397071
508515656
674823166
1
1
617733571
1
435114749
1
457086107
114328926
1
669951733
1
1
1
1
677827881
1
1
1
1
1
626508139
535058974
1
1
1
1
401453950
1
1
834272736
428296740
669282909
574050398
1
192102144
489718715
1
628344908
455858267
1
74209486
1
971142019
238570418
312829816
20633711
635721934
1
354346798
1
720702476
511600231
127745330
446205244
968376882
1
781904837
234307915
111713526
1
1
1
1
1
1
217447568
239488803
1
1
1
935654433
1
566553583
291217826
763746773
595273073
1
644985642
1
1
597788649
915709510
576416237
1
1
1
433208102
1
1
322842207
1
212286645
810324854
107241391
484457967
1
1
710061191
1
64776077
710400594
535837604
1
963026293
147959779
1
1
1
1
1
1
1
623333722
1
835450664
1
1
316942583
309535609
255730239
1
1
989399909
1
543214630
484258319
1
1
607850952
1
98057543
68220020
1
604337132
27102335
558268155
902582597
1
916627895
49203465
955060303
405826260
614449347
851332732
1
1
898370006
1
469114952
1
377775593
437131203
884624181
1
72073243
92257744
1
1
797227888
720073582
1
1
547696747
1
934456539
480195464
1
355454850
156494768
424932657
446155332
482311742
369210657
185324065
1
1
1
23189217
6468624
192780950
31284979
125000158
263726176
402801579
1
1
67341565
125439386
1
1
428656108
1
76375676
804674791
900007127
1
230574481
64586410
171308714
784081010
134653181
628344908
1
898000656
694728158
752526506
920351347
1
1
1
785159114
1
899378233
780107997
339792396
1
961568856
1
1
1
1
1
1
1
12288388
1
661426726
106293059
608489828
1
9513269
1
895964237
857991022
1
722229790
80957618
1
1
1
84211894
380301152
25195688
1
1
909340711
87246557
572453207
1
54633914
1
465860675
329360742
705479250
213025345
1
1
808917330
1
1
1
233020180
842398445
1
369739726
224195700
1
1
350773084
689058130
569787895
1
1
410787534
597708789
1
770684571
389325281
844524706
583324088
278609999
1
1
1
986045808
1
1
1
1
682270068
1
107690601
826426535
1
242723115
363580559
1
1
1
1
1
1
819718333
554884107
768997538
40199301
1
1
1
87346381
1
1
1
446205244
1
330019584
1
524707180
1
1
1
257377342
1
214013607
1
1
762109652
1
444727842
1
1
638996176
1
1
1
678556599
1
330908021
1
1
1
1
27152247
700068765
294192594
247364951
1
1
1
672127906
273648725
1
762259388
25475196
1
540858773
1
960900032
726741854
265193595
1
1
1
1
1
1
1
698890837
1
419891523
1
725004909
1
261480126
646403149
646762517
878654680
270274659
1
1
532852854
983460355
15971910
778680508
1
1
753175365
78202463
1
297057555
474305822
184585364
650256372
1
44421874
1
1
907753503
256688553
104156816
1
659350378
44970909
1
1
56131280
1
528101211
608010671
1
1
197842049
6468624
1
195905455
495548462
1
287803830
1
1
1
1
1
1
948112522
1
399447478
360865334
1
376507823
1
599006507
835720190
1
1
1
241794748
1
134982602
844744319
216619025
1
268527731
869810235
1
1
1
1
1
1
982252479
1
243182307
1
600004751
483978810
78202463
768268819
1
582196072
1
1
1
1
1
746816548
334481736
1
1
55722000
1
1
1
113111068
1
1
453821848
1
493931306
1
875150842
1
1
1
1
1
23638427
451495939
132656693
1
660378570
449239907
984718143
1
1
214243204
1
640114209
766871277
139085386
1
79031006
1
17369452
1
1
1
1
383126183
689836761
1
1
1
971970562
59215856
607132216
642569891
1
1
1
1
1
895055835
214941975
166277562
934376680
958005124
957855387
38222777
584352280
1
752965734
1
174073851
72302839
240197557
597489176
746047900
103338256
1
1
258864726
1
410787534
1
904020069
570726244
1
542615683
617963167
837387258
1
261879424
623523388
933608032
824879257
1
1
257716745
306950157
1
1
1
1
777462650
1
1
223027754
489888417
716240324
1
1
73460802
281804381
201136255
109537353
808418207
1
1
1
103208484
1
1
95132687
894616607
1
1
316084092
992803922
1
229276763
1
479895991
1
1
1
1
1
1
996477461
1
1
1
1
696904331
1
1
1
978978237
256718501
600973048
40967949
1
530367225
62520044
1
929175827
1
1
715970798
132117641
705868565
834911612
621017795
603598431
1
573750925
138556317
697213786
1
1
1
1
54893457
75227695
1
700867361
1
1
109028249
871936496
571105577
1
1
1
9483322
1
1
1
1
1
1
863690997
546179416
161136604
261140723
1
364079681
1
1
287224848
157383205
45509961
198550802
1
1
1
923625588
1
589742799
1
1
956397950
78971111
1
1
1
170809592
787604813
1
1
1
1
1
1
1
872186057
1
1
888537299
1
604716465
586897803
19705344
600513856
643458328
89163186
459771385
207744633
1
1
350483593
153949245
763886527
1
888726966
1
191852583
1
959542420
1
901734089
850164786
1
637528757
1
437270957
669941751
1
1
1
86238330
542865245
1
1
1
477610011
1
1
181490806
773779128
72941715
1
996826847
169511874
1
283521362
446325033
1
786177323
853039730
407653047
945157719
1
821824629
1
813129921
220132845
577314657
491445678
1
933538155
454191199
1
1
947902891
1
675991111
1
988311822
566982828
963864818
1
1
510392356
787784497
295909574
178565950
615088223
717877445
1
159170063
221819878
576805553
622435302
1
1
422736519
400096337
1
1
936303291
1
1
619590306
1
1
933458295
875330526
1
100513224
456287512
1
560823660
1
725084769
803936090
691833249
1
1
142988522
739719031
110685334
1
565525391
1
687570746
689118025
1
572922382
883645902
1
1
309415820
44102436
627456471
1
563219447
1
1
1
154298630
1
1
1
1
608180373
30127015
1
1
1
1
74748538
1
217886795
1
1
1
50700831
421149311
1
117902641
1
1
1
595971844
1
1
735406615
1
728719
1
1
50521147
1
1
520294940
1
353298642
1
1
1
1
1
956328073
1
1
1
277971123
1
1
1
269356274
495668252
67052074
1
1
975564242
60713222
1
1
1
1
1
1
1
602739941
1
1
785508499
1
1
1
1
265722665
974845506
1
239588628
1
1
672846642
1
400295986
460719717
303536161
697024120
145464168
1
1
1
1
1
1
1
1
201725219
419442313
541058422
1
94334092
1
1
792336491
1
1
688189657
1
507547359
1
1
266431418
1
1
307559086
149676759
1
313259061
720063600
1
637309143
1
835660296
1
1
1
1
522670761
522191604
228747694
1
856463708
1
1
509543848
325427660
484268301
637948019
250729035
63648060
1
225553312
1
239109470
420670153
898839181
1
1
242882834
78032762
958903544
372894179
957515984
1
1
1
883386358
704241427
57399051
1
1
1
72572365
1
228837536
770894202
1
1
1
139364895
1
1
1
72702137
557100209
1
836239277
410547956
1
294102752
478288817
331217477
1
52008531
342487656
68679212
1
552268706
992474501
407663029
1
127835172
1
1
1
1
935963888
744840024
128304347
419552120
1
1
1
1
1
1
1
1
1
906326013
770005765
546518819
271472552
128503996
1
1
516900909
1
1
471211265
501238455
1
543853506
747255776
620458778
305792193
831817055
1
495708181
1
251926928
797846800
207734650
1
535538131
1
1
190005831
676430339
1
1
325427660
781685224
1
978548992
1
787504988
1
1
1
466789042
736484719
47496467
1
207185616
454979812
590271869
1
234058354
1
1
1
152022633
1
527083001
119659551
1
198031715
35956762
1
305093422
1
1
383495534
1
670460838
810584398
1
807240279
818121142
1
275735056
1
242363747
619131113
784510255
721151686
168823085
1
76695114
1
1
1
1
571604699
210699436
542945104
371466689
1
1
590241922
1
1
668594121
1
1
267020382
1
1
1
789920739
640902822
1
952963990
709542104
1
1
1
320775841
851891749
1
1
1
301250181
933009085
1
414161600
1
1
955679214
721241528
1
1
396422798
494420446
1
1
1
1
1
1
1
1
1
1
107301286
213953713
476462030
1
1
1
327334306
312929640
1
1
1
205877916
1
56790122
590810921
1
979597149
1
812880360
1
77224184
315225602
968307005
1
1
865258241
712986047
1
216459306
552518267
1
1
472648737
513836299
1
479097395
400585477
1
543514103
1
625290281
1
1
406814522
829181690
31304943
720263249
487083350
1
1
24496917
1
995279568
3014698
1
94344074
1
302428110
1
588954186
826496413
1
1
1
168733243
698721135
739249856
1
641581629
337206943
1
756489536
17519189
959362736
683987049
1
53006776
1
1
359198266
694468614
1
1
742484168
557100209
1
315445216
1
903790473
564207709
797846800
657743205
1
864589417
716579727
456217635
1
424313745
595712301
521642570
120528024
555203545
472908280
1
756649255
831457687
1
878844346
1
837447153
551999180
1
890553753
1
803896160
867404466
1
307219683
1
634903374
325707168
1
174373324
950348589
1
776484370
919912119
639495298
88174924
821215700
72442593
1
154687945
1
1
875170807
86388067
1
1
35248009
1
844764284
1
361653947
1
1
1
1
1
1
201036431
1
106512673
258136008
58626891
39330828
834911612
427967320
1
1
947633365
234377792
669522488
1
1
507058220
702404657
21412342
1
376008701
1
1
1
662614637
1
1
1
1
1
1
1
890663560
1
1
1
221590282
803896160
1
1
252815365
533641467
180322860
1
602400538
1
1
1
1
1
1
1
1
187839640
1
788283619
1
1
1
277571825
1
323141680
583244229
1
1
1
1
132756517
789271881
1
1
306480982
499781018
277971123
454979812
1
552987442
1
209261964
1
922208081
1
265023894
1
542226368
1
583154387
876698121
1
1
1
1
1
1
646792464
1
1
56949841
1
1
295031119
1
1
1
1
1
1
1
1
1
277891263
163282829
576166676
1
1
289680529
353298642
1
672866607
36685480
1
529708384
747116022
1
363939927
914311968
1
767050961
705818653
471730352
1
1
516920874
1
1
1
659609922
621317268
847788965
1
1
286106815
96460352
1
41487036
1
107790426
1
1
1
446205244
1
186741572
852610485
110296019
1
1287736
945497122
642989153
1
920900381
856663357
1
1
275365705
1
770315220
1
1
691144461
120667778
1
144475906
159479518
254592240
1
903510964
1
886730477
1
856663357
887479160
232431216
808657786
609088775
1
1
1
123562687
770504887
702404657
942083126
1
1
843236970
366195959
746966285
666947018
456876476
1
862523051
1
1
1
152661509
1
1
292575438
1
1
1
300551410
1
659340396
1
1
1
313738218
52547583
1
1
1
1
575288221
1
290529037
1
1
1
1
687021712
131019572
1
1
428995511
1
1
871427391
1
564666901
1
562860079
1
1
1
1
1
1
335949155
1
76355711
456537073
1
786866112
1
907154556
99564892
173025694
879832608
594973600
1
193270090
1
1
725484066
1
171308714
777762123
517090575
1
554295142
821026034
1
1
571874225
471201282
183756821
1
768648152
1
46308556
805902632
459971033
714992518
328731848
363011559
1
1
446494735
1
1
1
1
1
48943921
112142771
1
1
1
1
1
593146813
69108457
1
1
1
134104147
1
692731669
1
1
490786837
1
3144470
106852076
51978584
1
1
1
146841745
1
766132577
1
172346888
1
1
921399503
180841947
822952645
1
31724206
1
542256315
243371974
807899120
907763485
562161308
613201542
254222890
1
1
648749023
785947727
772072130
925921550
1
758725603
1
26742967
28929122
1
824330222
782433907
873673441
1
1
591529657
1
105933691
485695790
1
1
55662106
1
924853429
1
61821273
210689454
1
385262426
734987353
844864109
683677593
874332282
161226446
816583846
1
1
204799812
625869263
1
1
1
1
691823267
523948514
746557005
1
116525064
193569563
767050961
975254786
259274006
1
774627636
1
566823109
1
1
1
467387989
54005020
849565840
1
730555148
557100209
1
387877826
1
694847947
1
1
1
1
931771262
1
619809919
1
1
345073108
1
944938105
1
1
432219840
1
562760255
717138744
950538256
32043644
1
242763045
118850973
1
1
977251275
1
1
1
1
1
302817425
1
1
1
1
1
1
1
1
397221393
830010233
1
889844999
1
235306159
233758881
1
120338357
1
1
1
1
788932478
1
742005011
1
1
1
700068765
1
1
321843962
1
740188206
513397071
562111396
305522667
1
1
1
34060098
1
54414300
1
1
992783957
1
870079761
1
1
794552593
1
1
1
1
1
158022082
1
1
1
1
121266725
1
186811449
47656186
935464766
415798721
1
1
295879627
1
332664931
384823199
1
1
1
291217826
762718581
1
1
969894214
1
46009083
256648624
393687608
1
1
684466206
984857897
1
613530962
260272251
1
9193831
1
955848916
1
1
613820453
1
1
1
617903273
825528116
46338503
1
29148736
1
743492395
1
1
1
1
1
1
335180507
1
1
621736531
706118126
1
1
1
1
1
1
130789976
161685638
967937655
382038097
405017682
327024851
324349556
50121849
1
1
825627940
1
94413951
843276900
1
1
1
1
1
1
1
426749461
855106096
1
759723848
1
1
94853179
707735282
952325113
1
1
1
1
297057555
178645810
1
647890533
115556767
1
663123742
381419185
1
1
480994060
1
235306159
111783403
1
504772240
1
133435323
671229486
1
531195768
1
1
961019822
945996244
1
20763483
339073660
867953501
1
1
48235168
1
1
1
1
1
657673328
1
1
1
749781334
591948919
1
813149886
1
286116797
1
1
1
532463538
222418825
1
1
778520789
468965215
1
642120681
483978810
199149749
1
1
626857524
381419185
1
115816310
717478147
160397903
153639789
131798202
1
1
1
1
177407987
1
1
949869432
195076912
1
415119915
838774818
521542745
1
358948705
1
1
1
1
1
458603439
1
946934594
43812945
1
1
796529117
834871683
1
1
1
690815040
1
527901562
148508813
691803302
910089395
1
1
1
170829557
458723228
1
256429010
1
395025256
1
613770541
1
1
1
1
1
595642423
373363353
515752928
1
1
1
694678246
884913672
1
377526032
1
1
371536566
242273905
674593569
1
796099872
933917487
1
1
1
1
465441413
440684953
83083878
683507891
1
1
592637708
410577903
1
1
535538131
1
163592285
1
1
924364289
517619645
1
1
60912871
1
1
640713156
1
587366978
1
1
53735494
987692911
1
511091127
1
1
306760490
40938001
1
1
652163019
333203983
120597901
1
1
1
1
1
166616965
1
1
349535261
682409823
928487038
1
597119825
1
125189825
149766601
1
1
1
474645225
7347079
940256339
881799150
415089967
1
1
1
1
12627792
600204400
831347880
677987600
1
974825541
1
175551252
1
1
1
1
672137888
189566603
633196376
1
1
846012090
393138574
756988658
641102471
401583721
1
1
107770461
792426333
1
1
1
1
556870613
1
1
851522398
134353708
776624125
1
1
203901392
1
1
1
78621726
1
166187720
269296380
1
958733842
403849736
919562734
1
36006674
1
825907448
509593760
457974545
1
693869668
1
1
1
1
1
1
1
1
1
1
1
1
1
831477652
1
294901347
18447556
623333722
232720707
534509939
1
902672439
185992888
273908269
930852877
1
1
684326452
1
492793308
1
1
1
1
1
381089765
234956774
314526831
1
1
1
1
520015431
1
1
1
1
1
1
1
361594052
1
565335725
1
125818719
127535699
1
1
454251093
86238330
1
52597495
539002039
423445273
1
1
1
169881224
316453443
1
762379178
456716757
488720471
1
1
11389969
523788795
1
1
1
1
554295142
1
1
368252342
812680711
152242247
515832787
1
1
80807881
615826924
698491539
1
711079400
1
437400729
1
1
421738275
134174024
1
1
310424047
1
591080447
1
125808736
263845965
1
901784002
951037378
1
1
953153656
896373517
609907335
585360507
962636977
583234246
187280624
1
1
1
1
984159126
459412017
77144324
463734415
904768752
1
971511370
709023017
1
1
1
375669298
911796393
1
1
659340396
1
465361553
1
1
651923440
1
1
1
1
1
1
178585915
993951903
1
1
1
533940940
1
456666845
160986867
746507093
797976571
1
991675906
864659294
776384546
1
821914471
414800477
680113861
1
1
365636942
672477291
1
1
1
1
425132306
1
609198582
1
283521362
225742978
703352989
1
1
1
560893538
1
1
912455234
1
681132070
1
1
1
1
1
725603856
1
1
1
259094322
806281964
1
312929640
4322399
1
883276551
632956797
1
1
1
1
1
1
388347001
1
198980047
1
73350996
7596640
1
1
253064926
1
700807466
888537299
287344638
1
1
169661611
1
153470087
1
1
1
1
978239537
227360134
1
1
174273500
1
499970685
849376173
1
1
637199336
562291080
125070035
45110663
467627568
1
1
1
580399232
1
1
702873832
1
1
1
828972059
1
1
159998605
1
1
1
1
1
919223331
916418264
288722215
334781209
1
1
103028800
1
1
1
880201959
581946511
1
414680687
880191976
387258915
1
1
1
838605117
1
44561628
1
1
744111306
641581629
739140049
77264113
393348205
673765027
327304359
462027417
1
1
1
