1
886760424
1
1
617793466
1
1
74588819
177667530
558637505
1
1
557239963
1
790030546
545061382
1
59964539
872146127
1
1
159778992
399537320
994271341
137717791
688149728
889874947
1
705868565
466519516
1
373413266
216459306
1
296129188
959622279
967398603
1
180302896
1
404199121
208762842
201974780
1
121436426
684725750
1
58776628
250209948
640613332
1
294851435
663852460
1
1
158032064
776065108
460999225
931312070
128743575
1
125948491
1
1
881310010
338923923
876099174
1
1
609438160
1
243641500
318889159
1
183766803
212556171
435514047
89692256
1
1
547127748
1
260012707
1
890423981
564067955
410418184
1
1
1
1
278490210
499521475
182528980
337506416
1
895215554
158541169
711239120
1
783561923
1
967398603
618562114
986714631
39250968
1
431670806
411825708
29777630
1
922916835
1
380880133
363570576
95861406
258535305
681621210
1
771563026
577005201
1
849825383
1
881300028
1
1
1
304694124
729217500
738451261
669492541
396692324
44920996
1
787025831
1
92187866
123043599
396023500
69878
1
531764767
1
864719189
246646215
536646182
1
676490234
1
492154431
1
760272882
628844031
1
1
492154431
1
1
587516714
1
1
1
204610146
1
160797201
40019617
203711726
1
1
629762415
1
384733357
247305057
1
1
268657503
21132833
1
699260187
105334745
1
141081875
574210117
1
542725490
1
847309807
139684333
1
954770812
1
134463515
849615752
1
489109786
652682106
775016951
818021318
695297157
753035611
1
1
1
601132767
1
1
1
268707415
1
16351243
977900134
579800286
856673339
1
1
1
881300028
150944529
944728474
1
691643583
1
871726864
589553133
1
643408416
1
139684333
381399220
1
775016951
1
1
111344176
1
666018650
312700044
853538852
1
39390723
483579512
450158291
1
1
1
11998898
1
1
400226109
507647184
855126061
1
713714766
978988220
933328523
242204028
1
509194463
69757316
810414696
823162276
1
864479610
1
901344774
102439836
411825708
1
1
614289628
182289402
184126171
1
1
861574719
1
817222723
286506112
1
177707460
1
1
25215653
1
1
862283473
1
277262370
612912051
317571477
175641094
1
600214383
378274716
1
622505179
117643098
473008105
1
242503501
955000408
1
6917834
1
1
274617022
1
736874035
927309110
1
15083473
1
762049757
1
326984921
1
1
774068619
269196555
806691245
777392773
1
771113816
1
444288615
1
1
1836770
225183962
1
1
825747729
609438160
1
988521454
1
1
229616167
1
608988950
737133578
899308356
1
755351538
862143718
680622965
1
574868959
528969683
1
1
21102886
1
879143820
1
880621221
662125497
246626250
1
952325113
1
747285723
53116583
1
575947062
935764239
1
1
80358671
1
982581900
813948481
565485462
1
81307003
693719931
708064703
1
1
229107062
1
1
1
175241797
215870342
294492067
736874035
109856792
1
1
864060348
1
171438486
708733526
11649512
637598634
1
185284135
1
1
740128311
1
1
137218669
904279613
1
1
644207011
1
206636582
107640689
1
1
476272364
982931285
396322974
207814510
326954973
822713066
1
1
821095911
967747989
1
1
447982119
1
1
455628671
1
841110710
1
165429055
18277855
469175
991795695
1
721401247
761341004
481612971
251637437
546987994
150675003
245747795
1
852320994
49972113
837836468
1
83533088
1
1
1
762269371
1
117263765
180841947
1
544532313
210150402
670071522
749342107
1
1
1
1
380880133
990298328
212596100
1
237951507
1
534849342
786277148
644556397
920381294
906615504
95242494
901823931
376527788
332585072
646792464
1
108888495
1
234836985
1
10771057
335430068
1
1
801510356
1
1
1
1
1
910418815
1
335529892
877666418
859628143
1
943211142
1
1
1
1
994900235
494240762
1
1
1
535048991
486244825
1
132207483
1
435763608
1
1
440984426
293314139
980485586
1
251018526
872146127
111513877
1
1
404638349
319098790
810414696
801540304
581307635
1
1
710710050
1
549343850
816404162
1
1
1
825308502
318549756
334781209
1
609777564
232091813
1
1
284769167
217776989
689816796
55741965
770454975
612612577
1
498672967
1
231822287
1
1
751578174
577394517
1
1
125209790
1
1
1
480125587
950867677
1
920570960
1
751967489
907144574
863401506
666018650
1
385202531
488251296
1
1
1
1
480135569
1
1
90590676
550721428
1
1
1
911057692
497325337
863700980
663023917
242243958
292325877
1
983220776
1
804754651
77793183
1
680503176
866785555
1
83782649
938649166
1
121885636
830778881
27890948
1
256239343
256518852
531325540
745089586
196704050
1
302098689
954770812
672357502
115067627
753444891
112502139
1
1
1
46298574
1
203661813
1
1
971810843
89981746
889086333
843526461
16231454
147171165
163752004
1
1
1
1
1
560643976
797796887
1
1
199509117
953163639
363570576
670570645
1
1
646762517
1
628095347
27681316
1
569588246
833394281
1
823162276
710939646
1
1
1
644037310
943211142
340231623
1
903191526
268707415
208223790
1
1
70705648
333313790
1
1
916927369
1
467697445
1
1
759963426
360016826
1
1
262837739
262069090
1
289540775
30266769
1
507677131
1
200237835
359767265
1
210759331
1
1
727889835
1
1
1
1
647151832
480185482
1
1
1
853538852
1
1
190125620
36475849
981843199
203711726
1
46937450
1
787445093
581846687
262488353
670071522
1
960470787
1
366295783
1
141341418
96939510
11210285
67201810
991795695
1
550521779
1
70575876
1
987143876
305313036
1
982791531
418114648
601562013
1
126816963
310034732
50980340
8794533
816733583
413193303
647790708
648858830
1
133195745
643098960
1
442391950
136030758
1
1
1
1
1
1
406445171
354217027
991476257
1
1
1
1
59784855
21132833
500729350
1
890014701
414530951
1
1
1
1
1
222907965
1
192172021
223666630
1
561692133
55901684
95242494
1
250928684
752227033
504502714
200966554
418683647
400276021
590491483
1
1
1
1
1
1
1
747036162
733789460
1
564067955
1
1
1
69878
125998403
229755921
25924406
708064703
26842791
1
164261109
1
623483458
92906602
1
840012641
440874619
831886932
377176647
1
689946568
631439466
689587200
55093106
1
1
1
766561822
920301434
998044705
91578937
1
368801377
355035587
89512572
413752320
1
1
1
56859999
870179585
700308344
696125700
472219492
1
647830638
1
1
1
467487813
954770812
879014048
1
903051772
1
1
594354688
201974780
1
375369825
771523096
717587954
469663986
713555046
845463055
652143054
1
721531019
953742620
1
1
405995961
1
1
1
758995129
870149638
1
1
1
866535994
1
454860022
439686708
1
793644191
281005786
131159326
567641669
1
599964822
1
720632599
1
203222586
270584115
1
1
906615504
700517975
1
1
1
1
1
514704771
1
856902936
316862723
514744701
593236655
197472698
1
1
55741965
608749372
1
407573187
1
651853563
508076429
1
212346539
837287434
58027945
21412342
469663986
628314961
586258927
879083925
21651921
803726459
1
935564591
286096832
1
600374102
1
423035992
1
1
577723937
1
188787973
1
262069090
636790056
1
324938520
592048744
193978843
762758511
1
1
1
781555452
7287184
1
666407966
1
1
700727607
1
425511638
5550239
1
1
121885636
304404634
224375384
1
181261210
1
1
1
131908009
1
407223802
959662209
1
1
1
471271160
982791531
302857355
863471383
1
528360754
1
356782515
1
1
733000846
1
1
703892041
703572603
1
174932341
1
564177761
1
1
804804563
210070542
410088763
603169186
506539133
1
1
401813317
1
972799105
1
787345269
505750520
108828600
410547956
754343311
646303324
833434211
385152619
851063206
946834769
1
550042621
585100963
868811991
585829682
1
700727607
1
1
1
955739109
1
836538751
557759050
2405769
741865256
791807421
1
37004919
1
1
1
204989478
1
660468412
32732433
898879111
844165338
465770833
680453264
978788571
333842859
250848824
830319688
396782166
1
581537231
1
1
488251296
563139587
158890554
836029646
150375530
1
208922561
372614670
1
71693910
340211658
19605520
949589924
300681182
253893469
592647690
171628152
1
983809740
742564027
1
1
369979305
1
1
1
708064703
1
1
1
304404634
1
223267332
1
1
1
1
54753703
812141659
1
973078613
423874518
313887955
222818123
8415200
851352697
345682038
892709961
1
1
329290865
28749438
764445544
1
1
929375476
1
764745017
2365840
1
402941334
1
419182769
1
1
78282323
315365356
1
1
243332044
834891648
693719931
1
909101133
430003738
1
1
1
352689713
574060381
132347237
1
807010683
1
981813251
1
879483223
563219447
1
965102641
189955918
280287050
59265768
153609842
24107602
803816301
1
1
1
1
603408765
1
821694857
1
882717535
179015160
331437091
402941334
1
1
1
1
1
1
440245725
1
56640385
800282516
1
887668827
947982750
1
322043611
1
205249022
753514768
1
210050577
1
1
664720933
158062011
914990774
1
957256440
728129414
121925566
1
1
1
881908957
1
872725109
1
185413907
418114648
557808963
275874810
63079061
1
1
1
1
706717073
1
26114073
1
1
1
815735338
986524965
905108155
864649312
1
756619308
401463932
161845357
1
1
1
177278215
285088605
553017390
1
1
1
320955525
825957361
946335647
1
396312991
1
1
26124055
1
255450730
585620050
1
968476707
596131563
879682872
788732829
1
1
788123900
333663175
325088256
1
1
988790979
1
846391423
916927369
128094716
1
1
253015014
1
416347755
903401158
549054360
1
538552829
228198660
1
881100379
744011482
1
821694857
1
1
287953567
1
1
1
1
1
60293959
1
674324043
578572445
1
1
450108379
1
198101592
207525019
1
1
168533595
1
964353958
344514092
1
1
1
1
283032222
1
8015903
1
375779105
612842174
844414899
980006429
157063767
614209768
503045277
1
23299024
1
1
1
1
1
33850467
1
919003717
385272409
905018313
184705153
719025426
1
301709374
1
1
457954580
442561652
1
1
1
1
1
293823243
243062518
1
86278260
1
121656040
1
1
990547890
761470775
1
1
1
1
708693596
1
1
497355284
349914594
643498258
426639655
334671402
262588178
395773939
1
763477247
695367034
506718817
1
933717839
1
1
441553425
1
1
201864974
1
16900277
1
77244149
499152124
18677152
1
944498878
1
1
265762595
655806611
215690658
1
1
1
606193866
647581077
1
1
1
256429010
1
980934796
710190963
804854475
1
102419871
998245
1
194787421
608240267
796549082
1
1
1
945576981
1
388846123
438289166
277831369
671558907
663642829
851073189
61601660
315495128
363909979
1
497604846
1
1
1
151114231
1
368432026
624022510
1
497065794
728947974
1
1
502057015
1
8105745
66852425
1
334322017
1
1
1
6019414
1
938579289
1
300062271
404987735
1
1
129612047
529778261
717997234
274247672
1
1
696315366
1
400226109
339582765
1
1
233768863
286166709
607990706
102429854
561702115
893688240
1
1
1
856034463
397301253
722519281
756569396
506688869
853868273
209940770
1
1
1
9363533
680642930
594793916
480964112
695706437
1
193569563
619210973
1
100603066
575517817
1
448391399
1
1
1
833394281
357810706
1
325387730
1
1
1
1
478238905
14284877
175491358
1
509963111
240706661
549823008
806491596
578572445
901434616
1
1
583284158
601512100
1
982162637
107650672
392060470
1
84651122
84601209
1
613191559
1
50660901
1
1
193539616
1
1
806102280
1
570406806
1
1
1
1
747116022
1
1
1
78801410
646303324
977440941
644436607
1
1
1
558008611
38392478
977001714
141950347
986095720
381728641
819808175
505131608
1
160837131
259423743
1
470462582
818500475
1
1
1
235635580
1
834362578
1
712586749
367294028
1
1
1
1
1
639195825
569228878
1
1
594354688
1
662694497
119839235
293184367
812141659
1
374671054
274157830
512308985
1
1
421628468
1
115217364
1
1
272850130
1
1
1
1
1
909380641
106642445
203162691
97258948
1
1
833813544
142130031
1
841589867
312151010
208193843
868931780
1
99594840
1
164730284
213803976
1
1
870698673
369300499
516281997
470881844
1
1
931471789
975404523
831327915
684885469
1
267928785
391092173
903401158
1
1
1
865547732
380959993
1
1
661686270
1
723178122
837536995
1
1
1
1
582295896
188548394
451505921
588914257
88005223
78192481
1
1
1
1
113769909
901484528
350613365
681022263
1
1
419003085
808677751
832745422
153470087
893478609
965352202
795810381
1
1
383625305
213374731
883985305
1
1
342018481
1
697064050
1
1
561921729
945706753
80198952
722798789
432159946
1
472958193
1
1
58547032
904908506
1
634573953
58676804
1
1
729536939
680603000
40878107
1
443020844
1
435983222
931721350
236823491
5689993
310134556
404428718
504063487
760392672
278120860
40129423
195566052
818460546
1
1
469544197
670620557
17589066
1
1
382836692
1
406355329
994461007
1
274157830
706477494
369589990
618681903
1
1
1
388426861
1
941174724
1
941015005
468575900
647611025
1
431810560
757966938
809306645
1
1
328921515
169162489
932220472
160567605
1
1
1
525935020
192601266
429574493
783092748
1
1
1
1
213604327
826286781
1
825707800
996237882
1
1
1
968476707
1
484877230
958065018
557379717
1
1
542236351
1
180123212
1
1
870968198
997725266
728947974
1
330199268
1
443949212
1
857921145
181361035
1
1
922996694
581547213
630650853
920111768
1
800851515
554085511
397031727
1
1
1
1
145733694
12358266
1
1
69078510
898330076
49802411
618741798
1
689906638
1
229007238
647471270
55702035
1
133814656
900765792
1
71663963
1
1
359258161
1
252196454
939737252
746357356
644925747
701995377
599395822
988122156
60723204
114927873
895215554
42674947
900156863
869211288
1
1
613321331
1
1
1
1
1
1
1
591140341
1
1
1
385012865
680313510
238869892
683757453
1
632587447
728438870
524168128
1
902432860
831827037
272660463
254911678
820546876
500889070
139105351
1
282253591
120458147
913443496
1
571774401
1
509863286
984927774
1
747974512
1
1
1
508286060
340161746
1
1
1
541747211
896523254
1
530037805
714343660
586029330
1
707765229
1
1697016
547946308
655457225
896623078
1
490267750
1
265513034
93056339
1
368551816
1
1
134673146
1
1
1
487662332
993412851
1
1
214532694
1
34469378
1
1
1
143956819
777732176
1
1
1
771073886
1
312949605
1
1
1
1
1
768408574
38941513
712247346
586758049
1
1
385312338
633994972
438928043
933049015
980315885
1
1
1
88284731
933328523
793554349
639215790
1
601182680
849366191
1
1
880052222
619859831
119519797
260292216
1
275605284
475054506
1
1
971651124
1
1
776214845
606543252
1
308826856
1
1
622065952
1
104725816
376996963
1
1
467597620
211008892
726162873
698850907
1
642949223
1
1
990358223
638946264
5051117
456517108
425102358
1
245368462
950578186
1
19395888
163173022
193469739
566194215
1
786127411
82884229
531794715
368751464
103268379
312660114
1
1
840022624
171987520
1
53585757
1
1
792775718
1
1
810714169
124720650
485615931
1
647880550
1
246167058
624042475
1
1
1
135322005
709023017
1
86587716
1
969804372
6518536
969924161
1
1
196304753
118042395
1
990428100
337037241
1
797796887
839962729
125978438
136769459
831627389
853758466
958863614
1
1
1
19046503
463085556
1
983031110
1
1
684745714
1
1
1
1
1
1
1
564986339
602190906
348067842
1
1
1
608789302
839962729
1
1
1
251028508
1
254632170
617543905
994461007
623882756
510462233
677787951
816773513
1
1
1
992544378
1
1
1
1
1
606922585
88464415
332595054
667595876
843865864
809835714
252705558
13156861
648629234
683308243
1
918724208
1
1
1
1
233978494
803556757
1
1
966310517
1
962816661
1
32383047
1
602160959
1
1
774717478
1
1
1
271692166
1
345013214
935414854
1
611664245
1
1
101541416
1
1
885682320
707385896
1
1
489808557
1
268787275
1
651584037
1
85399805
493911341
1
71963436
712556802
364049734
1
548595167
584042824
1
1
1
1
118012448
1
1
954072041
458982772
789042284
528889824
356662725
11958968
1
793274840
1
1
707835106
1
1
2295963
1
1
970772669
786896059
740038469
1
1
1
1
227400064
1
1
406954276
1
749392019
1
642809469
1
1
669542453
979886640
1
1
407363556
1
349385524
925182849
1
1
1
542895192
1
1
295909574
385931250
803307196
1
698182083
1
296658257
264105509
645065501
416517457
483519618
1
869460850
1
890853226
765363928
292086298
1
1
185274152
1
1
256448975
647481253
1
1
1
217607287
538692583
423914447
541837053
397540832
2256033
97039334
1
491904870
928217512
1
586638259
1
717548024
419871558
119459902
1
626228630
337017277
712387101
1
223267332
1
565475479
1
1
1
122254986
861724456
1
1
962467276
177437934
1
1
1
1
773539550
1
1
1
721171651
1
158331537
364419084
922946782
243861113
83463211
972799105
174662815
1
1
1
864479610
1
819329018
157752556
36755358
1
715301974
140073648
1
1
1
609667757
491904870
575517817
316313689
991166801
1
439626814
1
338864029
1
1
1
176289953
744949831
1
88254784
479227167
815226234
954611093
1
207934299
167355666
1
1
1
1
551929303
290539019
267739118
1
1
677059233
522570937
978598905
422526888
1
872725109
1
1
1
935175275
430083598
318959036
1
333832877
271532447
1
886940108
1
792955402
1
1
756249957
273688655
54504142
491435695
915220371
533691379
768348679
1
1
804105792
617853360
607581426
1
563139587
1
1
493761605
754293399
1
1
774567741
548305676
362332753
548994465
651154792
193250125
1
1
1
734188757
1
1
1
1
306910227
983819723
540359651
1
1
78402112
369390341
1
876588314
822782944
1
577763867
3304189
1
250369667
887748686
1
168833068
945507104
1
1
1
565046234
1
1
682839068
1
1
286915392
169851277
1
573122031
415229722
1
346770124
718616145
409459869
1
1
1
32592679
179065073
1
595852055
1
915669581
832006721
1
1
1
638477089
12637774
799094605
616495748
1
762309301
1
864828996
1
1
1
256878220
94034619
598697051
1
534529904
181031614
1
590491483
674443833
73750293
908212695
747455425
135591531
159080221
1
1
1
1
846391423
1
631339642
360176546
1
1
937610991
900027092
758236464
895475097
633994972
363720313
1
632926850
1
680183738
547137730
12238476
1
696435156
1
1
1
89971764
620518673
682200191
1
1
1
324928537
879483223
193020529
1
295530241
895784553
974705752
666607615
90960026
1
963275854
1
48285080
1
587067504
619530411
683717523
177897127
684815592
724316121
934606276
1
585360507
1
786386954
53406073
863720944
89013449
1
476611767
1
1
1
1
1
828063656
1
212166855
1
993362939
667246491
1
1
1
663582934
1
828892199
1
1
506808659
723637314
650036758
1
730824674
961648716
1
1
1
1
506229677
1
87106803
1
952754358
1
930603316
23019515
923236273
399537320
10082268
1
46667924
521462886
121416461
377775593
155885839
821794682
219124618
286915392
349295682
242713132
939727270
556381473
1
931192280
1
409250238
1
993003571
513756439
19675397
492833238
966050973
824849309
42674947
969175478
684326452
721311405
256518852
1
340850535
781735136
1
1
1
1
78541866
936013801
1
510941390
1
23348936
1
117643098
823930925
843476549
1
264414965
291317650
622036004
1
494110990
841659744
1
1
111254334
1
47196994
1
591659429
1
1
269116696
345412512
1
1
561951677
246226953
887678809
400785126
626488174
919742418
1
1
1
856902936
85050419
1
838914572
657862994
286116797
1
212486293
1
668414437
60573468
755551186
1
311691817
1
922996694
511390600
1
1
345362599
258136008
1
39221021
905697120
447273365
167525368
728928010
716809323
865937047
1
583573649
1
1
520125238
1
139354912
1
1
1
1
1
103637729
350503558
257876464
446694384
1
1
1
479786184
844864109
313997762
965741517
899717636
268667486
399018233
1
1
1
1
1
1
406355329
950009186
344074864
1
843865864
43862857
1
200936606
1
1
150665021
34030150
841599850
1
233459407
1
1
661436709
1
60793082
1
700248449
237791788
1
22899726
1
49912218
1
1
819159317
1
1
913683074
1
554185336
695406964
1
198091610
515842770
350503558
1
146142974
492154431
783502028
940485935
700458081
622245635
1
940376128
951825991
1
51719040
1
539371389
923306150
697772803
270584115
32872187
751208823
400825056
169761435
1
13077002
803117530
438977955
716699516
288682285
883496165
311032976
426420041
89672291
739100119
967847813
636041372
1
412005392
1
1
444258667
1
649547619
423265589
1
838225784
159030308
206227301
330378952
1
577733920
1
1
79839584
1
409300150
423555079
771333430
943430756
141870488
35337851
669492541
272520709
81147284
833723702
1
1
162873549
825428291
373992247
333154071
424084149
454460725
291786825
114129277
528630280
1
92686989
57458945
317860967
193968861
119459902
471331054
602390555
1
900196793
1
930024334
1
704431093
615068259
207974229
1
1
295310627
101731083
351272206
471710387
429245072
1
128753557
752007419
1
1
718965531
995409340
35717183
342956830
942472441
1
208702947
1
639575157
1
1
485416282
60643345
1
1
179414458
1
1
169631663
1
1
1
1
82994036
1
866506046
360705615
760452566
1
754003908
58037927
273688655
1
1
1
393677626
1
1
1
272360990
617314308
669951733
748373810
1
788972407
1
576875430
1
1
1
968796145
762199494
753614592
1
1
777752141
1
793913717
1
1
570277034
1
287035182
1
1
1
297945993
216638990
231812304
1
1
264824245
1
1
1
385152619
399597215
1
1
1
733400144
1
1
1
212336557
559196522
1
710210928
422127590
133714832
1
786446849
1
123592634
320925578
1
121266725
1
719933828
1
512568528
377246524
808578
473816683
330099443
1
1
6967746
854796640
1
633994972
328382463
939308007
1
1
1
82844299
77453780
946265770
1
1
1
570756192
889854982
361933456
1
1
1
1
664621108
954870636
480295289
443490019
191303548
561931712
604397026
1
157113679
1
1
1
1
1
747255776
1
1
1
1
1
603139239
1
1
1
314397059
891082822
1
1
914411793
654369139
1
125758824
1
179264721
1
788812688
155446611
1
1
772321692
1
113879716
967208937
472329299
1
482052199
654818349
1
721451159
961858347
134912725
513377106
1
141171717
1
611933771
934316785
134733041
810274942
901344774
141111822
1
32492854
201465676
279877770
176978742
882438026
1
55652123
1
810684222
970952353
1
1
1
840411939
146731938
1
734188757
1
1
1
205937811
1
1
1
1
582765071
248143582
489848487
1
438309131
772321692
1
27112317
505700607
1
41886334
159080221
1
1
1
986365246
1
452993305
370568269
141291506
532663187
1
556381473
1
144925116
716869218
845652722
1
577194868
933787716
1
1
1
208812754
169122559
356542936
907963134
152242247
1
168323963
1
929115932
441523478
1
391511436
1
486544298
1
879303539
756848904
1
1
1
180782053
114019470
356233480
1
897251972
304384669
976911872
531864592
806521543
1
196444507
1
430822298
1
1
614499259
1
506319519
1
1
1
1
1
83583000
1
1
655756698
514545052
325986676
1
49712569
1
812900324
127086489
249770720
197113330
46208732
573122031
1
1
197632418
1
1
1
186402169
762039775
1
473217736
514435245
1
968975829
1
339682589
653450754
1
294522014
968257093
1
333822895
203342375
127306103
1
748972756
1
1
1
156844153
1
818969650
535068956
1
68589370
1
936313274
930693158
776753896
657962818
1
1
112332438
1
1
1
1
1
143487644
1
321155174
101032311
217217972
1
126467578
20933185
1
1
633006710
1
478618238
626907437
310374135
1
936532888
423784676
1
98317087
1
182838436
120647813
1
549693236
979008185
33471134
361753772
423555079
844814196
1
1
947353856
1
1
816454074
106273094
1
1
664760862
997345934
179574177
1
1
961558874
1
82075651
1
116834520
1
1
534260378
317721213
1
1
592468006
875679912
1
666996930
456856511
66443145
13086984
485496142
1
110924913
1
874132633
630031941
1
1
1
171867731
735925702
98157368
135561584
1
1
1
387758037
1
475543645
1
1
771573008
1
168773173
532523433
349535261
836229295
655806611
554534721
741106591
1
388486755
976053382
1
1
1
592188498
1
1
572712751
1147982
479746254
409300150
449609257
398549058
1
824879257
566114356
1
80358671
531545154
1
712187452
248243406
1
273648725
1
78551849
3433961
847808930
1
1
973138508
98127420
1
1
1
1
1
807789313
1
597918421
415858616
1
1
21482219
1
535518166
1
1
1
612053561
745818304
1
1
595921932
1
1
323540978
993093413
1
733000846
661237060
289730442
1
215231465
1
1
205927828
1
803836266
816973161
1
998204424
1
1
80039233
133245657
1
1
1
1
891482120
151583406
745848251
569508386
1
960500735
1
987672946
681361666
1
161485989
1
931861104
232161690
1
1
462816030
775376319
1
1
258016218
570217140
1
1
572203646
1
542885209
1
52327969
1
1
1
296129188
1
1
960121402
282253591
1
1
952754358
1
497804494
2295963
1
1
880241889
545590452
1
612792261
1
698311855
820646701
755740853
649118373
1
923595641
1
568979317
1
1
794542611
1
842777778
621417093
1
1
402981263
1
694818000
1
1
35537499
720732423
516152226
935784204
325637291
377446173
1
680742755
851761977
1
1
1
1
1
272141376
1
228508115
1
931112421
244200517
122324864
282393346
1
1
1
1
215081729
868931780
894097520
650346214
1
554125441
1
469065040
1
459891174
683847295
1
1
42864613
866186608
966629955
1
293853191
417595561
297197309
1
392190242
1
1
1
1
1
817252670
720732423
1
1
91499078
730026078
167834824
347987982
1
1
660847745
416677176
1
1
1
207974229
1
858420267
1
27861000
59954556
956807230
380261222
1
80169004
476541890
1
983400460
868173114
1
1
536296797
500958947
1
367373887
1
1
331317301
475523680
382776798
1
1
1
1
1
816633758
246177040
552548215
1
971780896
284689308
1
192860809
504592556
219943179
481253603
920570960
1
948441943
1
933957417
403640105
1
635232795
1
694608369
1
1
287574234
1
1
1
118671289
813209780
1
1
646702622
688688780
1
1
809057084
1
354935763
1
1
122574425
846840632
146472394
1
230903902
756249957
883985305
547147713
1
1
1
226701293
264834227
1
1
855585253
483789144
114129277
47007327
119120499
440095988
596610721
1
786267165
728438870
122185109
716459938
714004256
1
1
527881597
213454591
1
1
406095786
538033742
1
1
1
21362430
626767682
1
77693358
1
725474084
1
933538155
464373291
992005326
1
1
1
1
264175386
827215149
886790371
1
22161025
1
1
1
1
258724972
936912220
1
1
1
705998337
1
368551816
850084927
1
1
457615177
966031008
1
1
1
1
919972014
1
616286117
1
566723285
726991415
652831842
844325057
1
59645101
689227832
396412816
125309614
1
1
916208633
1
1
29587963
1
575927098
174283482
1
964463765
100133892
696435156
281385119
1
699290135
841100727
415409406
331337266
565725040
1
46657942
960500735
699200293
823930925
1
654039718
378614119
1
1
828532831
287344638
1
1
511210916
591908990
754353293
767530119
1
1
1
1
124700685
165988072
254791889
153989174
690685268
1
422307274
513596720
1
115007732
1
73011592
994461007
499241966
768059188
728808220
419342488
1
1
706178021
468256462
1
856094358
626528104
1
1
499810966
81696318
783192573
383824954
151573423
731413638
1
996138058
1
630760660
1
772950585
174523061
1
1
1
1
706657178
1
453781918
27970807
866935291
812301378
1
1
1
1
655676839
450717308
1
510222654
101361732
1
608320127
720243284
739150032
138097124
1
1
1
774877197
1
1
1
209511525
460759647
993223184
908482221
1
472389193
1
1
1
1
754772556
1
576925342
338045468
421688363
187240694
419182769
776524300
1
427797618
151134196
859129020
1
861424982
372584723
671648749
1
543414279
861145474
1
1
63937551
1
440874619
163622232
967438533
819408878
1
714004256
1
1
1
139005527
1
102210240
568060932
1
1
1
614958452
1
141341418
822453523
274467285
389674666
1
377336366
966999305
1
113759927
1
1
1
946814804
337057206
676580076
1
1
450976852
140732489
727430643
1
70016859
1
786426884
105534393
336927435
372884196
1
1
1
108239636
1
1
831976774
666457878
1
1
1
1
1
142399557
1
1
1
710001297
1
551200585
592048744
1
131388922
1
409479834
515942594
564786691
118831008
1
1
234447669
641322085
1
1
798805114
1
831597441
619061236
1
1
538203443
1
682659384
1
1
96899580
1
401154476
1
1
912944374
1
429115301
310773432
1
49353201
677758004
1
187210746
1
1
802848004
1
748813037
526563914
1
1
236534000
27272036
1
39440635
1
902762281
118900885
854267570
751069069
1
499850895
1
287434480
1
801540304
471760299
1
1
789731073
1
478338730
595812125
911906199
450168274
911726515
1
1
211697680
223816367
146093062
1
176439690
461548260
207994194
899218514
217168059
391092173
585899559
1
1
360176546
900476302
623733020
