827265461
380016493
620495883
209317609
560537620
581648681
901314729
843242172
368155949
399021142
223572790
725691201
120488904
9853205
718248069
296489681
428161558
32319558
244337923
374323234
720861212
823855073
574665486
31777496
133686012
583261495
693735541
452713562
139475748
463058208
885269754
748634795
415216473
363992361
416092157
460284375
941794892
12099747
631145910
415690771
929948958
897793225
230614620
624766351
630330583
995554129
628194061
515895983
576049543
88510062
139286857
491770046
107875413
520267125
235767979
645973299
210336702
824980479
678713900
504198825
273657770
880932704
384319369
921881662
26623825
28894624
104094346
943748055
394551961
207501705
397283316
12747605
524588193
622693736
525310638
621466306
946505345
80540841
293048023
995082584
578425505
564780084
247009956
639627888
777578772
332857204
456609170
618099777
716524386
251360458
73342428
32507407
353120919
248210232
741658802
435054936
300451008
118391168
29684583
684362737
884722666
80545537
491222129
616543225
48093854
911613495
954036537
966519005
932793478
210814551
58162814
940144664
35406597
248357678
83693700
555997799
722360631
633293555
558929803
745569278
9532462
565637908
255471771
319232436
231733684
838262164
338964169
337091451
90278207
625218018
852653814
544246801
18308380
650715971
32957450
961553091
54531891
923106582
502734951
335764279
48718119
437558220
1747878
915891658
584969563
51455153
562505847
499438934
255786449
667598108
293356154
642914341
593563006
12488096
678306565
534216363
144325529
582403825
26784338
224091489
928718908
938975391
568817270
30420577
884604625
668172848
407131122
302810857
338394223
512113741
563046330
70053882
921817666
924897395
315014157
298545635
513658541
961445966
669820970
525753666
59777808
703527776
52214795
847119812
726888761
448782542
52056971
687405586
254195069
497346334
424716144
465462670
228522491
460183482
869244218
530881712
652981068
874780333
924456867
702427791
158409823
23178180
811284210
577868514
602270115
863757692
843501028
637703319
291999465
767751066
619357820
296835648
800938063
874136211
666559985
667879311
136465901
654664430
79582692
27125050
675327526
391055067
16876104
385375301
581251459
954285203
299123466
536387901
741675747
703155101
978458249
369031923
46114730
105568696
499628528
444453880
239087974
146541209
748867603
786956565
25345208
689971183
621917492
633597097
407966768
430414379
403805694
761941134
512899734
186006799
476103619
350948854
28616852
664809027
521302321
340754083
324044203
455771957
773735777
407991562
606907512
437143590
823984408
850086806
395217249
857057814
164769649
248290709
190008425
705986200
840767138
641302365
566684813
350667945
792602096
349864220
734219371
445863615
654768491
773591961
890928603
537015932
956684905
197148181
453804618
746039809
164992175
436300429
108652591
409068482
559412516
234447907
722961172
583422023
756542074
187379906
701861991
3421685
962364326
154587753
825511462
826360992
787011795
715182941
497315761
876201857
902513595
577028743
216364075
847347806
937877926
917051992
927307884
656764531
845566606
147727710
950899451
413627223
718489330
451438627
674434914
404971820
513914271
852577145
688577723
903285017
676474473
921103178
989182980
762058818
964520771
269408376
246191702
420348085
570092886
577485314
274296690
103445237
978266721
866263225
136713216
567433735
184405418
353602279
866405942
382360532
966413173
822936848
894180503
638614569
613037382
516872663
134203443
514053547
339036343
826793670
51910614
185384700
60681773
294899338
609191751
553794424
673919039
574423841
973768969
267160373
298243365
493592079
135168481
561501750
539390549
464972109
603946921
985660148
20481659
930978752
151986803
894893202
546867937
527719135
851698475
844158597
203493136
597535738
237505683
829653755
905887420
409731528
632333909
287174035
218259048
388146761
96513546
529589102
760518991
473415074
11425517
301262542
525691847
871789282
607028055
543520788
808798652
187496463
154440461
755287257
953557484
29979138
978099471
142445200
92015341
394251957
332975926
778206084
714909049
491362182
537802782
409662181
983985085
761565245
743589957
99077777
648362350
240881250
106510321
350318678
972860309
678234371
492306109
482304574
803871401
825016907
367029457
643476810
311548177
84010450
107352109
766974829
340942696
845707219
274474282
129493065
44711770
240300098
782661539
378482516
325329196
781385339
304289631
956890351
132303885
250595511
996212649
562816143
507852413
482308600
902098972
913995046
218418293
367339707
57523289
532759147
708466105
879635315
281678273
714794027
879475563
624321725
978371661
813772534
625263307
529474873
595451121
694996106
730134987
111769414
138674210
394830620
788298829
127101509
635503430
271582517
312991858
659274007
469468888
226530954
772936486
36356180
314589244
120433035
206091630
703399344
518770575
725937241
6640862
898777058
329767495
413835571
772205643
708673089
961439543
925040639
693440602
802113935
812024175
947203872
91703858
445760707
678183163
749956979
340829844
662129
65747996
600908206
340407075
908249514
264114462
442474369
376836633
551883380
994516437
573117094
876387421
950832661
432914761
431777504
334047379
505607512
177625114
717812726
763469560
595028319
204573750
152137853
230603710
364653440
676270061
682810388
650857581
157901740
499978962
950161935
564825880
203542376
712996455
808546714
146508901
235442261
307792290
811034531
147946542
156083436
1668725
893992032
311524603
540047766
706222813
523722009
77433397
199550217
669306115
830431795
463048045
39357380
565029827
222281626
679063577
338418980
610787486
170706966
470810650
386815362
834006523
963952455
141960117
570604515
631113819
445704656
585259721
203656132
416070439
218630726
358123619
281599120
548594285
813646947
370146658
144827814
170657072
618393508
359858147
544209757
410934851
702520306
457659765
317550263
107349575
414895461
81477986
806491751
551421295
354387440
473517762
653193354
927814300
153307267
806835366
604167669
589772821
630285424
839959204
116356005
610451632
592209385
358152095
864909667
755437999
31701935
53908264
447366256
26051239
487008047
307429142
46844598
812794886
799683307
415643426
893969254
448600260
199675597
285489731
331999057
251525962
60675856
211237352
201439618
947712693
700274018
273557612
574292514
67677778
123276279
5769371
822083670
650745450
777585836
938850983
725888010
516534756
552320366
359589286
943992160
775664740
124114557
63557997
908191702
91765848
435573439
102662163
649329664
2705362
20341871
628826057
283295669
55741220
281956698
548653670
582485945
482645527
244858774
793562861
281215354
730222237
635404692
127814942
409412736
324312898
166797582
303102782
824657480
563734283
888789130
148163745
504867973
24805180
562505110
401946440
334360295
666084236
613256510
556170657
615530415
872205789
829456420
969538475
411416427
202961656
299010683
328492192
407199684
791840772
415586488
950915568
255323819
493886817
868023673
898149665
41185421
966979722
327840449
697963069
888347082
596659847
970355060
886429633
136213001
865764567
734345389
794872202
188386712
907759875
276306295
967870076
671901200
245137186
918453867
112709465
773540140
424478053
652404930
723221554
532424460
756580695
295540054
721006977
51932767
671691043
771384600
586999261
152688014
978627910
339547507
321989893
440359892
887682516
878116226
147281800
843106959
260736269
198246741
877597138
304952199
43025877
565292840
670193748
700854
347953518
472481388
798233944
443689743
377271466
173146450
27978475
825052046
100041219
925252744
607333582
158556395
357868921
564261779
265008268
435967726
703922447
966226163
911325927
505882894
310165478
278152668
214344708
926999621
308737225
357999743
590548628
188645727
135501500
993808644
257060114
69190148
86036516
730644925
61429821
255883709
271531958
674035169
47990387
948631079
281495516
139724270
102670287
436588689
994236289
615080905
633537743
521675965
633251935
141952099
828326257
701564998
308246974
584252
473369490
91528060
727617769
596831999
892982563
509188067
791657069
743717434
264953927
708677469
888419914
794923880
926085963
144585344
974929371
502582449
770307661
467740308
330396845
637631761
741186702
630037361
736927484
122114756
945506758
927224154
202474974
22651436
943461661
229681042
54453851
541954594
418896496
949652528
384404042
865299383
248474579
379327647
624906346
795558155
34939505
703389914
887613010
892931910
539454304
309739302
703815761
985531952
435622558
820981874
17319654
180714824
633836128
469611782
886837682
709866606
997164777
92981220
309248527
601500992
35148505
461602861
398255587
313822034
812929335
392314502
169440265
833257196
735048324
690887740
821511563
813200314
343676632
189636966
284050758
923794546
969869934
953920160
638790108
685034643
54059201
703362665
665107666
306577202
306254070
187624789
806151583
175020015
985081749
619471026
740521439
837718869
938622729
91609339
247682583
835693859
132985610
931556981
913384281
859539195
798180979
322391509
856429318
991831302
560483666
435149181
375923153
443185294
676430842
702371964
41573071
484657956
969282154
271286876
974751192
272278657
5753013
274752026
829486116
165300432
179647050
954233961
490743754
470221353
346668021
162844553
312505259
927360933
477745608
198467576
902262520
80003670
69736300
928243230
655048840
918942208
742991095
632659329
953946339
112982149
166250449
394617848
503805965
477789986
178741064
229911585
535742856
710156972
895423365
745714278
202039540
909655910
51061752
406459048
148808560
183819531
967583938
23046168
197003236
781005169
947612952
175969229
920759968
537300838
525908296
7554638
962078500
843594561
242132708
517718370
269670182
49771938
312625477
703451668
737523011
690050614
538208256
714009442
197152318
640658221
672353325
268388077
604405497
621018510
844806301
726120903
897529025
649474383
707904000
173355625
524479929
808779055
620914087
560294385
37275597
53653869
765023373
596908204
837955221
920453631
859907794
930961358
349513986
106069018
278389679
562313973
468516312
472803365
925941832
936879021
941751673
504867181
810373106
595389093
702524915
828151691
125366637
378822953
222873794
465981261
865313561
156333895
512192413
768157442
782350922
639301821
322049569
307461421
415240721
170932790
357368503
568353193
920950323
855767423
155669489
345505342
528681340
389084778
441805528
769366767
429162339
863579532
105325156
484759258
410530317
678791797
445431308
881168174
111543212
384021488
626329395
236663641
804022515
392127953
55004543
355780554
731163936
559586321
818347558
267238998
387140195
595483851
874932754
735188346
92869320
451618897
329008060
409719217
67817544
849560602
321442457
900974417
882524224
73568894
508233637
769366029
902040574
767898752
221639945
394761655
70665297
407803935
16978930
685275000
820750925
726814727
257113926
676150731
931227198
845607671
728030137
959348383
201461587
137564285
989712413
604662210
557635225
35149250
264093783
765389224
790222887
619900652
934966189
833929246
468877522
519353530
42369095
67330553
272713593
141541599
701425880
342455032
308022000
520069878
544235898
571535069
318596856
229196251
519281938
193347620
538032591
111888409
633512395
6832287
643695550
954798632
67578177
289450572
764491420
595473324
792952598
439668456
500994854
146399432
882525299
795095760
802816343
733323738
62350673
195919622
660901479
842989066
817295868
255280375
365047034
2233990
438056680
784218790
649846524
442774165
39716969
905607051
532653388
313605172
451628258
702954578
346888918
559160361
756368626
401992437
253743180
782680924
358869122
766506326
189180231
454112770
335264745
32674902
53964897
84406057
805564298
668028872
86350145
278690386
623426733
270411323
606841900
441058174
365286226
571467063
161522628
554822244
112556713
553190399
588986231
795319647
959384675
371219027
299482639
432391724
246986358
470766400
602846551
745248766
895351796
57197780
494144940
920958705
774927048
8763968
227037987
517703436
300167224
136330036
242961060
953082202
633926393
851842571
952980395
46703425
164520498
114631564
932561986
676623914
819651246
577071155
342662793
481313811
132785060
486858255
558528742
936017650
239566439
134429882
244778462
361340730
823610981
124712151
44724569
797829963
55643725
439088602
475039131
80302085
895754906
56137456
603375257
684453578
618401567
616753632
815991461
335995942
570644932
483015055
474616589
248713961
516011772
263779666
933091008
767759144
937883455
390853008
645935095
587396785
741390220
705407598
952564282
741883919
121078527
824481780
878389933
948751884
526005775
214553046
233351017
421453576
746415383
802114781
26217782
552582571
592062468
878822270
69613623
72231248
628915669
703039567
113025654
680487043
840431277
534774673
657898345
218669864
551006408
279063105
980434523
245264119
115150196
408182931
5942926
688397676
644833155
126698407
789162326
996738558
83714800
594099860
611226288
230002240
335108447
861749295
458354612
684961452
181898735
473071361
132434373
255137403
732844160
597671508
70127095
548705844
536255805
868248525
746952474
588119062
626417305
376425327
833281195
844714895
646263611
749225205
28329993
160426881
211010970
844629799
422491410
108546214
94831124
134155878
824251310
7394225
1691869
31893924
689084726
892049872
500642718
51479268
838791341
532430087
499161573
230167725
210477554
560780431
127210190
397026959
317183770
416344454
576670594
82569466
551752301
218622743
433997207
982980302
924066100
766738452
550482140
976963533
477063502
375608927
738708682
218562794
594984059
869191095
410574649
84135927
368960660
474562074
502764098
374424900
390760656
982958449
143194865
368010584
136411667
624990443
310317810
353122566
643982528
562062054
972786582
917316850
89035612
562293947
964819644
240514291
183679572
814101253
491202813
168250524
969458774
836233944
245952990
993242277
917359305
809831332
450370989
681797548
791318944
189536190
121231321
494389373
876616529
920763254
190037244
901886173
889460944
561727814
930508563
721810671
630687315
383591177
699140293
650785528
843480647
523503298
110648906
619359034
43880476
109322881
751595231
13206543
625474739
186772233
724964650
698360878
270946354
46317510
336358244
803338766
967128072
800940829
208140471
429610683
211215903
813867792
371120965
645270836
653860228
388011450
715004409
220137218
229745288
598614161
141472122
771851701
610691186
38906390
231456597
608062109
800321490
103876766
904691671
442358171
336093861
880109411
741941611
326845657
832448800
260685611
909902420
714462104
677724925
317223073
809673546
196672174
614139189
502337098
594659610
194694280
242277122
982032047
649152011
220216377
559857952
832042682
567774645
167075621
662535644
98238665
771458616
192023900
321387482
825678299
582509537
104769848
362347884
771530572
435319807
942326984
663800521
42838113
113866141
475954596
570432505
966383882
216710919
241636705
833501913
802835003
785560635
454947846
227741349
296518134
60448649
310084570
816022455
326305596
996868
110136424
306439293
426304204
773538060
783916995
818785071
270516783
771506210
449979876
103148668
622507572
58993766
137326501
764141949
283437881
453418610
148336993
42924185
651975558
898520054
368228639
994103136
713122746
196017221
329891672
137407369
32381
271733452
358888329
498907173
32013171
668604437
381545779
605827133
683423377
829938162
469561728
621547449
698519760
80281494
546390782
974936109
620744594
233759301
70477922
408925601
890585092
772750082
548616032
3642304
398055056
711229662
595760419
85630291
357180466
86350589
568492336
26032804
847781719
664665251
784860661
67463072
805443984
53221802
69988407
85567752
454226347
85707360
378218544
143205822
953384845
106764826
76044281
465843759
114509839
151479154
303982568
365675340
844885800
693151941
926523512
166736227
427923161
466375481
117140419
870308118
715717025
705148667
566437665
657087520
368906701
825735341
19437192
220424220
55412039
143505970
765233664
466273510
544479620
433067405
601452113
457713985
375727846
166708787
968041476
844140937
186387825
309194703
97097299
157829358
100228740
526320756
86877922
652556259
198460222
278884522
596401911
337611394
718909446
101237019
93011487
485633535
479646492
150214541
631910997
212899015
850087955
207503321
878124919
728970838
249332421
302494163
81931655
925576864
503296058
16824500
480545954
165630318
36036948
880963785
139182577
235740986
120634441
726724447
722619312
968065872
262636327
182974215
516192992
510737684
729466250
774530117
377094425
749822774
792207827
284584384
556878918
499011658
382951394
722908179
752306865
670124487
472795380
322043423
132546229
938213398
29994321
661550634
808405064
481679950
102726065
248559684
485514332
330326110
889914956
277157340
945887366
128991438
950856811
336456168
278909435
378554531
538199568
284484700
932273234
60508919
243231143
859068508
351579931
541069037
643055416
192207989
463188491
733907245
43482486
267086582
765009031
921984818
743901872
37255341
727011384
310435377
232022874
592781355
930537171
331524428
928360549
626718109
398577143
53076308
196485224
392958941
881983802
299605199
830741906
558452329
62129159
709331357
890904429
198849625
906887625
846234597
81391245
808124239
735914838
157289697
471939146
268269433
173137798
710993748
669337553
910682596
281126973
851924812
310473633
286689638
166221708
351562024
184624381
632409484
748801243
674550082
80904700
578925174
65028198
993061949
523219082
650831816
137355623
518668143
696091070
934248619
454561622
933694918
179019107
317501940
893045526
884123820
843915228
906761671
825226935
89699139
452591384
251271333
801550447
906574222
486054633
304448625
522693881
295083804
808098978
972014493
980984093
232255793
628815443
429546182
695084537
65782223
489955602
728419177
405305529
689688166
356800824
289702798
272048437
772451081
241716533
388771818
89082111
841777563
273942381
298565787
154622828
330656065
131588757
134175442
445231232
922674891
780004852
327052591
311730488
638293022
331209713
370653239
97254813
132655775
42210866
803303671
342303336
495380127
922478066
554634845
824266695
473870681
709879561
950619887
371083585
374089158
92511404
471988907
720849788
337971178
844268291
361551475
647756395
485814942
316800399
555281544
882035212
482520917
290949891
957369068
129624783
306184083
784477881
920489092
345509058
767373623
909604242
752688909
581702292
216128429
687796240
229206875
267419601
199853460
747182036
673693290
845236539
384978592
118123919
382331433
422553173
326647460
987517731
19060506
644502410
953041536
591445336
95955451
808898948
679532686
809799205
605306528
42849950
512151414
356788048
302449769
99150415
765928748
736209178
119394473
240650886
991063563
996932408
833919585
396786842
110192301
231815556
256597553
841654280
65275421
43373837
35378041
284304840
175210990
603181870
479812317
404185443
298458578
338586919
836873450
380607390
428275749
738151808
779597770
483303133
400237520
90996839
592392406
333843666
66724557
450222402
299828133
768415439
547418268
735083762
415306462
823389097
399548440
788123537
505859683
527207149
284293875
943407913
28314692
217461459
533349497
402505951
216233366
396582467
133194189
653239700
342316968
599481441
848961442
223192824
8811242
33567452
162284086
18928863
537480083
244937004
468005161
292989868
880008895
907232102
147170305
770909922
984420075
246710963
13262670
689642023
430314662
447175707
481121280
616500130
869146352
681970026
692686816
365590182
185218346
38799117
979884082
739647203
236516986
873706034
924438310
486050507
535049322
696345833
821121469
692286427
399302183
47934784
64578816
513876155
192631603
30810522
142993302
114166729
229991577
67583249
251907027
715905441
721081826
129773829
542153851
234202518
556982819
236036768
405432644
36024951
271219684
720318404
49808526
870432269
532988184
413481901
540501788
556012351
303834192
809933387
962983590
542887166
898001027
24770714
613196695
284291216
326457002
325875570
251350130
822152991
116678717
673914943
593892216
334057469
963949443
481693190
521361336
480650177
396866036
459993104
233461477
969182745
198130282
862633830
645084042
762266164
161197208
227980074
300992576
643709936
707859702
763869548
127412467
729409036
176471880
546249455
395612292
560067173
72091602
583016586
807667090
181450889
222218387
556878648
907232556
896849876
308635345
94792309
828329227
124321093
831970127
461289309
288174119
577307104
532905214
234385790
548170981
320819459
844117285
19812048
884621278
452639796
526698521
694161037
341159745
698545622
93461832
463057123
40410400
345883742
88384934
77722845
855222776
29015589
282650672
631753669
199039410
64144789
175801858
149636044
617512626
704454852
316135232
400595186
536870389
246938331
808594044
422513861
519619402
800327541
812502302
397970950
72466580
710487542
547768264
63950145
649002397
448687027
599895406
81171926
225596111
583128381
631608627
242459638
573423619
819464510
922249867
380046923
17509045
348174303
763111761
107566392
905760139
663991923
16370321
301783580
453978207
115948831
948484165
480309862
468012399
7532728
507449647
682403704
278044987
755022240
370154365
134910887
660942057
133116058
491742487
637166716
669207957
465153806
150607968
892006993
517114633
55861492
828951286
504191494
73306892
985865224
75204060
525401586
851075769
571257686
122057538
363766700
592500596
299510242
485796443
215431876
988049851
93376805
382775093
641344501
260649737
994671526
980432802
6098780
258805892
235017176
569126684
104486544
80670989
425796784
311685125
821072206
73150560
888160706
310590901
879478837
132720720
51776047
874268662
793269553
135640789
67399451
594426358
888660631
217339338
510703613
437632290
615572263
497558974
535328661
972513600
132727394
340126760
975070666
574780156
174778605
942293583
172536113
12290245
650416312
258186566
648849066
416939422
16434368
256799334
716011664
574850044
398429877
926425407
946968792
240044893
808765350
875271074
819660494
358318558
84231431
709871310
581899170
904716973
924633123
868210711
790883663
694147814
411112775
410509244
446449874
485959066
504441300
134984616
925761152
41075894
491883457
349869799
34200039
458848536
108836376
587934314
529844188
171998735
350046143
802227972
445826078
387576615
361346046
287633728
868472255
614692471
803568332
420846778
384691744
373311197
857301250
357158958
795154458
567089785
43828064
935583268
27894099
454914353
176558867
175990865
692883995
978779464
817005531
156491252
332498710
104931844
189565272
715659588
494493484
734101007
98470965
226737204
197052368
785677952
237741234
180191377
104783958
329148335
801117391
4180757
316143575
467170088
629877785
173568135
675079126
873720628
992470892
562476488
206853934
304606606
247739493
320027628
905803373
66316002
779993939
774228884
968263582
290468912
228044212
5148287
112972548
20182734
220807934
324365562
748540619
219465671
398710133
306740055
433466902
368788816
750208489
471917980
257914339
884506880
46701014
29043364
385854631
537771475
916514074
636254831
171294057
577581045
701664400
814528861
646665126
918831758
560645967
326882892
715202592
181837317
548509276
731444649
360368076
976296536
664312554
157660942
448978213
584418582
912140199
597417802
479576768
531858080
176210438
260314066
709692577
973951210
282668127
574013596
891350594
635531125
968048260
187655201
134613406
781526898
750938566
785621714
300765860
469979369
746242164
585154871
548361432
740225878
59044264
475620683
833347269
354090358
183509746
655892455
709114038
986003785
246969573
226111158
118325435
981841186
168169886
947129994
983903231
186096536
869591356
870700930
755633330
70376070
586347116
656391599
778331014
673138434
811861616
854984630
741616107
492557506
869865642
771993151
328580455
29379123
761157713
251234456
454516502
146156616
698252148
560146302
197479376
568425162
60121648
429396517
126310330
108330626
119847319
14475746
742885646
129667448
582001842
169635621
520675692
657280287
902808769
792654561
769198859
983903381
490813653
718276764
738649951
370981268
126161391
266211392
471171649
7689736
284753207
527775055
764016190
378056683
910004279
329620457
869718405
954688821
462037035
685610951
946134372
825578464
80967647
775854539
44001385
759629983
128192331
380762377
597878936
362661623
501546501
203952791
390262061
546946641
658362865
565629036
889164698
399806015
630010252
179907798
160587433
104626590
871208378
250904431
867486488
126543771
951502192
393740514
726356308
305011538
266475996
498976380
564288052
790421606
906006630
81649477
857269966
910869401
217459430
654332346
31447398
875891802
631473673
175020729
875652350
884238717
277835696
865137542
193562011
611285162
306176022
850270851
587255401
47344288
617452330
20574504
760647823
644502797
437804672
386899844
725954837
781520482
569266070
534787643
308719892
765743196
991315468
581756222
441536243
586189225
779522040
701856833
619055129
913005944
311255285
528372781
10773338
66607454
7239995
386956281
200057997
257015990
742257908
190774006
140968615
309254139
328994796
115228692
451864622
326620498
702904856
551849501
446608385
552559079
640847728
685175367
851761670
305268710
648862110
953786291
980863021
603872584
726541321
326118687
659968744
117023151
829173009
18240363
645002798
804366316
506979845
278811393
306168624
820656704
490497578
82432190
66337438
193354353
555699992
174079387
431963973
958065794
392350790
412180888
914726581
681230606
124518149
234686517
807517653
599588848
459354033
470282002
29058852
446028314
907267330
262944829
661814208
436031166
776898084
381787819
210129440
860628686
423446492
440913388
605300588
836899074
946209017
512813342
503198378
573515780
879858291
952879724
817987817
909616811
844100492
161490399
304836763
723576048
969654355
944412040
222954099
672554359
658613986
58060218
517691106
125889529
52728684
575209027
304822682
979823261
654813788
901017488
108460436
990626301
304919220
439711678
233033833
758304674
601652141
655176602
555416336
440045322
303749526
319163502
200413681
584334650
900483730
12277809
988605930
439434405
947747780
619144277
516371690
687430960
740068357
369251131
120140213
802951069
290700858
521078433
74752720
889247035
196062058
792103003
866705588
282726819
771482054
833098270
893800213
260047359
848254759
162238485
692654820
892639711
303037161
331677909
610878912
318244124
243959
407669459
914069378
397799207
225693016
868334072
870528922
874983699
426601407
317805460
98355827
419684208
549903089
580832997
311301915
988590154
702791402
960870145
779806391
473226064
337659152
186859902
618235436
155872081
591414831
16001113
756794576
841243032
185475254
816929809
211706891
992834633
744576601
830210419
493284721
621130744
901222195
176827079
514839639
414818070
773963437
528412781
333539514
894476160
58431252
521547135
702448065
614382414
773450228
246635447
236283244
687332127
960964327
524452100
602335345
767737329
137654523
225237883
928226725
490071376
611838961
535538953
748127891
423868805
734006159
416679422
905086781
207172627
474595131
344071575
431800901
857844471
944967595
645928864
328788093
380877600
941583387
338104086
173356777
866878987
637850247
441679651
669722033
221178140
446889211
431740309
983197292
381742415
598766005
50246449
693163162
759924035
162292706
545755890
360547683
309954596
917825815
14936473
392853785
385095331
27236779
456861688
100066760
72810202
374906270
683229299
721111200
241918310
214629326
61728628
538262037
868831085
776506316
151221203
308034984
696287957
358100827
558025551
238453304
612402729
34096044
994411058
389149332
69530385
327360803
403149777
712832899
806411750
796277696
219380606
940902196
911639508
936321604
75359913
29056384
931168828
308737601
847996569
409554257
508300267
87435454
453467560
114538169
167256178
75845951
260623707
873331615
44937137
10069850
644834372
540070552
616741716
163946865
248017547
415558257
608800374
388062412
50737072
632021577
134150796
587783889
595132316
590531010
496517348
988681569
722621540
87603190
627363811
756380727
236195729
81442212
456847186
574172245
439330858
657530095
238174907
459479622
158678565
474044530
508496962
806938167
884095049
323830475
527512142
579454607
700366412
537600099
296269260
358726256
315305808
915877985
532611854
798825070
578479932
666131022
808196033
187758257
195864948
67893230
956909747
433816933
480314141
628566796
36409097
898394571
171812502
515680121
963381369
251276393
447099079
899533495
288870907
136564025
892206459
957851839
721027688
602078399
390221928
883381194
418949332
327511581
910750139
603045174
197610172
334713340
892349941
972703247
743842411
245594231
2021662
844392787
563037737
445513141
527875388
80071655
96653065
822119273
897053922
352604281
742373376
158324623
547591403
627458450
100540083
139179506
377394703
534074665
33755128
472066227
237647272
933573283
205045807
21410264
722111105
409513501
675998598
293120626
942347791
441128488
501540332
500799299
542476871
983127720
118966007
20853538
724550638
416447836
922292612
827588917
814259128
208302555
430232859
452275413
606524670
408672551
85563621
450643437
927562157
249144336
545671436
333904595
387113442
415923339
213288316
229142702
615859489
494656507
782116624
766645937
322933047
463518626
584498979
541780227
74392743
157530083
908406329
990505195
886655262
233184507
720640381
995402034
792635341
596422813
199963463
958432009
235187361
213644463
248543546
690572147
372533836
97725858
835029676
892027331
974565545
735133523
489125391
616559504
234839037
382948596
620267604
894779574
876072830
924125393
689823865
481204398
254043537
114156354
271721149
524685134
625927121
751794722
375585600
663770494
615279514
898455034
696962868
742863917
460560325
987155612
853163466
236022750
814858994
954365338
319460042
880314604
706824113
236795501
484503940
709714875
724322603
125203325
909932359
575215443
428011671
546504604
985416272
352791314
27676501
842600560
740763333
356989010
971889190
54901024
906073319
891990224
134384563
264293008
518949240
678449863
567217078
708151393
105613158
374717831
388772218
337039938
517353625
605104778
13394077
254401269
374287449
879920964
94201260
981868228
969577981
668856054
7539741
451556912
488653547
118978291
639626135
412729495
231033039
368195239
345792502
784932540
447044184
336348424
576593377
378391264
935832318
987438315
61801010
836791574
867266123
563633477
750266809
802389883
308106696
425560413
317880893
943595037
210759080
232388565
338452080
125696626
998129679
520714189
317678161
512373395
431400300
79913144
979902471
952912545
671070174
244245599
596027044
680481617
16992925
81574312
228351055
867608117
10615724
891773851
642770723
264731023
463551449
154160757
732854235
118494086
498957026
404122395
441503109
233306808
773101393
651097824
655816809
66647796
979934429
5415821
518507897
215114297
183283674
725000423
376984272
606733258
35913791
683761433
330715851
673093056
871459258
580387435
118519824
370966919
660541696
6985386
194401195
616710832
64384578
307876533
592511734
769874396
618700368
486014767
741155805
833218169
899166546
940969780
905025733
295459661
287136134
372235187
493670714
419583824
264682279
888413434
146351893
912265059
801696351
810147683
174024932
958407744
295220190
466120825
297291410
506234530
5731288
990165549
632023503
993463399
842953406
307912895
523494486
19663722
516505640
37470081
551354888
176458051
749263968
656671507
361855618
276781468
734702843
892914271
220511666
946541470
250160007
992931799
690318533
561979818
593992453
777013093
84355113
757210225
521271272
887790382
338050772
827788727
656617126
955902585
809837736
362568657
381135435
851671498
121887226
128892977
463612070
923300459
338447809
148406739
165302320
805829593
931462345
338609731
864048845
456978446
184079399
606682723
529030252
616071562
315041110
285157902
304001192
113174723
383142154
915712656
36188142
282721467
403216653
412391597
685634792
607429886
758583914
692698829
339611291
530302487
648479872
204858795
493282597
122596147
435940016
443009274
264004123
145103754
732430783
704031217
132911400
70986639
545028571
412175620
424183006
26633831
930842022
258915318
953695924
409228715
248874544
330771134
970990397
429458776
683927281
27418922
122751561
262368453
227490883
671089125
556298607
353459038
211205755
794187469
551702487
674764070
810728669
58124952
291178679
204132640
568397589
965926724
825891626
571738223
852063183
105066134
347264448
559524294
513882956
811062697
231712369
139569465
161280875
181323726
124376423
186459039
882930400
124009993
685612766
270866945
845044190
88534766
623867655
780281784
403716941
788045664
979384548
198816245
763044081
133671076
442811451
250524543
664097819
264708908
754089693
67002737
935861805
690427088
93321437
890983851
919211537
267913727
145568203
571243743
910598416
496138495
211891913
288779788
966063014
207084599
143075929
266563938
763629703
109556332
280862834
738320922
356342961
170964850
564088996
467223124
19385957
556490691
795633079
648122217
497211326
255443347
471460647
631393234
844323943
623207566
195364934
245073289
56166003
639291015
634321310
369767022
336296970
501433860
10703422
46568916
762561238
61964952
32958455
428850164
8355730
773428221
158690867
816926149
947504835
469618402
760482447
28652855
619582419
360797650
225117984
725350058
939294402
968427603
615098060
452757545
998147634
784095206
638623013
665294625
227960002
42156397
691605154
110065182
727979119
258892545
124690488
396732566
647116402
918960099
22707391
894263287
716620437
94052162
154477807
144302449
974081592
423198378
843617427
203912690
134527775
980724683
866077036
568547724
915660474
467819443
258634540
41803093
823013267
780230306
42057004
770830034
463664037
81119310
934202892
569986722
965054280
621173640
404041161
277138062
374343799
599539807
534196382
93835023
683403343
435764008
446965542
127109081
400804471
136017884
834646274
692243254
889314217
805428970
892827813
301861254
584796433
763174239
17541765
656551793
360356442
637528944
550813724
408766091
262961118
970921832
37303693
144725931
790730328
654567100
779727565
499574998
260856269
41253663
180883949
431140741
739304186
553009687
100080901
545867593
54155511
880005961
130697492
504436149
333064336
164384020
222603141
214122509
965817246
501638425
762904893
119315011
616993498
647623080
22405669
789501509
731682690
478239456
78488883
127091629
108848668
629936718
555832536
473032914
437780296
519411540
651916676
708076797
255842208
858612499
688458547
763308177
215225792
212057754
680481215
706656468
875656737
578896213
627448439
633509230
316768393
933780741
302250343
589845395
941650817
975553508
202021277
309668699
513821389
664531900
254048299
873488678
232987805
133490542
611418942
562778242
656237013
738524657
164478559
304788925
710425521
555016202
534349397
548676085
207136791
653005749
777328914
983177607
37804528
420696001
785473605
679881966
342038922
642366675
629548082
925845982
369349212
117973009
475973857
194666423
206644096
188706497
3275918
704805132
395565428
160961415
418778010
167128224
353565257
33148806
102891162
649902441
167672914
109690995
57026293
887938690
662456126
70094860
752606953
19414978
103197712
410866493
130104255
67815673
791489240
110991571
887548359
215852875
900771451
51474007
690183843
934900390
228931851
360894495
806822168
788335805
137860936
862820414
597750873
602432012
617825689
700383550
903543420
699333367
817283699
392350024
312820511
281502821
264798007
793931551
322237799
140264637
929113564
210256379
802480038
903266117
991781200
533616838
209962974
350706602
993287536
134357986
482193042
216358305
918933774
28584108
238209579
635953210
474127072
839128207
134224799
527146592
699406241
875384512
217008787
670385694
240765522
675941686
345732272
159446604
800579379
84010287
578358359
839810840
700079762
650707087
789190773
80247762
104093865
104183986
638799380
844462641
898874830
17931692
16095359
993011860
975168351
990082113
677261260
389208468
458562314
782652014
482356462
155621490
80331620
415798054
304351396
195603552
875296963
895935456
149068617
962452762
27163653
404221005
985759238
497603710
175094412
195264024
1184716
988389328
22756884
391141129
650593894
114550924
194871912
150432653
463625852
345389120
528629871
331393190
970731096
506124923
449163267
276530261
395610078
233963169
188950468
674216676
679811149
37832624
924928128
402085768
19088179
271069
749575214
415647527
901451517
978721687
622961037
724899449
967782528
187953275
280526696
712307979
249162603
966619570
522828477
3843954
505003226
206368923
535216222
623903525
417438016
322204850
340207077
551575276
20991039
251479425
615499885
865218968
823702755
365056660
815172882
235387039
909256750
851456598
996210446
988522547
509184751
336025333
518113512
67330927
634406058
758817176
580220303
823212475
946773855
913498736
334805659
483153913
126627660
244232867
343133175
683427843
993422895
507032006
499646899
674776789
139851133
844362053
842470560
908588547
132038407
558276177
964624914
563491622
288575676
7054446
705197432
99165981
360729704
549237425
785126640
868651503
276647501
541305955
744632962
810099273
249870706
74437626
127588426
735582974
296652645
754140014
526914321
23728418
81891622
54098354
37716380
540927231
192054358
756818102
126745079
32085397
399406841
885576544
516508851
198825035
833713299
232845156
305580110
556315131
178867146
395704459
849057632
712538478
572978441
183077678
837578667
732477012
332466681
275203034
180889592
99532884
416761633
154014311
8403693
369936225
888111726
918313391
145020639
997031893
803199522
42606755
550252299
768416419
322235714
344120067
183406293
377878646
484694508
928569316
219995297
333192257
117555130
713479741
755486799
59553297
638345023
710507510
192893847
776560975
660291150
226311604
590480580
361620638
706552482
6968892
61622529
325777414
673373043
5563833
389012705
597127562
252270403
367093361
369815756
903635360
731596185
977473882
13543220
700522719
974386897
674924589
219548558
967087026
550974228
14329781
805684383
277480961
375829513
846060936
240943901
490473322
955377670
136144687
384782705
181119053
922417644
617091595
139344306
244671957
528072063
48713621
619166579
677792783
36540361
258887831
82029993
281371350
688747972
948069755
96304181
75251194
949860384
400500420
215663060
190773935
327400556
569551931
526072319
239501748
88486487
89970858
756128788
112557820
672859732
247437409
295906442
658896585
492064908
465936930
887715093
468374929
281453738
434292644
433306482
292416088
632432567
189135267
34309427
486650792
389218107
867504902
808187977
790605337
491146569
645489207
164401167
687398158
982826259
505458509
176646211
641846054
367269225
267763600
811662986
606077125
278369296
129137491
872489337
752973621
642059594
659716420
579171773
885946871
451640728
239403821
974174247
915191660
817824866
706676153
398871632
747881635
416603423
251416986
228893206
365111086
380529103
409852782
307892028
525804294
603391419
212875445
227443926
598097231
653436834
635802561
965597409
918058755
995736436
430968675
686453757
328001454
87180792
578931596
239974651
35142849
560913352
986919259
718512576
353417005
784802443
82669665
277568714
393677772
216987642
813554414
654135949
117785124
981290753
947956597
91124644
753289019
213412373
920407252
801103555
97784885
550848791
593893706
589791116
177338610
170147529
28348582
681941979
35829127
38635800
540592923
503089044
611948625
554136164
276584622
346291598
264832942
380647280
966520891
972485936
643247981
646627018
509944530
270583797
165781730
188796826
920396352
489959317
370206932
249935119
277555099
156602232
729601895
274698058
395567828
40446700
798221811
691636765
234490929
680204036
401557024
690003617
373229436
724760557
557475977
25019917
325467864
155327757
609996602
210651244
21301054
700868039
969529309
118210603
738328207
534743981
163721753
645661533
847489188
41572030
753344005
610431380
857812050
772259930
403781431
628459727
387808128
505291562
847899488
842545872
603810860
170821863
906358660
75711456
868249066
598672379
185358196
832691297
555362996
239481625
829942100
440484009
697614218
989074489
403570247
500486018
978184097
351691693
772218478
698615153
218593235
728017252
140650746
362676434
687799032
465266769
145319209
843337657
851361874
802857588
853164016
836940728
108430498
59526622
463606724
940634594
285212192
12489706
494528612
342166871
592637669
428569162
519531268
924570015
351412228
18742940
807933944
349890375
673795725
439327111
784012155
165257157
776524316
26157185
334913192
618242462
196313965
472435652
652248394
653496289
500144906
941668298
604789896
288400697
555287482
717079648
23424177
697384344
971668650
24786310
784896197
317712049
238988453
844929457
727816027
94816928
17884526
98951519
270738197
827185475
326298695
817882315
377864481
543535290
272291683
289141573
240260107
439811960
646207591
766614489
872049754
412858590
716425585
965989899
225334307
356611163
971521406
470694573
835878470
793307243
59799498
767243023
430453757
131123016
797652555
708267177
776732030
208757223
332931069
340141961
107656838
354644469
199152646
585033741
282880459
267938312
849861189
624420017
811590533
331260382
277058053
417393164
266417464
725302725
653045298
946317998
656445600
365219828
432489394
569301906
214886490
962175464
477498574
217904551
900117880
347376059
128661255
935589766
610031721
717606010
246038512
466064511
571602561
98165026
245359888
945302756
575622815
762880596
623254516
705547515
885936256
393759153
981223206
236382688
180842873
144559238
381659261
494108729
619287907
552663013
801992942
577497771
118638020
329345907
366315590
676255000
565702448
874622179
74676717
197834408
535046603
36874341
652060467
942360161
396613551
925028096
385160773
713228184
121147074
599144504
594266736
933480958
94764337
199799458
89799164
818906302
895566046
76265318
292724399
284127999
461869553
716766227
368121397
487405107
187711855
308370041
639499235
826233032
538118747
842600244
993551334
954586466
612397457
770720526
624233404
418417648
291688481
291591986
60764051
219180910
698170981
229526850
39573880
257534524
424042981
9768982
708860041
828881501
346777810
513754767
227759772
5442344
737587739
171928630
652898923
43106907
853601519
548456044
420948832
246373038
996560920
880241528
716735536
548525561
650614681
698931563
2299669
198329837
702838758
333802151
441431568
377840314
829909558
641223290
909743000
855408661
147943168
248197673
986805474
793106689
140660894
710988530
123130885
334680360
201838613
882400159
946938412
130782435
889936192
830601904
431143360
771625116
776539925
156310767
856087071
26343135
990876625
989427629
720735134
258693757
943991698
572030732
192229540
696987756
321179039
581691451
273721534
486246121
582753804
907506681
558486875
468174553
478388493
163724049
5768574
708377490
96304277
331635407
58956676
960484509
11487662
613294061
378304810
935192709
795893265
574821489
44436431
475566470
253296338
666020373
630474528
824692830
954474253
105286608
214414803
886555035
1297404
820724006
314328271
813068996
951933182
494124527
628688193
996312984
131335838
33317372
114638336
974674418
842577404
71243222
497645206
897114213
338650405
759169990
113326576
964217696
629566488
833553381
191924098
111149847
335244259
153609248
819330207
454106385
25094888
745716842
226657654
391895840
363857073
22768355
328118634
212595991
839096186
643161722
270225252
445929352
292123102
802886847
302048743
594019137
853533665
909116835
236166622
623785725
920009083
586143333
277098930
299872790
751000474
772742951
78703662
743736399
87083517
96150151
271669229
794259039
272475797
733787945
663760683
983165424
53467270
506474393
496423221
64195433
329297528
854200870
249265384
293603469
622366888
812706679
236947758
611788138
609323254
880650733
72811304
761418119
2016102
622093525
450173426
961838919
3479390
993033752
895740419
199222937
210530966
82139604
938771852
353573493
369007369
458183576
597890081
104966982
939868224
186061237
846598074
688731556
821102413
976765679
923762934
564965896
955547268
717023430
436812299
120517740
784696001
799394735
36499204
72128768
808737555
693867537
678737275
318366129
37003615
667969766
721720598
237004396
442732109
718300050
795270547
433040144
887006450
555520408
320493113
351566644
381458989
59067117
35577341
778387369
23533261
112687485
11151781
546215953
658781203
369270981
382760592
731651553
456779154
716450232
191616618
387714470
941886691
810370291
509801582
268317389
98300848
556440779
895490019
31687733
397007454
445364885
370631127
524256069
540399716
451629633
83141574
213995741
541614696
249285067
27763672
466075543
930581244
487756400
211322505
992909119
58951246
502000798
232851997
110143347
534890440
542833294
451119864
878333453
882536632
840820106
215114240
553847868
960613104
844738363
115766474
937433857
973409631
293326865
642436202
283954836
248047104
428962626
284777054
55520732
280005735
975239845
125337699
577937469
630770803
630573656
136029809
219235339
612295670
610233204
798045243
919140223
242264546
934279106
843566967
323878436
398942899
82782287
288951672
530484273
601133850
351248543
69843976
203917017
813146198
596138551
537708669
152167898
274091527
298248075
208341365
60558804
958326626
180619560
22808736
870357597
453618401
768375972
103908542
7524022
549805314
967240748
729334596
645144984
24179436
939396029
583897551
132041871
705150006
877449741
475875573
554267341
169236699
321632523
148909951
236156843
743187954
853987102
981284898
273991495
432238095
418567625
778692637
709331385
861686644
985988207
549106185
931099702
554976549
554204305
663317848
574289670
345763234
320214386
264492911
929476768
215879703
219583063
521002573
405673689
277031068
809570700
434948244
324304524
559334029
454229844
526972886
868635506
231242921
91118141
91124948
194718386
660003800
529006662
991731048
689792253
754094443
926341275
217908990
401561561
576044560
318053070
598069356
899553379
526287634
131888153
233019536
396715260
897497135
878085543
341937353
337765606
238027711
990669428
975527024
333222482
525719764
577011875
988593604
245980464
928399269
685793015
936284884
458868241
975561210
617099261
108400890
96008274
526092110
710387456
519489042
827399938
863186660
934296079
116779016
604817264
383159529
110854482
311743757
255747919
558240001
612252551
890765114
261984693
288061024
445665214
695789531
500951355
51941379
783767109
177742153
187744236
830094754
834962864
55459304
251547968
773428842
895931836
536614855
711076014
791108601
488398628
988989208
345756169
257071981
297668000
741665468
408143449
513564842
555359300
638004977
815113699
743134094
751896537
954888917
968240127
144499304
416972678
872189365
722651822
562855510
291492038
991354176
382838235
618918527
252499412
521842011
564950154
835652433
901871894
993543261
185045251
644654561
514569869
305340110
364746285
253191688
853639693
606874139
599302949
96446792
713909794
918403619
534609731
183356901
5314581
766167908
782353495
25015095
937194367
465452384
222452002
96134605
898793535
946293066
633251501
385775255
969540578
460890118
740800286
366190506
734498197
546875399
582074366
403760443
65481117
714529506
826758950
126102002
560410457
418570405
59980418
706230460
485821892
706778651
745734669
434880995
859456913
374530645
50801764
499776483
379546580
678708474
976917994
37102811
526762165
40362385
190860766
816915939
633899935
564442703
367102656
637748635
353983999
406238738
420659877
284938489
591336281
108784797
713227722
640638601
160096146
292608307
280291533
509632365
461467153
922874525
790659691
977771975
582527615
664747900
5464208
965756481
35408895
335744516
790319747
708057353
49117394
149453427
194520471
209743878
190267351
396205427
54166788
94610438
37623317
529918983
932865014
270770759
95033527
740788924
896353802
46668308
848088807
607308300
16969250
604690467
854723456
538328235
462917981
397114227
526765647
218943016
127793910
204861229
418205512
361404408
374237315
880831223
139858192
535702129
411262504
720575552
769127816
188421458
236265701
663350956
815344097
93310602
344329020
252294781
286739434
262158061
923782841
372543989
417222731
945267284
39558603
392877130
393798372
612420379
812188267
291290457
341075432
625796026
650251760
772909738
838232859
655890947
764613569
720216212
445528816
179059825
924147573
453133288
44471984
586639847
102256150
972880155
666274586
656863905
522971967
731854357
648842403
5789977
695594084
645761661
281715254
919604723
338219350
429040427
813939262
351964049
808895692
463173095
65318670
690588573
985102981
151515677
409318067
238121138
579214409
402633513
179339390
772533935
205450317
230197860
163618971
497809715
315126753
232236596
531657626
214749414
848849667
261923099
392985038
320382477
549522393
90031834
223034086
93774160
64836916
283813049
965872390
886137681
77297791
800453031
420618349
436145642
468476437
290593651
877365872
106512262
653595819
636768533
701388988
652563198
60136635
659912005
870243834
51437481
978465783
462541718
295776951
617058746
667175198
864422609
675876241
274195624
207529306
28290771
705874656
699750416
389088831
549476354
677773594
542573484
621688816
540625779
908032754
958759550
951691849
352368256
412681258
701233599
640877674
859706637
712015471
447607862
234222393
721154901
607670394
749495832
816282504
964805796
189618448
753664967
207779766
723543350
119915538
504972827
749170014
991762879
710344971
905770276
180712954
752263469
476276747
423111742
813489267
54075734
596597552
467082452
578862744
887177857
771835012
77670671
263470604
685261697
963074847
458767310
376436332
719566551
391891295
367342613
483536900
65869911
886927521
974307086
880486671
197882815
383279267
38361040
102192734
95129674
602104355
776339070
410374337
431086875
587969444
587890616
811319678
526192437
646335366
455690433
880444562
199800580
939770304
626563039
161853876
950332587
802307990
133263142
522759644
134293464
13563302
747575474
942196482
666823851
201553973
93306192
159018737
721363907
815481502
215139474
986515974
496315946
83875901
991404975
770639132
734570470
712957604
420391539
636945380
986490918
597437716
131051719
343489511
644454239
144587211
582983002
96551529
510026899
623618545
601846155
51206360
869744562
485442291
25106792
580194716
111042614
624341617
841406773
167386773
899032142
412341968
972692422
857984220
256857778
387182805
898778115
713405762
961034063
580410693
309054797
110502539
385524442
990665990
364332759
408101258
424101990
886800450
533748247
685979174
176592190
783018370
84332365
544404848
368051355
480846280
388279476
419826324
780608613
864539491
469126743
586043895
946861035
214823641
167431146
784553827
601616598
153108769
597086156
640372950
242667680
397099985
490667267
707262087
759390655
747136717
587555502
398737494
36181880
622774602
216810418
332486388
79035134
369334484
572967058
839597086
156343242
292704860
851067061
171509791
97063350
419004857
643344749
704674584
451927332
240329358
866035533
212410138
283746362
150189006
591392498
608604055
540340290
317358269
566185147
53416281
15486254
848526234
269463774
247637680
620176225
133824189
481188931
124422813
121289920
241038418
560924552
482509064
902310123
773200768
284058955
148847952
751780150
173122577
687195455
356014056
344460694
56975831
905816751
532916756
627803523
295699780
385641425
493447138
671221910
68405444
801254636
212492091
216172407
453549199
513991292
154846991
32694222
543436213
477216957
256432088
495138590
339865509
994227506
648950060
278884717
565478832
621243909
896192697
54694211
422763605
454570590
877738031
349858108
120088857
529825694
99810864
903290703
266045288
392107558
213234272
97010521
461048206
644262887
908707912
61507561
526305959
781480262
144893258
407172676
280627169
323505933
614886416
811563699
681940667
753850667
656418826
369724367
698139531
379652524
561806120
946494666
133640795
278471173
735799447
727542085
49167005
397351233
500232717
133825403
93298020
56370924
43429152
885250866
951216683
426166954
20622569
608756220
664608858
310524562
376488458
143817268
948654311
264523880
144177194
913080926
600928003
122254642
77952916
732416514
292084605
470058432
205426376
867719072
534834349
427999491
51175871
874231159
434859487
995603645
704610932
826217010
786506326
950007053
18733039
131304665
131000710
231272239
617214291
351908429
125242118
840888458
468958436
245592235
404401652
41879857
921463900
458723397
681728308
402599539
668260771
22309615
976606949
63541855
564575637
410799050
721734061
75690565
692988432
468373039
663664148
886070094
944608984
856018463
759621738
241506346
481435048
471831158
445289298
253816296
261452533
261313164
990893670
98853396
192246996
762802785
603236671
235197828
133628876
895671975
630253087
224634531
271318442
703392903
570520314
852875699
458255117
174554297
642028397
826809631
268489020
137885584
280265244
916499619
18126394
590780792
103274344
795309963
970447457
95015652
373297701
828109446
648782853
697112822
102851358
951851408
295784602
971230229
746463544
729320559
482318231
590831475
951017849
710010991
829868740
904013598
773240340
326876332
807965306
12778331
667431857
551649778
227874242
221002405
682743938
120823021
713745158
266282481
401959414
457673363
396733274
122999077
712531243
332563316
64324785
68822568
384366766
443118661
468202585
665898186
461320794
328799439
720111776
688363130
863726256
808589106
345017013
360013716
55035062
753553729
734851279
468794377
133142656
537720368
335096233
94922699
877336437
632063031
237732008
640234574
727829381
361651862
426685943
913327077
755697088
78977697
988714
233710576
527456085
299327420
942592319
149499686
596004926
127194386
860658232
99943990
646481955
606821018
525130844
725492154
316049155
308615561
95294692
40035397
940801543
595866096
459935690
938172377
679010515
88864118
912011946
914535402
481167238
487944897
983472825
305915097
87583924
300268218
868880373
598306307
516714347
80834409
853148232
18546821
567968813
121687809
69675996
218918480
455172837
801404775
498580810
682817094
951562650
631235268
404669356
290986743
334354603
708926595
521565910
409507059
292787636
492041863
839116702
225045655
381067276
246018905
636273805
510001514
415169583
547776524
236350267
971367101
82668316
628461699
609821205
587111195
485513845
944542177
390728056
127782349
736615730
755329279
897252068
701015971
996226659
403253333
64389950
438900875
291135753
252190980
194201737
4024212
151759860
967150332
206143673
662243755
100118180
28000667
756185309
220173748
345106818
615869858
330935953
54283466
157353045
865836994
60182449
422089160
390875152
650029952
92110417
310369565
613285597
653814609
147417014
29113694
743903300
324170055
274515544
153736659
763855788
912173646
649273424
667187322
38656754
341054363
810601643
20125814
840568798
768804663
19795662
197307081
11465056
476300127
498767507
57930595
679342747
439436680
562610346
93774887
731980347
317990236
679936965
214092360
409184605
666350024
754909692
303990737
139104302
207944437
360045096
139785512
203522271
888657182
363553230
287726391
320219541
316251929
90035422
949128090
118514810
963236239
120952491
324943005
932519507
844346440
336728427
892197612
811372061
294568443
30323037
558492874
560037434
29542040
305636907
261562105
835715195
554992675
507381654
566965152
320841579
591946002
745140427
677838143
520263196
347288884
920922958
888600408
223571206
833754893
505184069
750199744
777918810
397762566
474049201
899758409
791450608
46756279
448412606
824517515
496352425
111957390
497594738
95030462
29538552
981152239
783505178
420468795
754188735
901059346
993738822
735147012
869388429
232550146
925746219
263771036
212645383
390257537
767787209
233993880
311411921
620544004
63673147
117415317
431881798
747591704
112649032
782185325
899496344
518808259
541769075
641218511
13177398
700922026
215007395
83166062
94257115
731949399
100165488
728220845
996243458
691951916
391913170
575481515
498998469
404828409
494743674
189948358
431437321
433021512
875836491
864027885
215148069
33661220
854790049
717784101
147348020
42471790
96050252
592784227
573063577
204936201
695607659
789049056
749934772
253228189
924172644
578225309
222942257
775477015
503917997
599965301
558400363
270459597
349084517
140683334
458199148
169961794
980115188
378468460
670300955
423059855
81767259
393736329
163806539
607266150
419893580
831403574
63385320
927236738
6115564
819671946
185933664
140911903
561521337
128890567
144110079
27400255
394295555
964658227
322069116
317079829
575064338
226290452
386403909
19350885
667330162
297543783
777804339
664917150
680856298
454217018
971635988
216130890
161000002
10646537
361544950
769470519
149207512
576264535
601603398
194488107
141478780
294451701
160835867
914581072
326823354
903747853
408778414
708184044
728022909
509841508
693646899
333411056
823836805
447316595
150987721
57447846
462297847
719607491
507183866
134037664
659248925
587807017
770224045
160372928
164318464
201424889
582239067
264486189
652877871
232487336
226508875
689011834
688320877
144041399
280463358
182130211
249582567
824220470
331064964
373882556
535759845
359590913
731435304
63396323
769313234
548988387
845684989
186143284
265005275
30086441
250063494
447969084
162766588
454989566
533361745
596995164
952702830
137993887
502022453
689329472
911549042
775042887
604754178
826818496
840965083
420172055
366837428
570442189
674710921
39635803
565257918
5940572
88461570
54746400
404738235
74183472
33507989
678117711
660114767
561796144
466414595
709773778
977870366
164248165
398158932
275255410
396663664
83977516
544742837
655774080
147649871
204769119
245818640
275732571
23441121
375146914
575928135
52932293
562407369
786525276
516947879
731435636
888405694
886483113
400744783
612493579
408570143
993598880
582531768
323457768
160195149
570480846
52533473
583195307
330188546
695975057
487503510
263424366
776250662
121486068
23871172
355766625
271194015
965224793
381155671
448735562
709269426
344415015
334113043
696781471
836822922
778490504
545189136
774891351
427401488
820719124
603419566
43900690
207652235
230839893
704573676
487263693
530113811
894065933
158938237
317339406
285920665
585202516
31602090
624458850
202255516
808217135
245757038
187082364
996971860
125724243
185411662
629203000
742180320
640948878
914241627
36227253
34270740
396362837
455364934
115449263
41978119
713486045
31995357
980057071
778119295
473664176
439588957
618609932
311372809
384336370
407102434
365845312
743146536
442034803
472862884
448976931
527744064
152510826
430874343
439193830
80942665
719700540
738815436
137637906
73534684
797769878
7771357
207514063
777197112
83511447
339954061
810303481
852789272
595156183
196241229
665735524
971871306
951904788
679748588
321593770
21680507
683619797
532848344
972417640
630270580
134073314
417969113
854882602
632424030
143641973
956716316
272735487
11076373
394766361
917194921
121693328
814001824
602984091
356306016
422909841
566739391
466447310
598082406
345117299
345256595
540637774
261798356
433679869
830701674
967110226
430696362
229982883
150079427
451025873
243804187
873659484
17792587
272906978
108539568
865177717
845256312
573895179
863618846
175080402
543529326
239019185
28158875
667074909
698132227
790650817
685958288
380745325
144568558
101337101
611208012
757687838
779402034
477460363
204486339
153233869
857748692
85658815
791946576
134929868
346266896
863286288
555401564
676712699
105386454
740687822
875255938
145201252
542717228
232816568
241311060
564773309
684101824
439715754
3093778
484732450
522169977
99342221
588623549
348636143
654305877
281690696
634642455
410863700
49963244
851774505
672898854
272756506
74904864
731063102
561512476
293787669
521214249
282079093
450697256
425409642
469871970
233194893
96278648
466373808
770508305
544097421
518518031
314857433
150435314
846473339
119132732
152651969
810023514
808410069
959074180
326128035
204884075
756012739
457243645
283540797
458225934
427202360
312871385
395050827
106545918
673935032
730647488
558579472
490062398
647350634
752771642
280704440
163381154
193109473
844345715
761819829
496462454
451962053
201809097
696101109
159243883
29788315
974621901
726030766
529667361
888808826
243992530
51476288
83965456
347601199
579293434
146902003
73208788
611712082
883275746
779472547
313979116
460252280
710957145
508317237
847150317
752286079
919959191
885601175
5304242
852985567
837994636
986135196
279964250
996439317
255963732
560374078
703364301
40113800
454146473
93519670
597922200
124722139
215468432
94964710
775879946
960173395
114732500
153228381
600561275
825032963
737011286
737894909
756066000
994898653
57812210
640517934
688654763
817313331
452246150
818265460
604272798
838092448
972574866
537164865
509287664
91399688
659706579
946970664
692029927
513505099
677267164
569797368
997881112
478990894
635637023
617842703
714871432
362786811
818405784
555354634
48680363
68704759
651231610
547039743
931907177
828061542
610390347
488332608
437488814
864787533
799967150
513631623
394615805
191073223
165462039
371973154
83840030
962953135
414259371
823118586
847915817
218380823
155847967
772490680
637716787
914316541
405439177
637088175
661966801
559155225
356723225
664385575
57127120
909012498
418953538
951505073
203014909
759161546
70569517
937241391
495384506
68444709
308012392
69892452
961602242
824849071
746748566
787955743
360704202
895681521
99217943
447659208
121574030
954385616
858876552
938069735
814813143
934280343
806550863
187995928
386234464
364491770
117268477
287518068
413014595
180872682
321012450
342525138
156575382
861881480
166089592
573290436
467941565
522891616
90952239
58747060
334708191
971497926
622948296
987497828
516875124
968690793
740895575
969119385
653352881
771365109
934054250
298763792
311905738
348697155
843074872
840704805
639571838
804487055
727045153
441082452
443890374
814083417
71165967
552520150
64509947
493078883
445632640
802507899
122466939
981016698
200057217
418994837
154944748
766058657
76560278
991837409
711027267
382760595
692526251
29964706
931436535
237989807
445388883
250284772
278217344
422544921
700620149
830064905
450678853
973261296
708244942
626515316
136764449
848457296
93485356
47030230
442383524
457450896
702186699
12133077
381563236
404790255
874078686
879178491
53029335
744685527
137767842
866802177
186777931
505997749
14766460
414860588
132539503
361869169
337764119
543050238
390418106
501362796
710323888
178898564
416348746
639397829
115014975
971863820
819215647
596970940
221997522
732392616
104434591
427376768
41140064
289606450
640875811
630270353
434181474
309238555
606611894
80331504
131434053
523851437
922625818
778662401
371691190
609121659
31815218
963997113
444665463
609955375
904548945
99128122
770505169
439248108
963281800
215970241
69616254
472545631
942046112
428084326
842808613
20921736
940980700
235436195
845581491
8456030
200869271
157701563
870623632
879451925
784830723
80300389
459994095
760046956
631640958
461484965
948256859
578187316
108791420
666415580
701368028
806388295
118603779
23527557
784308529
160937896
566852278
668971793
150022117
89456229
746350753
623768484
74627295
579899627
848617981
520934882
405723981
26183113
433704417
251216305
637090950
534226709
784843547
565777278
657731554
990675129
141318135
289457597
594721759
770863273
233988175
241978146
121156067
750408043
890149737
410917432
492173057
930343968
481482598
207321185
795026258
