839927674
915401820
749970972
492435515
693395966
991335806
819100505
601279605
583167015
588552627
931603583
56792910
14751868
229790004
176084126
764223144
363015453
294827211
214637406
54941932
950970866
19740532
891879712
131843301
455004129
181808127
579885816
35980096
571048593
29144298
344565373
323132415
588154272
691251647
871697543
12211562
411878259
286218130
200601120
531893788
396508201
595060466
767771770
918081489
601828206
826909337
507670780
160647526
606934419
820233460
723292955
860630419
288020095
267340211
985125819
709146813
868080705
648208334
969555424
361335284
814478757
843613360
123226662
703766055
277324117
767927794
944640355
881623711
237501955
787561848
558953248
895028253
978405999
969284435
210074709
272301279
154672336
980156765
82888769
138952702
90288587
519968502
520304241
107137430
375227445
697402707
806210825
170509838
280306434
624731833
193224815
234560359
747239520
53958878
124632747
890548277
471624095
900737986
619191003
985975859
674556340
513874739
348559563
635616883
340404255
957968177
548673966
73096258
787393307
588621767
151357765
493157360
534585996
960814632
732393436
219472759
316918364
22704476
50235527
320110483
197377233
394051027
404235990
547432686
746804553
828708654
222594338
333044149
803858804
784316972
795955625
338093690
891639624
765624991
79185154
898844176
856952039
188902191
645597629
66007065
8761116
29763769
478576794
934254044
131548204
259871911
760360491
604531115
524110920
760329903
731588903
680444897
263908669
720558702
723089022
579995701
285604927
479604150
286124944
900643026
768434528
1
756619303
352177359
758457053
519934598
389632305
846665781
830557938
161777803
554109605
594537322
466501011
992698911
735223374
82228168
367196622
153368623
356811057
642802428
477253373
906633584
440884956
727045209
795895522
502220487
734982094
643261110
953433649
804877149
156236924
309160509
307198479
595479107
334833723
921324929
415722983
216577109
40767233
822150651
903729708
663731120
179744082
134233767
183994275
277913797
713316464
458970565
195621275
855965884
741088312
856427073
190783296
32223906
50821392
124632699
173159769
972873834
411746118
144687265
997625548
159565622
190988996
191019935
111634341
322379976
515167593
120230117
755835734
998153766
521080804
767741354
617024353
868573929
104572131
467724381
286218952
102518003
795765415
808099364
351301811
71066751
383762217
13707545
407605029
588896056
637705516
595506680
158339761
929047086
190743937
291194086
231083995
490940734
200841827
639027010
793629364
808565799
323557730
678108203
452843872
26846006
180035566
922741451
122032850
108828089
242863127
147987201
880850102
436296218
227304427
693905287
479091844
472168161
924997755
648902394
854629709
54210245
785858976
936807071
824090469
413041410
681545857
561089259
464926247
270974768
571423889
93256717
538020715
497741742
12275706
810484821
704171465
858879961
101248447
894499024
261079199
153701973
269718277
882769771
327732159
379191799
503390549
326083046
285734406
684496924
653861147
690642215
346312478
346517749
526405260
243925110
641005834
622343055
234376028
878502078
703533947
255074136
554968574
52907398
545904119
118565164
114935920
902175100
435142593
495493118
752350330
983268664
657027890
479800100
239232276
832306279
295973851
577376638
162250818
480280503
370523317
705530975
540190622
196318123
508509524
146611332
248423291
756820258
376655530
682506097
983980917
461099598
571712135
927859946
946622229
508895113
925951936
64988666
851602654
660356501
905028765
555451651
556412113
357848555
190220854
821109261
860770886
175625686
315525139
694233948
206113708
83581094
197883413
407996583
16075863
757241143
166507945
896263950
677055624
886825998
863366479
226079788
817134717
677751710
499822248
949510917
77422559
237956051
851687799
413586839
643063372
549949202
433577169
67122986
157957244
817119611
479689011
700459198
856956435
441703418
296623455
557659024
225048127
404747226
647194722
958893234
149585289
973657564
179361704
215855147
543657342
306231610
575536108
548344442
62482288
793334735
650030332
517394473
763349316
550312777
8497362
24729611
955326444
563769605
702505207
353858605
782412459
547548984
892519633
652856023
926412237
169809699
329756547
456872249
116910884
308518570
502190392
843530368
784151640
300040885
149183958
992582634
260522797
908096488
796291450
994341732
177314609
526287685
811592727
549692600
490132483
715472379
297108906
474373408
504692063
53489005
32726344
819909216
429837267
422441489
277554480
192878706
212047636
520194623
546893653
96680627
541775362
937009614
761313005
934544647
850510499
413821948
449941371
33777260
690501332
500266398
890005495
652137655
266513682
540739922
527777583
813495452
401754308
33908675
281976651
163369627
496504667
17015057
678559818
336777731
789783258
114365494
851716819
211109365
98475154
96216499
610071520
279137295
313761449
383892154
397124653
310339107
483632090
492060285
523594562
329010430
259965023
122415661
238504302
987043771
780789923
461946682
478875232
488681252
863972199
455845156
568303825
458292420
602592275
235523382
51596822
267859079
265716040
804378129
816448557
846830711
245756040
493380893
933875272
308421615
926019696
75378564
534399721
805430189
586101839
600067385
299332100
188529105
310998988
353685854
877919425
221455352
439758675
298051369
796954699
424843076
178862553
695101050
370573532
560291288
734178309
697192754
979220816
21701619
416669938
788876319
206835116
573357255
16081296
600413101
852660411
850561832
957994130
701723495
962661265
739296817
177858154
338320263
497901556
255139079
195079740
199828319
622231176
652521508
970795794
669413087
518698053
977474156
593553311
495132008
301553626
30843717
796490983
137274648
14320680
471845707
147045167
639533089
361812826
940522343
364921967
900438568
712078982
310109939
915726548
202314887
359461437
383197870
327820561
737466215
314309209
411986418
366486752
27160471
395705170
96648264
217949459
466589817
847921704
288942464
48282072
990058918
31621844
490804697
966868699
868592093
717738564
990887223
400084816
288817851
423527994
677943279
439598009
359315210
987949567
36305963
866038602
253035924
433408731
136881015
896823245
250650821
166546625
808439914
410537042
331461168
124994794
750985680
281400214
626375845
96645248
254778255
251737827
323357499
799175484
535119137
757614549
68731149
584746172
744413104
476142030
391553912
416137028
644678098
569624904
538845177
268224319
306607191
469527611
416574904
409813988
123176056
100999273
767190494
511620628
258987946
558479041
605860130
745111636
920210918
580784118
98389730
765878055
761112834
258432365
632675867
51912540
160705761
172954979
529892645
40293275
668039721
539315943
761673240
323767351
650750722
392609648
888798443
451035684
955432161
19356078
301518354
83219465
698768627
906456500
249313374
231269652
259551479
522672450
291567014
884744450
14820097
277201580
947877074
157408981
391447129
531740503
585260856
824359969
594755894
952760214
842523878
261343125
518973720
754103576
347369841
503478618
715751387
817449146
758485196
312865588
323635572
38183868
700798741
352902562
691542119
573033901
569219865
866676378
445475416
524580813
394027942
343086640
908827143
317210295
982095724
187951137
761920723
460827596
635852891
80046732
411921677
68991475
686748841
460089351
291749372
527501805
116659564
360137921
610440881
817272668
941220381
208160307
993688859
344283230
173926558
664552955
754803099
520358500
984284362
167469529
201281581
623147265
916886255
521812520
186601811
148725663
308215925
699075014
734279903
724528662
434376503
51715538
116203235
994014322
127289364
459455073
829975667
577665445
616222364
839363418
978636335
245330034
988905689
372905421
28577924
7742083
393098242
318398772
267978693
268494529
523340448
276082885
525543097
932491136
565233511
396982883
4643539
288805489
296136629
898502778
680160856
468746966
844531634
416301675
270476630
921884030
728157044
267712686
308575464
87155633
47080442
883493480
734380113
694137249
374255938
110045693
986733723
164618280
56163995
85224706
394935370
356795666
578665729
387220667
472319384
222439565
643381418
717906480
540499642
121047520
96521516
575477216
413479214
828686113
276746352
341858238
252918519
657065017
847321939
275281526
132139161
50756299
806848410
427660457
474446312
417531480
196095002
637321943
77148829
376037085
555110641
474726756
720912982
316123296
402986821
185453909
761643093
516202825
762439507
556472725
961734360
968012928
595541696
318989329
834632601
815790264
658625328
542483140
379834226
453346159
873918200
353882955
458250571
751472763
311393311
171385729
325251223
84083713
584530206
564411799
211775446
902176364
882922152
583899994
844503547
612966617
521015821
217248672
829760043
401552861
157660368
279930241
631418836
845401377
704137581
548543495
127369988
623150526
98780735
584361162
820174608
283668406
181457090
328913098
479907891
495259561
382242487
873621214
940334157
81693633
948145416
26394726
629449787
576604680
918989506
66589475
263390272
861635131
257124652
115088251
828849943
526342412
79772641
439516073
65711799
622726486
365015131
851428927
9612147
494049572
460257530
891180405
971314333
701474561
92155093
108064895
225337346
649553977
708297803
63703674
714275515
484671385
427659119
161149824
459564329
416369663
44131243
501594270
234455380
394059512
755028475
123209265
836279595
635211165
83713330
683918386
181622576
422421149
603403260
438895888
598702859
804017533
884680769
896109046
254783930
783115105
93877235
639963230
766653225
666032226
893074919
245162537
100799
489455529
678230562
4981150
62356172
988972236
140187353
824666485
811555984
469521033
41852008
264993805
970268147
68729231
858486386
366692273
887503159
556778361
325377438
688454155
606259102
841451485
534466204
837106602
872768744
460401630
809005587
595797772
335952518
196856732
977526369
979786460
874711232
34699137
844715727
652343224
11127528
816567732
672328025
972569789
734724866
284746890
59894150
301264252
307327709
829023935
354284694
817693217
178511639
812613466
995940535
413277577
522978561
338834386
823352183
148404542
380993587
916449657
67586073
882385479
213211033
952673571
945884055
576929430
135710060
66120818
371566969
161572136
551555293
441681751
230508804
972374955
365355749
371087140
441662056
274141069
495288372
338312077
262759332
686773739
505920486
847363791
571625696
898852605
190362952
3465238
708246414
303538032
815558708
638037152
381389425
53782042
366701523
346028375
90388158
919877481
938469024
428936220
708671635
567606122
197450246
745180514
657400912
778403836
854937216
388360404
316557930
543226223
820013575
115018886
469249164
977408473
350823783
233607794
687037393
838921995
540939875
322575014
88777682
973333434
573146008
815976854
837374656
762620559
755269153
314848531
134571161
577934967
467450706
15925143
258459265
612069417
184662725
231590494
557690629
451375733
790188308
884462643
334091028
433931752
225063201
736600002
362616935
709612391
324413056
870324596
451962048
690523379
797721671
795103775
578987993
941066495
795924671
960880658
418134708
231428279
509183064
589287080
727610372
842519304
866529395
860078740
830432033
542150632
60903938
902372306
158246345
78145945
563122583
475720765
678735181
781313337
751313371
459466064
382904004
964114380
874644231
381100625
282847232
248299288
133848128
480874981
196224224
301385298
421519806
310152987
188341744
638044649
341168802
307089478
231609914
229557694
936949389
101190947
762280936
589614900
775760079
689223119
869290668
480751039
272454385
852129614
631499024
664671092
400949558
665471418
345798149
473310832
122535593
81207099
70348514
742686555
698541384
312929163
225896872
114471651
803195331
743534574
734076209
265861005
817501254
422562028
294790334
824708510
611295879
979738750
981721275
864386894
477044235
107976241
502045439
702157362
551278005
216671743
313336229
365363824
729040000
672768522
414090260
728185439
972071630
460419642
861231949
687482772
163434507
353306731
864192229
67074891
171925781
130707937
364380504
548441954
581743231
322024882
942609334
794684652
875930320
650137440
457424431
141370991
799855975
580171724
690491047
888282066
155407185
229024815
880530680
389039134
670440845
462692061
782571326
530032888
498607391
150114142
845503374
877129953
993099026
321792163
375096962
824912402
527367969
650518151
848018446
973516753
744367300
521561181
28219835
464888191
494255144
924946897
401057722
29287299
159690624
623421809
280464664
753224279
414420653
120476549
69763422
270414275
843088152
237683103
19608144
488474564
380659301
260443355
444013318
187005444
647558753
800187487
566690865
564374154
530048008
589713239
243678660
231785677
929677231
479837628
857898587
835526963
608483069
282856936
450447662
436955397
426998634
332854232
705036552
309129150
155997899
764142176
315389275
714367334
437674089
622742427
423792568
386137988
183466655
276033624
921994448
422107566
509359893
581544316
926633791
939911174
897805091
492340554
837970027
203626001
62734791
269249535
879087053
892268205
158789909
786469928
903601728
98832822
27189101
344343037
948251821
350472917
390847712
479033483
514387549
396156221
23865979
44523349
945368449
944907539
964788631
373122536
821661643
948438504
820756974
932083217
55122338
29082885
564522226
243369444
664702569
197225630
558401614
391055977
196909222
12366776
473878063
148031694
393469362
994328794
377873818
834794376
583626532
139298300
359393913
604113101
26856911
932755051
251233377
561069924
701541377
575793303
205428706
309506990
746302447
990291415
911772806
69647955
321989037
637916705
845879260
451782245
690598186
472623376
208738670
919446352
124366045
275851693
957541256
867726596
53790509
651540228
86318023
133300835
815500261
193031153
834144472
271211473
880455112
230977343
257571160
933795690
409931318
515016592
775944178
38642920
152159558
265232177
345057504
406707742
836549776
671694231
950741956
37164877
826974144
64443778
167346631
535724907
565566447
462742530
574470192
931964985
37370814
573483222
897973146
741513164
986868530
53043075
859274216
667753490
626739579
140394528
151143352
589447707
561426563
700167287
499102369
567372395
135582030
656057826
387642585
872838858
90823779
202364846
930066791
304731639
788473142
734165321
914543341
314631241
54327418
807897850
146888309
280122558
500717884
736793815
424824784
16296033
164200937
90104671
56393875
353079101
426131961
849610886
679672685
660439715
127154904
197441035
23349186
263075498
994205697
257058767
195714119
737467317
588686545
261522885
184790989
483502357
89829637
122319372
974712673
305335438
767344636
282348623
793330327
940719086
587211394
88607932
280061143
934984856
649063722
786294513
220648347
667841461
180089819
225464655
977192285
762706652
142928607
787055576
780443687
241270407
151866393
209765103
451891312
99203637
974983407
665765232
63050423
902191572
377352744
847194077
371563959
647268751
939071350
786071348
484687277
906395520
207997931
701186906
290625333
848746050
866933170
943133004
171655762
479076465
353145814
62954426
861030003
399802832
732350274
123139455
464641255
662384722
227680120
790061255
665068592
405091599
264694043
308302659
539385705
686250494
638388340
85220472
494885060
381353881
841238304
6736961
725389138
924940554
520007559
366375261
355580955
277094172
144433927
790687903
592468305
475907265
354116399
278501996
671320811
387410543
416693971
566770278
876433676
181627877
802713381
589652597
227982202
543533919
417691116
283423941
987029794
246748172
457274164
491518029
783331892
461487789
550141696
210110139
313003430
519361049
521572429
647708289
904602198
86203135
770414663
725237610
494283330
529929044
921897763
921442359
204487547
937718711
862475596
993246060
572203092
296185403
359186735
201826102
622963209
792763156
987627983
874841959
894783064
623842360
924724735
523614766
882958639
498751998
491690453
545112419
492206295
285278618
99860160
656158431
616736123
995996725
662561695
35709084
654668332
440475560
526613962
587591192
54372577
100039970
739555787
157195949
770424931
772498356
335084519
655578586
686568648
384430408
709826274
782124577
245941521
494578635
415228934
510873598
237942715
991295226
788318246
699237674
114005171
408842344
450436809
124415336
783685052
66354210
659916068
471732614
769024926
438776407
60885190
887462235
912791097
216048039
321112156
463338004
51756405
80800289
931352389
181817437
949560319
639759890
807928831
988127571
713626979
472226474
895790716
942575201
328837006
671675113
847292184
331930572
432189151
847969313
790471527
84499495
6920977
880793460
854039093
264655660
47320237
997604872
976011699
594942137
456109288
490876169
105166361
353577253
357923413
602570579
795033758
751630876
562732531
646320005
120277440
805212611
830783849
269354860
980950900
834604776
829928732
787521803
941289660
400660979
963393979
224448958
494456510
783900650
73463391
762949109
802634868
860713326
454805844
588019607
424686361
976476012
150159231
558586556
749276789
728115446
527529679
364164985
694527707
211860154
409892278
483536401
604773350
336585819
521967628
802377379
80086354
369066678
194806931
745495751
718609473
682174184
35000332
241061680
382306840
615629036
567788221
140802841
199718077
334947296
306038876
217415188
975962056
888076628
184197509
205030297
916757664
604195839
814921036
415334593
809047211
382425272
203739350
218276618
539078092
262762079
583405413
679739787
971313374
427009266
898915921
282767658
797170136
838458107
521139058
154678643
663065113
314520544
798850902
547341335
391277206
793948121
673403774
50297853
280823600
540395378
451068245
209559451
794833386
761891858
497136819
316942043
863545063
981551963
953896558
522652558
110223894
12057310
962656204
823663769
268090628
71708829
578107581
624166086
281354171
264482261
7636107
792258701
984552912
733206186
144975150
308864836
773899355
120601326
453994345
102975461
82535327
387805248
571135907
850749429
929177840
187086944
811367179
705084044
908432662
245281345
459428807
401202875
286705959
328423723
608712747
54585249
487320305
533074754
345510926
695986911
963818612
483515891
621684231
252685661
308986046
151673871
893113947
165835039
528005493
420939151
422233917
43935954
674936971
643555017
332341991
955904575
956233555
920751233
799617757
805474608
789007452
316432089
238187307
942854302
172011873
410956772
737328309
428000320
920429274
18816130
915576672
314730039
85792301
197104838
180675484
570953369
462542273
488559697
368869713
692402302
526503742
292342823
501020838
197540586
823012889
216101249
779889190
494953809
743005236
280846553
660751522
457838168
773413503
146945892
269196976
767503689
266244579
528208787
937145243
333907802
297705500
430123682
751531825
183457085
252188031
372457148
432513196
992999331
651374023
555646109
360119887
668678850
969338725
526972939
83356308
488347549
247913181
1039525
181581615
25916793
709739720
413823857
591627927
560732316
340786477
110372169
10966496
795723985
982956315
223927494
831573786
255136239
641363917
710210815
747526602
164205776
386928370
330958261
106712802
257195481
677517041
39686893
904533537
881537224
390074929
288949239
960223241
835937474
50935768
615184196
861393630
882549613
626002849
902448169
665734694
786478813
484962730
802131644
394450380
196890086
195643530
842141101
748072191
846933330
278538965
713625125
117805928
147431944
437137187
259690659
809076323
745468106
881981721
937270761
488328580
99324624
719353196
773140928
35464380
265212980
571241310
168922547
849364726
533448094
354614939
656356622
474154625
514547608
760531788
369393184
377254080
753202974
984447902
828094068
959200140
559081472
689182484
720383237
681495878
524571437
861053308
823092113
680282714
290409441
20130290
439831071
507677608
56327881
903300524
322444655
432505796
480320722
429183575
28848027
477051823
487617031
264401458
531227730
671522615
278059036
715534147
789550190
218898216
755130093
985604668
959052244
966885990
490859914
415733403
77281366
189146701
736974965
613694327
348824623
65037270
648023805
223324531
856693784
48733123
853220901
961508558
943254172
181065211
758084128
570878767
534759415
917999022
453488467
209600019
878080765
722932250
643523931
717384848
437403939
466899555
348391443
406273187
461116752
311923679
954714
30654405
67308485
762685400
948067891
860192321
871242059
277548069
837094178
536718658
523219055
419983434
193152997
827810017
872735141
387727724
652024883
122428665
401888784
217566565
335793197
487289716
136539895
522785495
365331714
588187379
784696817
515879171
808626207
913546681
375244721
402616706
823092733
713259249
969859785
711717309
476059539
859269961
8294400
333286381
203346289
312132940
59308618
182897586
53217557
589723021
582299665
666308954
456585257
889611558
705407303
623830380
112800365
764435565
16406231
493361077
835254975
684562770
761468747
622604144
960733587
2984481
466674932
536846752
469293416
427143676
704256148
507052866
641283441
893984139
152476108
625512516
1830486
392669617
557268245
377781452
744264173
327149632
91797713
251283214
653863023
737347948
17636251
951211620
203403208
188994410
344796729
895474238
752521264
70712265
398196180
573785061
223569826
76979564
917913716
998108579
570594228
615681958
849680995
193128913
852488688
921361360
392307001
879771362
102709688
285339219
67959612
838094547
539654194
188744679
734805810
270227969
800158721
295324758
626318419
661534932
148444852
473385722
500914775
14843722
720427252
965957133
79983028
560591385
48235595
898244554
417893654
327586868
112141182
928039260
891525391
266186732
609502133
371712751
303339698
682611315
641200244
16674911
853245131
179127863
482430618
349266453
465636967
43738801
20641755
907073422
412858429
377653752
117670362
531570020
137153320
827265151
233743286
330424601
722196457
4658902
840503734
944647508
470816878
416672317
167375435
195685723
236604696
107893348
110640448
886638635
391640198
225208145
731935480
251190471
342606881
195279817
349429736
22152377
250226892
739310900
68735004
308165590
142826713
838692287
73011598
479084636
299234638
817205388
68232656
692117065
800169798
654615009
805231220
706508550
893616021
879651282
827608796
521162514
784618484
64104748
627596026
424554636
754676612
236498853
980762943
743502262
723394154
55368372
31967434
805922607
591532369
655086709
720970755
193340227
826064063
799382686
615728572
121601523
578730315
349128004
120880071
639345593
540773544
789926619
521623916
333717619
435181778
816243609
562466299
53196349
269596408
418083796
411796618
183430922
367596939
839672500
497702499
16851514
363840702
263570466
324940826
123690044
700429586
397600378
475883803
278404470
850000993
742413291
328276761
801129466
614517322
850821475
662714808
712866318
954720770
221374235
512590751
691388836
61425421
661508818
355433578
492668169
655965333
492749460
771863372
355563794
974783776
925449552
425356515
658316747
162023487
887365532
693305218
445588780
265957099
889200308
479297499
165559527
105423790
945441984
932009754
18236476
108173416
487051833
679870162
625061539
131103606
998215170
346078940
882962131
334070047
298745907
909922764
4257799
621614251
526682519
914835803
525705766
177057487
273601097
390304315
301963190
698230412
898961880
442771560
448491590
561185582
776798011
930005139
58974168
881877584
835297912
583451626
73742718
844346389
921630463
984907554
912318094
719410943
963906200
414789778
941983092
182980486
82028986
189468878
322775047
392119231
919701820
737624007
903107679
484418615
204168328
224003209
642574326
389331156
903373195
792985722
971974942
188836802
386252107
390648782
219580435
422565406
97995211
14740101
884677811
222537750
379500493
100937705
241649887
34403699
235658625
121155458
648597546
872220538
429940683
170039243
805844684
149698703
10991905
538583525
471005967
668790207
291933943
324938668
759564550
924313535
281797095
15312112
591904144
519770687
129631300
497780798
302146483
698906959
314617989
891331392
664078086
640491205
138883069
562243330
251774792
497858633
653042955
331731965
326126773
218008605
497559527
623270944
337108122
865869432
8498404
964988681
933147531
911659933
54357032
45218899
851108245
595992002
646052271
153095788
515948720
885923243
457656681
819107678
498069980
156730347
468062579
121705258
814411636
709229919
487417197
465789840
257687946
229736606
645282330
550518663
432739949
911784119
548151448
877726644
486021552
672306989
470322112
883472169
805926179
841651659
691486734
217401639
416876886
987407453
637219148
371428061
980143811
486701430
614762937
596746219
24864973
988944067
953965471
582770257
120422358
862454669
761052899
425467993
568314600
196265079
658728061
5348510
601841976
360492397
109439597
727432840
282236564
196803240
385524788
971560999
633778379
502073530
656080184
366285484
732755389
853186886
374874092
32080181
482556352
881176701
288189417
690684100
922105582
123240558
407499460
327021470
615176524
307364030
67929029
942580337
924589934
437120200
413287631
879640042
721556660
588767261
756951896
327151385
417054488
182042167
46046062
638146078
111851952
149516757
625887145
360963051
432706123
943124125
295440217
842875705
940440905
29204917
857264330
889523214
169023653
823037214
875300002
475442416
946316579
525173666
238213792
578453062
22936986
682056658
35529351
94693026
67845213
147650533
88702126
741355106
36325508
908222678
251173406
941558931
717507498
816143680
306397874
297598396
400051076
195785301
375437020
387246519
750205570
247851869
422752580
898807982
628328809
195942749
38436710
427128720
954909430
98106093
896943332
263071441
848215265
183706773
783696353
275069931
657410011
675135271
276643089
97721366
790751014
201767127
130764776
26112738
977078752
927166529
355457157
835524033
197232374
980088133
663838063
638470870
874352618
318701561
773954898
698725035
68644079
488197192
459948804
824981875
906583720
416495272
596062476
831502611
375179170
801401280
508032816
715960573
73361408
374161298
644454574
889165855
707390179
394086967
755414479
79967498
435596879
367071713
267302478
875692461
475421874
897953176
252002778
461620640
628628368
706206333
604015531
889360083
591162835
481270416
166495746
311695392
989208195
823605581
417206817
396198197
394815881
537536801
840054381
145210261
407924774
213538319
826826545
341597749
643483065
936489301
308583738
91837380
850662381
711592452
893856228
417190185
438998728
672938455
684918257
980418316
517492216
702481512
797077571
700901956
21471665
589039687
571229852
618520532
595697926
223546418
429182714
222063255
115351008
823399293
929876261
459745331
712588809
574136853
14395978
946343201
892454687
786773899
45200249
159659935
847102916
948935108
779247170
225061476
557942573
210114261
946453336
674535315
172811038
330562238
314565317
247495190
816714542
394212365
190555539
301366970
142490150
154106961
709600572
467755897
682317683
854758121
358375630
590726717
712200372
627519632
335328225
966700884
328700902
638151419
294991216
825999717
793829493
302779660
687152056
809457757
85822047
953092170
153171640
672482510
156495573
686407349
965621819
900092221
928742233
620370524
23739114
222358994
501104476
283886505
431953069
410544296
632021457
560497076
283842760
268641995
25829576
980959263
782421295
450446834
131254930
827982398
572625973
487990150
465230226
316120340
630317167
601064276
765064713
363735540
953073972
896612169
639176547
407395089
877288977
147244953
685515020
353306805
127715807
565371019
594315129
803994395
120130872
473533667
844810748
341813378
404065304
46651049
106784764
456095921
606661085
874331388
391445596
199059411
915900800
457127891
443311170
449948414
285493796
320591839
815985451
948729774
286432053
947972163
177346549
651529838
518533912
668970740
857599081
376703744
330587725
378139720
1423051
799601613
315573651
495140374
481278437
670330341
59482890
227257413
390056390
16905692
765931029
280436493
84905639
11178808
490328858
934436503
111285522
282452591
787088417
806047687
190710204
657315155
229404560
692049619
476503167
108550036
770825588
119317249
665483652
897631847
962508012
492132143
468689772
781566236
267801180
94393883
197297398
818013028
409421428
513749505
53980012
712322155
891343711
385656490
163475832
198779800
453357319
117592032
396682825
173681923
657225018
71428083
686473617
186145457
765265699
253983830
610012660
946040746
935072476
619631271
236847754
967756913
290594029
402136690
807305336
689407215
285797792
796442716
302292820
345228317
752101328
789394100
83298115
369374870
775206924
960101665
95791595
160665672
529056315
88112922
611386363
256601193
993828548
925289943
517785471
295684199
99429673
348993641
649119631
7167820
420913313
945075886
326463580
559959350
668474312
152654538
91302923
909997815
636512876
662718915
412852086
565237060
696375695
727138384
426355574
613569876
774008315
959371694
693640378
21727941
258546109
814501021
148145703
518894489
931182961
680312540
270253930
301154930
746305442
354387857
774629971
929469882
231868542
17631595
574668690
447751835
276165231
473619455
659161238
139189469
61824427
984861734
181210999
94869246
751156856
816736384
188459678
355527086
246953281
772364448
308885632
368548116
138636271
586285060
247484537
204846909
4051980
23681107
277152241
48674893
103996096
644083237
575033519
140095457
21069941
818201868
680784670
272750887
157788226
112148059
760923534
707063749
206528619
278525038
888658199
151064758
483790151
137571499
537227116
630512575
550280026
404222361
211863165
385830478
345242824
231479164
824516685
212721249
780935359
957710920
466477709
709330300
161687244
278608616
37605320
820118825
912282284
716271936
117350152
58261213
812262327
9612616
528795356
829615601
308777929
849896464
667580640
416761023
876378980
48713809
360544538
980486819
16829704
741957046
70271018
658245188
114968388
322648472
591427513
807138730
273772230
32951293
545465096
161492395
636309865
939249038
989801202
65846907
776200092
575655446
890122517
393773280
290731269
906865180
926497673
84799209
635755118
763597539
143728779
709651793
313640840
177610849
359781356
857876568
757391144
370722859
253599803
843123024
347864400
528654752
5575571
223715008
406318183
220091041
343358176
291352636
658546382
329626396
658873322
502410989
691955673
209055271
502519146
17829482
223764070
44249172
147719575
1050282
901035926
287120975
930256494
929235398
127857614
141877556
997612638
425614173
536794170
509639556
869558131
321465181
876043874
24197267
443892042
521527977
767928188
481474264
529444005
859819684
412787486
645398660
754481037
413242649
597436468
782171231
805828327
52898365
613324674
136586551
27181454
386986116
462555190
843331794
701283088
71257087
384166811
734497791
824253269
122334239
863809175
791397012
157366933
222512179
523618479
906626172
20513814
991517817
895415766
678017460
584368409
627140185
782157707
256592371
8997106
663907495
753157971
646654619
815701692
895892590
563291771
301269948
566612768
877695051
204714364
963023676
630733376
679724090
666330408
408775919
867794604
775518156
521465634
608129611
33023861
914545298
430558800
719465209
511421084
23007801
924415616
970733289
666933221
923010259
450412833
774176847
286393120
812863653
911544655
672206998
645637287
677875090
337044644
650626114
376697325
93045235
572858794
399328341
721451318
299277186
376285829
394166634
111277808
516698935
694448500
90732926
737560359
643801258
449861859
818154768
214302760
512495930
781021411
842794437
874666683
40100034
330138619
523060746
185577084
202161556
526156055
573357012
519747293
34218934
716072846
859484197
34403275
511152407
620378165
162795144
506518614
182217791
643016935
99360070
256778039
26066135
669694406
941255541
439568612
381947162
41725225
459202812
416564418
826572700
689331377
318001711
963007553
578047390
14162001
676900768
213968104
11051692
323937169
677158128
860743273
254993020
382629617
932559986
147404881
749809855
851730971
44393480
716753109
876526481
52512383
396548918
767243407
387189659
493475427
524147242
710131973
435432385
35409254
337714474
345378675
807479974
71826797
53685222
851154484
958998960
48389340
424333479
941017497
482289403
396314982
169077722
65311986
991814731
560075758
101586886
639615682
30377042
280218090
597194830
866623169
675932936
956553486
92988745
538665305
582339940
910350910
528058498
74186619
795241926
70023937
716021933
943278530
768693371
205318628
833322074
40724184
878579190
67438897
816144237
936706144
20258601
247341171
208130849
66971700
29633135
491472109
956577784
828553545
378483945
450637694
663019975
870560234
949486353
966876451
732564555
360827377
12523248
399132455
489950576
129564115
270437572
206221527
3151214
291460164
114745876
561269763
355940840
371586838
57365770
263572284
635520912
673326954
554223093
631184792
557282556
399937440
892570973
131968001
36381985
431649956
675599125
30902325
729245086
439975235
940730212
890803345
250101273
218334421
543891587
30991550
293991752
893402948
872911630
647246080
575230406
757290685
524921243
897885761
869517889
490283543
327998458
856898413
346223580
516948750
728437390
28247405
739786881
916541187
793006885
906462203
292459633
686753116
499812403
652744003
889472953
960127745
889666043
942444121
309417967
235263316
597227420
407909971
282033961
469610304
774895958
34217493
942168976
946909657
744800621
317299558
746236288
799241114
701396165
948007119
859299985
433180423
398816859
4342803
760365566
59802695
349627507
411649234
949411355
54692059
73597647
300430428
421806259
846634067
710293514
305915730
686085254
591260186
773846637
996989349
371581153
750357736
93290245
666043784
990374662
29556481
218843873
550965201
190268463
267518482
932096158
185618507
627201959
609284229
488121379
413027093
549095861
693083647
992314310
862477101
857365978
333838771
292869981
498765775
741606380
658756262
911855902
357422459
612071136
980401364
523929190
645557872
642279066
967850138
750432647
364520177
859496292
993840075
336310644
821106532
849101247
753055541
958149372
284591323
129391554
190006945
338654158
168184948
550380169
839010771
889087943
579776720
111435773
527728482
362243917
871810012
864825978
482174234
694018050
524622662
363212905
786203616
961701949
622095005
382712818
874753265
963139987
443882228
13189384
248907152
252336986
190737026
848050465
978805787
603758005
618961052
891334577
6787595
396841529
15305610
647202939
460021196
151623532
831704311
882642294
588251880
726304610
472590158
407782230
874990028
564783532
71143079
78420452
736379760
497619258
148552784
535829370
957305097
570483758
703024953
272535241
66225945
254132687
406992961
833130345
678160202
969403463
840066815
57227147
405531928
213168770
341111706
413046753
840138764
562297181
191346701
730709929
240440977
866469612
803786545
623590541
504041468
270095198
184523012
3252010
788923685
977213894
121553327
411245878
669441694
971899137
260048939
473156144
711756934
203653383
437209661
740335779
696781464
105529565
240299265
205816275
192575667
134133799
975549068
810451119
54887622
139800526
347990140
388324381
974926312
190786018
86294301
485376653
299493349
322567519
298754329
825467988
485180058
318270459
945471858
344636492
881597545
4922184
233758411
992843540
652744443
320359475
801510360
778793801
575708709
545046955
201788734
440225414
373514481
153116372
41335361
480552
647935181
455929302
432347964
743945812
553215092
358475675
555194101
603421967
151247745
312850630
630115400
628063255
459283908
421767055
834604938
121695262
210458140
54804709
905433767
345184315
309566837
705752482
955453161
185368117
726941663
779608120
724134205
775277473
678475024
931846264
206069307
75047216
814146376
842829825
315419593
27368958
262008637
456213781
804206267
215990814
75898058
761777681
368445275
79184884
92980865
33222217
589821824
416048300
273995296
190961246
131301799
698403613
815637376
575846334
938610650
95962498
640435445
287888395
257998112
415801482
296505720
814697307
277147690
19225426
102733693
657249752
274438094
836897016
713364178
141670492
606447728
257839396
757795796
110627004
400543994
25146536
76219322
932939527
837462750
579036250
500678023
943858912
314950672
11958194
745190633
850232992
47143477
304709702
69447090
393320986
486067889
789050896
873438336
571727619
956027640
148356214
852995765
171365005
691499149
903631430
185775231
637174486
74085205
466114711
905508268
791161584
408431394
817559833
470599436
789033666
284934319
329980132
709131231
833955731
873375502
288969141
61202602
437786458
574070532
836187736
744918054
949359996
441902987
361744233
498168777
268765444
988005681
287565934
699873322
404830075
442945159
891550540
788550868
592351946
864783918
555042832
515171624
949387275
549328463
569772070
28786210
702918734
832693270
47847234
255450321
732137494
646877873
543048993
822579211
45353821
65954440
920170983
872575751
186432482
342394374
149230569
417190288
477346259
142443070
617430335
766195857
17780825
168397653
47427531
775277896
311650063
401092591
77937659
603887356
475711683
589325961
221122357
939727952
882416890
642704926
459237900
463465787
887069362
369410366
295890553
987371581
362970888
260328339
55876068
110497402
82652872
247840781
381109086
860837901
450891485
89503622
307464134
393545517
513928301
335142343
732275610
7314574
602602078
466154667
88335471
75202276
636665663
250826513
269501954
468373561
62991624
62153385
734454861
853280705
498291888
471151725
740707025
60513016
543037206
455984990
680296513
764414139
402515324
321311699
958960950
321518775
300619491
236286940
302234986
396216539
73954167
431479740
672876808
515742855
420745044
891679189
790622313
180899539
623695804
654595982
448179198
100426320
258742015
67680892
814999607
321023959
605341391
55557385
796029802
259475259
491214733
858004199
980114526
374982763
968427713
841261060
492657730
911964190
225472881
112432219
808585008
924651707
517754826
545369053
972312129
700176414
913657230
149417466
412156222
41219450
189277226
896825048
318516097
165946637
822482934
696103137
264159354
649080396
865608380
848365843
319729206
562353890
268799833
558536310
306839285
126388046
562775146
44123588
20128363
37457857
17831498
775056019
557240327
761748149
494294504
587554065
599861676
909817844
386434460
376133386
695661085
51383175
470881333
10892415
518573633
127451975
579344172
912767195
727284404
772144752
970034599
655908670
297409634
952312768
953265659
887656598
875310698
18021353
447548677
382999557
958602838
794665954
319589766
371517615
797391838
966574160
980861883
597203718
144841313
492049690
823155917
274577360
796897390
549537662
835102287
599767170
647817350
47206629
554191695
434899056
104203505
923205875
373695551
844021468
665937056
464255489
441243152
545704355
71943326
486039271
803802135
626374301
485756100
92069842
636265496
509495464
341596993
160345335
628655265
973510127
961840444
457622007
703769200
596040573
214745803
283948877
397545273
144862719
776980074
53900440
250239384
285704930
578950750
861193310
197364119
610358906
323692500
730847299
970416877
386918223
228386613
905716556
356551319
469744871
209628507
286211122
5824897
620796963
13193674
892113633
875192673
272554595
669097724
175544126
908928656
431955873
542597232
22285810
426488468
1988461
869371576
46991045
137106856
25252493
482889654
752936035
910650116
173059459
280054249
790563476
330465406
949157199
889199514
989761158
482256332
708255341
155696009
358606841
794943044
581155876
634779300
166381498
417387875
310898253
522725925
651903011
733878443
907026012
160603831
271173018
823632515
360844996
35787033
361267115
456880276
992555438
729820463
944774755
693788656
400503928
790904502
82574952
935265826
83814652
486943815
565052325
100545709
429169003
308230259
479189964
785360246
865132936
770366443
897142753
791213650
82078598
772018442
322773701
753836
917487521
590730094
823661059
161511303
281094348
370463300
394676884
194681559
783337386
915796934
671160084
819187870
350062112
157677655
696780663
217390459
698463258
160497981
258187211
838189353
272833960
787206470
318870313
813853791
864680664
181003307
180327583
642826205
385518661
869479077
961640010
511208267
747661137
513902713
771749775
980364438
133184388
243358434
281913800
649528718
105792916
681070344
227744466
499572813
732744200
308842806
883396185
337639622
395370775
19295982
393813058
541183040
254140267
268812605
295445681
291036781
139189796
438534512
80866701
861564182
523396514
717985095
131795170
767023860
157815813
515651660
307186179
729428498
278711506
843543839
631813422
606577374
113601399
157799982
404211631
933788588
387691417
30733930
842597056
32871832
338559379
122426366
477881659
108259495
29525577
575697143
979578274
597019918
496076401
502299162
122881666
854674324
526070735
155166256
51489448
385328887
381499050
492809562
265376881
848976980
255778807
503561531
553044745
88428853
616409522
800752776
435682613
386781386
421273576
653250187
967401093
526016772
444193585
821292073
351790225
30215934
162438570
917971224
555599446
980409343
983977848
552700052
480788231
720958639
343676282
81169394
612674691
585457068
546016199
649580779
504976547
434575271
48982658
948494482
135598315
986100505
254143385
88296166
597660417
745620383
80615964
939548433
962390265
598143338
118147791
86701704
580600178
616729461
444954056
551983391
535955361
910033019
811597745
216528258
595378532
873257053
807419479
479372594
633348428
445780816
564496816
767243756
630587999
655531591
801411495
642395166
804646963
481953411
139418187
583616991
648802601
563908535
142740226
596587151
580724812
452714924
819317701
396952934
169687433
837702681
190209604
974735750
558406835
4239806
914111350
251099752
667779361
682567979
433701546
691652625
561673681
750757162
270143935
117169645
95812975
981094151
692301722
984468568
298742859
292755898
195970465
341306425
38804050
996467643
789023913
442570877
422673005
49538027
510098895
992874615
375720937
129595064
324617529
492788158
790698400
241267945
710495044
443267842
217799092
859710814
51559869
918580088
657262611
802263378
987644514
884878631
47012182
653627271
102724868
156501709
738468545
886123918
268865863
323898540
319245684
703160083
30561757
651378849
717458879
77357208
292567025
997803451
867699461
550193730
945542318
246967496
648102431
933664129
858663458
800694117
882798976
458374988
647080191
962087153
