50
2
1 2
610926543 387317811
2
1 8
57349139 940895215
2
3 1
381310377 616933977
2
1 9
472636758 525607596
2
3 1
7039620 991204734
2
6 1
215253427 782990927
2
4 1
683695561 314548793
2
1 5
765989828 232254526
2
8 1
791179526 207064828
2
4 1
168557552 829686802
2
1 7
470241970 528002384
2
1 4
564717812 433526542
2
5 1
214351014 783893340
2
6 1
887296481 110947873
10
1 2 3 9 4 6 7 8 5 10
304253899 456000017 274974393 713820579 381832458 33719696 359028564 235551727 616898040 616898040
2
7 1
179025143 819219211
2
8 1
525652517 472591837
2
1 3
636518533 361725821
2
6 1
484112575 514131779
2
8 1
975340635 22903719
2
7 1
407041123 591203231
2
4 1
588195521 410048833
2
1 8
376195373 622048981
2
5 1
717834520 280409834
2
1 2
506937432 491306922
2
1 10
654994040 343250314
2
1 3
325752089 672492265
2
3 1
111143529 887100825
2
1 6
647091937 351152417
2
1 7
785110200 213134154
2
2 1
597048950 401195404
2
1 10
341973560 656270794
2
1 4
475737305 522507049
2
1 4
147988728 850255626
2
7 1
845154598 153089756
2
7 1
497814477 500429877
2
8 1
897053322 101191032
4
1 6 5 2
836212325 64195098 297341056 798740228
2
1 3
465723916 532520438
2
8 1
71922508 926321846
2
6 1
610857664 387386690
2
1 6
841580883 156663471
5
7 2 5 1 9
16406146 990319292 65143430 275901762 648718077
2
1 9
913679081 84565273
2
1 4
120437183 877807171
2
9 1
502937467 495306887
2
5 1
494210815 504033539
2
10 1
390227694 608016660
2
1 6
256384089 741860265
2
1 8
989136372 9107982
100
2 45
2
1 6
935172281 63072073
2 12
2
6 1
542458959 455785395
2 11
2
1 8
354902821 643341533
2 16
2
1 5
936134588 62109766
1 1 50 1
2 24
2
1 9
304755017 693489337
2 48
2
1 3
977417982 20826372
2 48
2
1 3
703469784 294774570
1 1 50 3
2 46
2
1 2
687826297 310418057
2 18
2
3 1
191533145 806711209
1 1 47 2
2 8
2
3 1
590396649 407847705
2 48
2
9 1
392709329 605535025
2 40
2
8 1
197850035 800394319
2 28
2
2 1
940648649 57595705
2 14
2
7 1
125604096 872640258
1 3 47 7
2 12
2
1 5
650153553 348090801
1 1 48 2
1 1 49 8
1 2 45 4
1 4 50 9
2 29
2
1 10
377191621 621052733
2 32
2
2 1
842660983 155583371
1 7 50 5
1 10 50 7
1 1 47 4
1 9 40 10
1 10 47 4
1 3 47 3
1 15 42 1
2 44
2
1 2
228046926 770197428
1 18 32 7
2 29
2
3 1
842076012 156168342
1 5 39 4
2 49
2
6 1
605984235 392260119
1 10 31 4
2 10
2
3 1
496245237 501999117
2 16
2
8 1
596088639 402155715
1 7 38 9
2 49
2
1 6
920929330 77315024
2 42
2
7 1
1285739 996958615
1 9 37 7
2 5
2
1 3
375459667 622784687
2 38
2
4 1
650165532 348078822
2 15
2
10 1
781593385 216650969
2 33
2
1 2
871715884 126528470
2 29
2
2 1
26198924 972045430
2 43
9
1 2 4 5 6 7 8 9 10
480740505 16805444 191691865 745635625 60829018 631747923 803577720 693904606 368044707
1 7 38 9
1 24 35 4
2 18
2
1 7
684251583 313992771
1 25 41 10
2 25
2
4 1
418633735 579610619
2 10
2
1 2
241487288 756757066
1 6 42 6
2 31
2
3 1
682954864 315289490
2 34
2
1 7
571662598 426581756
2 49
2
10 1
844687419 153556935
1 10 47 9
2 18
2
1 5
187109924 811134430
1 20 40 9
1 22 34 9
1 15 34 7
1 30 32 6
2 40
2
1 6
496053574 502190780
2 46
2
5 1
810615343 187629011
2 23
2
1 3
3176414 995067940
2 10
2
1 10
818512454 179731900
2 35
2
7 1
776701988 221542366
2 35
2
5 1
92436429 905807925
2 2
2
1 4
437977714 560266640
2 46
2
8 1
233564223 764680131
2 40
2
1 5
599659359 398584995
2 16
2
1 6
215016843 783227511
1 27 31 3
1 1 30 2
1 16 28 4
2 50
2
1 3
309282055 688962299
2 50
2
9 1
697452367 300791987
2 23
2
4 1
35824994 962419360
2 19
2
1 9
597866512 400377842
2 24
2
5 1
866610862 131633492
1 18 49 8
2 16
2
9 1
818448567 179795787
2 9
2
2 1
670495776 327748578
1 28 46 5
1 30 45 9
2 11
2
2 1
248476995 749767359
2 18
2
7 1
882713542 115530812
1 26 31 6
1 41 44 7
1 11 20 2
1 20 21 10
1 41 46 6
2 6
2
1 3
446440830 551803524
2 15
2
1 3
682207179 316037175
1 41 49 6
2 33
2
1 5
182076776 816167578
