42
3
1 4 5
237363541 355791258 405089555
3
1 2 9
546172428 796026002 654290277
3
6 3 1
29808575 334086431 634349348
3
6 1 7
186000874 574136247 238107233
3
1 8 7
766260352 116972277 115011725
2
8 1
847719088 150525266
2
1 9
856648383 141595971
3
5 1 7
133273608 559630758 305339988
3
1 9 6
946934594 159238941 890315172
3
4 2 1
627998518 90255265 279990571
4
10 5 6 1
376365074 321165156 941311483 357646994
3
1 10 6
549792062 473152850 973543795
2
7 1
760170063 238074291
9
1 2 3 4 10 6 7 8 5
35649303 936393133 261120758 338880000 147616382 285534820 551403228 885948851 550430938
3
1 7 10
1345634 344181676 652717044
3
1 7 10
696714664 103791459 197738231
2
1 9
980452644 17791710
2
2 1
922313895 75930459
3
6 1 8
607695226 385847397 4701731
2
1 5
887623906 110620448
2
1 9
522974228 475270126
3
8 7 1
664783822 500856127 830848758
3
5 4 1
726324588 184186066 87733700
3
1 6 7
398682823 643727854 954078030
3
1 7 10
829947343 773998742 392542622
3
1 7 5
646097686 709588023 640802998
2
3 1
716163459 282080895
3
1 2 3
328218751 169958089 500067514
9
3 2 1 4 6 7 8 9 10
203591936 266695953 57033693 551790547 462177153 590784966 456564025 584636779 819702361
2
1 2
272683423 725560931
3
7 3 1
168968829 222909961 606365564
3
10 5 1
23862034 759334532 215047788
3
1 3 2
786917022 837855435 371716250
2
2 1
255655371 742588983
2
1 4
257351388 740892966
3
1 8 3
862110776 783441135 350936796
3
4 1 10
975069113 997149279 24270315
2
1 10
22330727 975913627
2
9 1
135085421 863158933
3
3 1 8
162173780 101485514 734585060
2
1 10
371040439 627203915
2
8 1
49877280 948367074
93
1 1 42 6
1 1 42 3
2 10
3
1 9 4
379489579 263959765 354795010
2 27
3
1 3 7
811088511 785688183 399712013
1 2 41 1
2 2
2
1 3
989214235 9030119
2 8
3
1 7 10
906379919 158985387 931123401
1 1 41 7
2 22
9
1 9 4 5 6 7 8 3 10
828620677 353378501 656496397 284076385 808300414 226625426 473048034 889572478 471103454
1 2 39 2
2 7
9
1 2 4 8 6 7 5 9 10
657751191 996712048 213944728 232062863 408791045 991928461 6850951 226094360 258841766
1 1 40 6
1 4 39 5
1 2 42 9
1 6 36 4
1 3 35 1
1 3 41 10
2 41
2
3 1
935877041 62367313
1 3 37 9
2 29
3
1 3 5
278818632 786963940 930706135
1 4 41 6
2 1
2
2 1
584941244 413303110
2 9
3
9 2 1
174503096 712872247 110869011
1 1 42 4
1 5 36 5
1 8 31 5
1 9 32 5
1 11 42 8
1 1 40 6
1 5 36 6
2 17
2
6 1
716913140 281331214
1 9 33 3
1 8 36 4
1 1 30 2
1 13 30 8
1 2 27 10
2 25
2
1 10
271935738 726308616
1 12 34 2
1 12 38 3
2 12
2
7 1
365924436 632319918
2 33
2
1 4
506357452 491886902
1 16 29 4
1 5 40 4
2 8
3
9 2 1
149506059 952148424 894834224
2 19
2
4 1
576988231 421256123
1 16 22 6
2 4
3
1 7 9
572292490 993092414 431103803
2 26
3
3 1 9
645396919 636568445 714523343
2 1
2
1 8
455597725 542646629
2 32
2
1 3
93814007 904430347
1 3 32 10
1 16 27 5
1 11 21 7
1 15 20 7
1 23 29 5
1 19 21 9
1 10 17 1
1 23 41 8
2 11
2
1 6
223356176 774888178
2 22
2
7 1
191778713 806465641
1 14 36 5
2 5
2
1 7
794998808 203245546
1 21 40 9
1 3 42 2
1 11 17 2
2 1
3
1 3 5
732162321 205601402 60480631
1 12 22 4
1 16 38 8
2 8
2
5 1
985878102 12366252
1 3 40 2
2 17
2
6 1
649974867 348269487
1 17 37 9
1 9 10 10
2 23
3
10 5 1
43073246 182886352 772284756
1 24 33 10
2 14
3
1 5 10
572109811 314928125 111206418
1 12 22 2
1 22 25 2
1 34 35 7
1 24 25 7
1 36 37 5
2 11
2
4 1
239374005 758870349
1 35 39 9
2 16
2
7 1
254366637 743877717
1 24 29 9
1 35 37 6
2 33
2
1 5
176308920 821935434
2 9
2
1 9
736219186 262025168
2 7
2
1 6
817104930 181139424
1 39 41 4
1 12 22 10
1 37 41 2
1 12 21 8
