632481657
215509253
861149926
37251697
861608776
443762516
892653418
555441136
837577619
155253731
496965692
814988089
476061746
762214460
42800452
659819291
567922574
214211602
819481033
518124643
811547896
433246283
77819123
996675908
828130527
960861387
791647198
285848637
170344883
295734344
105869463
815287033
59809884
563494472
218585370
967840133
339828320
997156222
199126023
401150030
281462993
455069983
557094843
31001820
95476391
39373840
429580325
601000706
626547192
875601188
91702387
727537308
890774969
589542177
407570305
596239905
716473084
996226088
730232749
375091435
966864778
757227371
950110218
324332085
714884334
943474160
491795643
962478201
27649563
388847714
349535962
92228401
271421765
445698293
172632010
776503765
894506837
422712720
345572179
813684196
259035595
567177840
963229780
898622687
687410069
200294619
451842816
122158796
144445301
225875147
200762157
677957471
148597
855238576
796358005
936722209
510634943
36007073
649720363
880028183
429477605
383375356
435608547
522277557
35382950
148310276
208464547
552208563
533199492
991583791
410793900
686893710
33428189
119760010
679534191
546737502
331282221
49377570
266187891
454446867
427765814
970026024
851466356
543597825
314124973
528362850
434508981
240279402
36078673
373444780
149588907
35569130
507274818
806944279
891281838
919032284
861981024
960752253
39868196
277645068
639149648
148968736
511169557
604176775
338012970
7804480
10308331
545051133
459412758
401749933
124078947
48441758
457149040
539852573
71721507
717484519
577553438
850113802
478312383
844750654
470129406
284156136
558995578
573763550
280153329
881851448
879500453
690325670
216639024
128892743
806418237
809372855
424737821
160523934
543838685
394914353
559450637
201196671
227915854
116967230
611941789
584397938
521086546
520008071
161803250
898844741
715394694
438230204
983293818
841313684
967964211
436522326
943332748
408043331
311504427
823853256
314856378
654938767
306393751
360876191
459013390
32494435
97036004
477294583
469049494
717020931
798134838
636320202
452708870
969440931
316600473
597291905
733877354
60226159
952096655
190289082
370211654
772267322
541606811
507112608
354251634
826383564
410834946
25294288
755128719
485208031
754152388
247862081
866597871
111673335
382847578
83063380
287787618
746757500
998218394
658739134
72281126
21332662
596145556
553955717
558233893
471056372
109170632
395963103
914610913
740810868
912117916
310882101
194539816
558957151
902334080
734500469
825434790
537296095
337644067
642295222
929002810
72859657
629449574
40415469
925976033
227832157
704702575
384466038
114676116
848733595
860901418
628886021
401935930
285223596
582101563
422982209
803499796
120840723
12259347
124959590
308947605
666348513
984863195
390056568
332356423
113146131
191955378
40468383
827710943
155292806
45213165
52800968
254902966
786597560
759445494
185256984
455971688
263834274
519602347
311738114
349201444
169932990
733352309
980459699
136206145
433366318
796570826
337034271
640095524
299939607
807255357
278407317
790362909
508984886
242136708
701760484
659985335
465505649
508479368
610510089
329903053
343382526
382796596
61004726
746382310
251662510
340046044
49402791
588585182
639567740
50503957
785615063
451584751
313098970
124107237
340950714
544136319
965644290
626976241
959759902
141878185
644873167
418784532
547303795
80573703
639143138
898586576
477429578
60161644
477200523
642639916
935717219
794393162
703281708
173960883
389773679
448484388
109079790
471651957
590143760
538193511
351120326
991909180
737659490
448556364
54507927
38481645
181135472
506923666
320897791
493525222
959620206
437674107
251775670
62579354
298492356
41961966
782432545
802280850
153156906
750848048
154070232
703325430
757470655
650303390
341485541
20498743
159458340
608847627
130720492
7332186
465549092
941896711
136046790
327844636
931084494
346270644
397807348
514136540
151788200
892400169
185208172
867225147
572283065
569477881
878206729
837329912
611814188
622465296
991182761
705090165
19337761
85782141
371662144
340034954
943459259
718417385
354222605
589270783
40489284
900672095
472167674
497417843
907736385
458787461
128294534
802950739
918622660
380612468
945315095
409172661
557352408
823761403
138505499
232143294
727605041
781618762
553142070
377253565
973463404
319525550
996677732
700939069
775389585
339751680
164477542
815322511
356546515
532201691
667954464
373447273
438710874
676941149
401742768
722815311
395191217
924742374
387601053
261735238
517988331
582431790
875544122
688243179
218389731
742788320
173135752
197933996
275341504
940365677
841514814
596533014
650939825
635289405
574662620
430473051
613095303
123511100
392166659
328797223
593552841
534758704
982375178
513672198
93423993
127624656
684887130
106763037
345489758
935611455
643376169
572136155
196331134
935438497
714615228
537319254
64716289
912474037
481607799
879598878
366315298
493456135
980147072
54209485
295332392
645641514
570838825
744078934
866661548
732127964
331071364
525336435
93178838
751001553
880404202
234800087
353880241
492948631
845580633
543285415
498168192
451286535
569130694
190697061
807963142
965206879
794201470
200291800
223415978
363872178
725637597
43321113
295391892
923551418
776037420
948531428
428920915
601212284
411582923
946972311
883006303
31398007
369914717
239323861
349795674
485549081
43531574
885779357
284632742
118358181
445377997
364204954
294094706
911646323
401295856
4427791
484911526
688675550
773609901
802705468
752794509
747770744
184955868
888603150
846852621
467536080
242272616
523684000
926580081
693231112
385441016
353666201
259354911
296136669
602130544
763877746
634575051
606546293
982747564
343039134
324790206
776374636
220817894
174467705
233503491
463212396
378226509
460260880
714011574
803073954
524075154
651674748
220611714
126517252
978895554
186760677
83404650
878596686
145648545
686046171
734705612
448741693
184096586
518156243
588223988
510401007
878830840
638519752
120488548
791360823
287833962
525123786
176116643
145684506
640456464
31976614
221827004
800619391
596058209
346371236
358795541
806740613
122003177
45750875
408823161
54209840
433769995
571985321
612323369
860156106
236908069
317557896
507711656
862702007
967148913
949706341
870063644
665964022
298263316
518740628
615706639
676287748
247002317
162982102
878118692
716304334
590993523
446713080
79262137
99610311
531244355
872576801
823127460
114022769
52004613
63013550
458691090
987125206
377360481
630894423
229423665
184706422
262976024
67357006
766180809
654681590
314958943
770849212
164489589
548102431
761557513
187580961
302211971
471719764
667854415
800758399
968357849
187936678
764426696
453709226
124290639
577080671
983974332
85557273
231562414
206706596
859316336
264809228
787557149
721650467
932809576
506308132
574326012
438208518
550585685
752094784
14718068
316290838
911173892
765589151
193996135
809552024
861344418
880286036
306812029
852160836
40798380
69693532
242032725
845174668
155629680
880378579
453153100
225785493
555637296
37112678
202062672
182415262
477079558
954616641
568303284
901427625
931645054
674191662
443411759
105795417
696726081
91971379
300243103
569348271
678875924
811511945
560663515
896654473
704652238
119364025
290498763
144489206
182389022
631898793
874999413
435051554
739335508
533781181
728895406
937587459
521165605
567412786
363038989
183173804
603497188
583703636
634778426
7398779
414831790
808928939
942175378
140725629
965146783
876029445
949825548
355642043
322136637
559048916
686436439
74674529
432928256
148295114
79690270
337786597
767633889
679572695
900059773
798022034
845565126
924853552
708838633
155581209
438727578
109420827
634892778
83130066
331339213
98057852
500296555
240790420
697333077
947837693
330746952
498098237
66318170
448850014
48252197
346052598
448015055
62472067
60223947
115865692
499879792
704467029
242583692
556268978
656661684
716249407
877164226
811337658
525434771
155362865
302501313
558026096
283177669
885537759
818887031
518377979
517819652
104311295
478824191
432048816
878945566
961244156
236754698
926995269
162987816
977843181
310652177
396030396
103569758
941860715
401001811
382925212
83259675
70744590
178635784
969289114
134590443
441293793
780863757
865333307
562998930
446866957
435592296
299425699
667639266
225280083
187267935
217770791
601987201
165038467
196653173
353143419
298519227
378787020
69649192
287023332
762032095
135565507
339610862
752706529
260144605
261477276
946529635
273696548
131709875
75413648
175884165
919902941
69150450
571166948
459301497
944466847
740027198
635130022
226750457
407781341
39517156
731538509
671680493
45989451
449571000
232744585
353160273
160952187
739665003
276297514
265600005
977948976
241873907
204778933
579367143
52068381
18806383
936525100
323681572
165546565
457453688
979931938
909469272
524112560
809508064
744830800
704672108
24094278
782207098
62392391
494201233
633548123
711538548
788674759
872858965
793428094
493257286
230330524
261206988
994985578
8192321
73334151
448713170
67508912
799795748
161397752
777879547
295231645
551461431
945634624
486508376
452192244
863642885
937541706
950994904
861492972
45164953
383977176
792549209
769888106
83937347
614649599
73083375
104555661
980532864
262434343
976091705
556652579
388015550
916574232
200737325
381774357
666012758
850507236
164895889
300426171
413243036
905442363
637235
242177985
85838878
67004533
921034735
764263374
4203134
550397326
92283204
321656668
58942219
359946074
740198665
314661059
387284335
994415230
858886477
571633011
89522563
763735407
862011568
49809100
171023287
148156558
438983016
564894887
720254809
144260129
798352901
633042799
996775034
739025072
58129235
220523316
166390992
37514441
498712923
885938693
565865351
390256325
820178635
785287302
830812688
634521201
934634442
118045012
880180049
246961760
717207059
949521811
836494682
363742735
420943552
359955453
872757721
380922405
120004715
700314300
407972705
654200395
838501433
279552788
897241346
829937307
261183768
840162577
933373700
658177267
741993095
55685920
502002493
463179300
835481692
935887786
866250081
709683200
806087262
159657907
547963611
480769199
179104419
862560055
444569964
700830208
765828637
104248047
449737930
515632443
81533019
191185974
756881955
305313841
372003195
114794032
511882966
856924724
366631347
899451277
664690633
61582156
184713760
810089416
283386715
499929410
310143227
438401253
744952417
266285115
154827837
843661874
797293818
300857329
838970419
357661298
778803502
629823002
498126215
865494026
780569247
105524113
587115515
29632893
328032595
654487975
321827103
36263576
380360455
410627759
383770201
569326868
650238677
775474635
184095203
670740738
49202329
566787073
986723585
635338452
449216370
56280874
607467781
968493340
886632949
395953034
159300241
40405293
897907576
75898992
185652035
676186967
821770271
630635342
940898470
725419782
868320951
207997161
681265047
168724528
377494615
23572355
444653024
252578561
169043713
72948829
613973008
155116152
136030204
67155505
419685606
774038106
604171759
882617916
578147766
423409552
864480640
223527315
787221907
865408677
350422939
516970691
565961711
429850740
623861220
865094602
971148515
81444917
25107738
100828819
794704074
230902197
712350882
285414715
405170487
972144093
849365599
128328135
263710161
534120870
360511887
899831824
361463855
240672821
488659632
77965936
781016682
71224296
184931695
329448047
951554267
828558168
942170840
395412444
281265626
173651203
646650384
862472758
490448414
331613656
322696161
190235299
77079947
55418189
490874568
539313852
970552724
294225632
724037954
73219140
593159154
232199882
199560346
56449686
331954563
569302334
165351367
727445567
640685762
700332863
126778034
208739388
161333532
997537543
739687552
16386791
485135023
791464023
399102843
989911005
958238037
519828365
162760506
449027533
238378173
267543692
391195797
470051839
544597544
731469150
811538641
684444300
84737774
588717583
548431193
841039804
145292805
407833747
850312098
218065948
275284704
276498888
623139345
290130670
583387140
740077357
295663329
485559918
829020428
385916401
862899588
356225907
743547987
83882118
848551258
96651654
74283512
246789524
77993338
140193302
227826137
349095560
746246824
425736539
430779120
667186901
97167749
846704676
27715877
369126967
564493981
210438515
831306214
303995143
797080800
598996408
792014958
328254357
708509915
252563292
836729266
165994326
622089666
831679434
505024304
17297512
94493872
181314312
220066624
99897157
520365716
676624942
948420072
438368806
875098221
76187921
481293480
529370604
188919917
257289239
921711516
597210806
683219393
695382480
423268089
908964232
178684856
674054960
590841042
898153853
823883608
22902638
551332025
637850388
572733747
638526629
835716266
996524462
850561320
412126264
116943434
115913385
183065830
776504618
8129590
273389337
221526919
793954852
986271447
326028354
31370127
745862832
11082394
933587097
619875529
161823688
975420391
300158377
66241756
546574819
19595712
538964120
890225211
199911650
416110863
899757126
648444605
145583419
924116456
831247525
916125376
285189756
698732601
574907228
449782597
86297733
147769250
283069566
513589547
823539729
429690424
382731646
541964560
184299193
452029594
734236675
808946712
865998944
629010567
343288048
95059696
387526622
880438652
408070504
501188178
179958816
781296778
525642913
59671132
738208447
689525880
153108925
167411404
7785138
566793692
678845825
618535864
26255979
748665007
988307411
42221650
734001332
480001110
897559084
630581131
72991362
622828745
314137972
936060181
609486320
514334797
52140281
532667090
679327368
923409100
761536933
298495941
842031743
691906098
251267143
857006243
78942084
644643445
654994949
948058350
272842794
735908345
674024003
307361716
670171334
199789151
642403823
560870193
457363251
371270182
633756496
350462828
895619051
915647350
56936379
550671930
740243666
318354698
879331928
608206684
568967293
259144185
860833466
193262600
664013381
620513820
94283874
520081860
378354841
939897065
791351653
721729108
827759298
382217626
897784618
644084290
800156625
330740305
958869695
519613871
696594364
710107931
148214073
409923686
289075614
943946093
124031423
355321452
192872167
773078819
350075028
696782691
336346097
462910292
726036936
909387580
568048621
224490024
712611664
527764036
724712227
29910107
476329269
102336184
884171489
565990267
20754829
260160897
508330159
511226123
523136021
678165388
41638202
623857232
703125313
600705421
363278331
408872109
653969093
43776927
860514949
601160046
724584731
105713131
94648853
83796195
769381926
995848780
599688024
985239181
700541092
257372282
898524643
2565871
475468034
494401356
932102197
784951636
603723135
423086079
769664434
899727063
336665659
837119275
889124439
856934880
892658077
920026416
24272494
867306868
611632043
789945663
533727452
591711992
500535035
522434188
457939204
310041271
68690866
470285757
809827169
299239657
631646721
448841517
256264296
422733
940729778
49255961
206787626
836664847
880887486
541363473
820756575
210277620
753704303
27660698
654093774
685639593
643887697
490574649
55817164
688367501
778453987
820069100
508043379
158746777
775285832
318062070
288233214
373044126
186163158
541975127
760020285
203352250
549006663
854930797
477803738
859220950
445514337
283080518
703709544
129775174
464402981
322252691
488872642
531623386
784874203
711151627
571458779
876288210
858570893
482479618
124533542
211216314
622799780
844833075
471318203
585738072
815875652
739663952
809276417
966116761
472747291
260258286
986144900
544861935
300498105
946942436
647548089
146091375
979626878
948049834
784759762
499160403
150467631
259137716
978719639
952482650
161848160
514395662
144638375
831316494
758772255
623493884
823070851
341423750
208320018
814538499
468859924
376935344
120224080
252284785
191194001
550857907
603969284
5410500
575055272
342091444
346433545
886338271
567018724
47096597
639430132
531151608
226179400
310155636
688028179
563179559
951605482
383072291
638684608
475294565
995344826
305439055
787826212
393940851
664803518
63882129
892604054
286000486
47262834
159214737
777879748
526434083
66714402
547517657
325157748
316567936
330436887
704361049
545480622
464602971
495810783
173658306
392756819
855300870
949967790
501397664
46114700
440578215
199113476
406229873
339278283
114560925
300931455
446523937
203195839
439931300
249908784
39070146
896255056
272607070
71564058
772221734
402072475
698055878
245867500
321706883
161002891
616083378
731361584
635220885
452178227
411467281
169091432
735153223
414544551
974414917
69051696
161575842
768395710
687737967
726332943
387409651
607706240
462319375
51746500
611434478
54034424
54094862
697427529
959884041
941865761
532122514
469707700
970160104
988694963
821200461
674928279
189764017
889692440
161087366
544439025
514722250
37416952
940178093
187014940
338646021
859021227
328224886
517997154
767717456
315377988
827142828
437453868
102412428
437008832
1638950
672200331
924996380
576065423
531944688
402983137
981574915
152946646
768827163
70638459
844597540
441446927
483657713
947118920
950410824
48959431
472898683
156150265
719409262
715135117
282949181
226042752
239061606
323142257
321172239
58012872
204405682
981424221
439752985
814982809
107603402
907808086
31808284
109576212
71981384
50563431
424221561
881626093
922559180
328581067
703103398
66220205
430957128
989651688
286749741
572943916
176283242
555263305
278825879
797864490
944527483
926748915
618586185
252205574
183800961
12615090
72854858
366520006
215630576
465801968
576123704
940721563
846189654
338298724
410322807
641675811
291202634
820142047
26392222
295205899
252776059
116634203
122313104
886733454
23088534
991120251
11460156
199517319
608937923
991807842
525686055
191973057
233900686
878548914
15012856
806171615
439161001
754317881
925697403
702396508
239188984
653219629
179708530
769298703
65718272
356957172
481746951
316880958
708679473
693478260
556045533
145925625
624320183
17454874
527198646
702387744
338279264
130034729
77046667
339329448
540657079
369769629
440818723
279348126
221601394
143705184
557808382
108202529
608673982
154173319
980251728
621217123
709066169
867909499
894084796
326655835
589315069
751646982
651972217
839234094
767591171
275603019
689897932
305979933
213611877
758516065
816772853
18189893
633000859
942151229
684663940
50628191
300757566
704379527
99486890
582725333
369471237
570113134
332998960
322233384
699777229
639766513
991484470
868696968
48820131
780701812
6915420
193841578
200329604
572156418
290908318
701887998
719526144
879632157
669402850
440480375
95261259
814926541
180415034
59812237
725194499
874717485
928278348
374860986
259401857
406170671
478002772
760472927
508901512
52557336
542083462
191022684
5982742
246278623
962987244
9333841
942452522
756779324
874827300
541045181
510939166
12273761
403207240
930440044
834868514
158523092
48979348
314467995
141069384
476937833
798266092
137921185
756735964
858710428
495936631
508238219
854439350
164924222
904722840
906061669
212920930
605881090
163656579
521271659
366177941
265456977
392975104
477100745
802413913
941878114
808392322
420150508
841276389
292750735
535543763
41748076
161739331
4499114
940918189
398911381
684339906
812063071
945128450
516364150
678096025
36558648
42112358
663722823
93725341
920325523
238946256
600864716
576103364
995543802
52351935
970464088
672424232
884758936
476551408
672939009
439898463
686441717
660083769
677282561
454700714
61948952
832838075
418149610
254226826
770250326
37493894
759094352
532539488
393856108
995437768
71763015
658381057
248881628
283269504
887710121
408322118
190510674
618504998
741631550
557092493
302869007
834333462
371368365
250377092
776787095
247831146
918377246
650564659
180979818
18130743
780677419
62651612
462025993
880615291
706459160
754562339
998231049
220549447
408569164
555328157
494765593
272621153
399866674
508797261
78611647
594259699
265121173
60218334
183378389
633867766
915036977
969173165
707465562
346221853
826446143
719867118
123349308
162199451
904753661
168806003
363813263
973497207
806838648
297442883
635834505
747712026
445329749
866023350
276943207
971402507
334568829
70919994
692205213
131845781
573813490
962984497
729964188
716582551
287717346
653101143
653138219
334138557
814869068
100235963
609282024
534114870
133617445
27299796
779897013
40418981
776704154
9018045
245666418
915028963
733823701
819126830
751394571
947633218
726512085
923737640
49656036
357797701
775697301
1902084
131447248
189306235
142446596
546345506
918868045
693077871
636174235
838459297
79826018
986835480
870994445
848096261
528073965
370437351
983054512
208613063
465001022
140833641
952595756
656629501
437408121
68215068
795305107
581094959
420005697
892628958
504239445
963699038
380150599
350022348
997138037
29999332
868449741
293883176
429461375
146052804
372150538
183560447
660776813
671868050
211546529
253550067
430695478
598853059
13057001
166308739
911473795
892006598
449713171
686722707
87198456
612099182
280847594
664053770
727822904
993340082
970961142
540732889
283639083
82778070
836614075
233487917
948647425
346676877
221623878
715687175
419237437
705252693
996676328
187200688
819288118
905223926
233921685
50654634
800675027
336163999
937783809
601075445
774509264
570539942
232312048
382917747
475544299
820781764
963216772
685604081
794258109
770040857
246105147
650913748
185917579
440957236
431209558
89397673
526035246
317175617
571374640
913578191
426564563
697944018
1499945
686185404
947196596
378604076
438315941
695720522
512793254
934710508
942076195
892148107
125371278
672749018
652899233
478805178
807567469
152455859
114658099
642970958
677606748
953431710
468269577
147653499
90479456
176361883
772581846
591710971
857106694
523526233
148858697
872421278
572723012
843996812
680846946
937333240
125942846
989699352
239448322
356454302
290966769
34713346
703065911
508545826
723740703
661655323
813555526
969386280
60835568
98560129
590242424
653117448
760027574
501368624
963345971
60005740
22798237
41839128
363079654
562942011
670056538
269160074
964330591
317014228
147234469
852597413
226747134
125600701
973648835
146927961
507729961
579669805
89593876
382943879
123493347
915566674
379806390
98808063
117648533
802921211
492108739
182902315
780712249
214693470
227851395
63710010
884764008
526913165
633277807
633666730
172581379
653948675
120023296
584666826
690661116
344284333
576563469
297314769
39808657
954950278
748948340
141323890
717170151
936557273
639877242
691365345
129750260
150136101
360670196
271167278
173282116
375019952
328406836
322167379
905507528
708662669
208914456
745444766
462802359
637438403
23269070
779545907
914479050
280557697
281849019
738116272
733197045
321302639
438623016
727158397
544775774
694509418
572686857
81926501
507214203
330265927
178497037
193656662
747906828
456738801
91947815
782184393
67783498
725953866
904756952
331053804
61585207
764098941
531517453
370263879
109711561
42725973
967316844
62250241
493666398
793055504
389633564
317753831
307970698
422129921
94182809
666536993
348001398
48870706
496078432
558920116
58349790
129421818
153680407
65410873
428051283
291702849
432860621
50610124
10212061
865855953
183503866
715274646
356838836
85809348
648069430
218747816
503484677
30668951
701897764
536144882
801859908
679665926
392259551
435046525
993203641
137985000
16587282
553175762
281881013
163430031
215706141
613814531
47879161
353708680
556586750
833056811
478808502
262287640
530027444
73075886
545463265
439531782
347424127
790727207
118981549
269677008
415361304
10761548
390608816
885695401
940404729
881359925
794300910
482487248
955990876
423041029
185606521
695733458
633844016
394775606
801262259
497216481
195886649
416152488
111488049
672738909
727558560
785321997
717434546
92777031
657010817
967243300
755696038
87679568
673602323
442274486
95782071
55123690
411188887
762859359
110237341
646126185
137556250
55731725
391678607
381937589
398074902
746481552
890723895
454894068
76986128
862570968
168563607
127855424
756164343
896217444
129345292
981875518
579643215
311659272
762371038
369756171
859215887
260701778
70345319
188699465
228191924
837636212
275340201
400257680
375563291
769821196
459762026
353328719
822555882
482096672
976767409
898134398
967411690
888918954
133689040
380020012
882082001
518173653
292837206
342974747
8591854
216289420
713137294
54184717
172130192
130808396
329438954
656302066
844866556
285795197
146801532
286149484
428051059
142506776
887357200
271170325
406378623
783709883
743551180
91698297
657125077
115509671
459384214
677491506
923219735
851488716
273672082
671419171
873692101
141611107
821370850
871430046
201964165
849421428
637998310
882993556
238666283
531497248
208180913
117472283
144496202
110053185
671631211
544241848
358351074
555930548
981712486
852746453
587785346
283505273
252960823
851188489
434237585
412348315
957790750
981924991
859154365
623965300
680900714
175284102
482684722
24199517
363261752
938417483
556169671
350445220
65604127
223632607
772441797
37401873
824149098
524175541
152906460
619302921
710320724
339391037
794229905
400982754
591375823
79267091
534252049
372110431
710951567
430656745
390774702
769893444
58327943
85407757
88813054
840175710
398031010
305311484
302066995
458103152
364215321
791991776
346948445
268442884
336849285
249952607
867344585
652989404
332621080
425525923
998153549
788731066
513556170
164085939
623980396
249116138
890582708
878206598
935279932
432277489
413556162
758421213
917776477
636250009
499055331
621187973
349513820
236155587
737525713
285282691
35187360
701983493
287637808
12557808
69224008
6171709
385138955
745660552
227474391
413319294
749243820
621779228
842495037
175485767
353165056
926672459
79773050
691874193
71667688
933772435
311953256
676247113
346599004
389475843
737888625
626103252
425401293
919021115
298773308
900127537
687270797
636980744
968874760
691680419
177073827
970733037
430883737
777927743
952451585
706513816
931805377
769381878
339541346
146803784
978353433
792205565
539200010
826932419
742385329
945118226
539583201
944548341
203351855
887500602
806718199
101977361
962044694
333259897
766633694
820845745
937850954
171655526
97517754
927520427
459685878
429978094
901719734
317439418
295797735
163775693
787280945
285606032
298197177
585352402
337187250
699106087
817065609
929491803
562944341
278213586
994417866
712616064
717934551
953617940
155154967
712565184
626632927
511731695
40873282
484086941
907328627
50813875
203871755
130078342
730386972
43459186
604514141
825975890
437160298
804506182
419758515
416664996
333103804
256599282
105293831
342845807
950361689
658716662
847586459
329389181
410170104
150642602
509546910
77518508
776074251
59390530
31173286
868946395
601186231
887522308
753713743
666192646
738259834
983732647
545367923
288536128
249834263
527351159
3182158
532902152
928909266
97560241
507447299
398223911
683545039
107274045
515670131
479421482
531044006
273659105
207199718
235792021
563358070
519385156
865045682
483214857
903114382
110466099
826830785
391147666
79583271
841394211
826177867
171501720
864067625
81237967
310846908
434597312
744128812
8179741
66150931
567642459
160385712
300513662
88988450
525180570
109940412
110134921
589591956
44588196
733337151
167780090
421600543
371831856
510290068
47046158
12853230
235662440
355020830
692738487
766436955
984315442
440409961
467871549
696296642
383044022
743455186
165771345
587611147
31620018
685355885
30463492
477017885
402271136
511130302
238175953
65639177
908973145
226060797
580492713
863240634
958507901
455232087
71670191
548081178
220662160
984771693
280910835
581737325
564403652
10380427
300989185
14867355
141814381
540497175
38531663
174805548
594124444
60526676
835391275
12944288
435262895
235239744
368909286
638393923
644707558
317673859
512647752
70710920
626079319
918800367
419131501
376359051
2944697
505026165
335610475
73916185
392021683
839422097
729461781
492256030
17926624
483645195
926133387
731342488
358890949
358261207
44100947
47408754
760163902
844110872
842393968
244641440
324172406
584210464
55360870
456790521
518309648
129100482
530043680
540692564
3883919
146017565
764351362
140057804
682374167
114580360
639144570
912722636
123174065
84203189
932982285
950279085
854104173
773713872
789438633
444895094
306388632
636402910
159203632
140438884
919396308
276128628
441012492
905207696
667266632
824025792
20649009
197746257
385664455
331833165
71496759
316518551
337111674
367288172
53993495
954157122
929368296
919767053
224174820
538631257
437251066
602276590
54673502
115426138
361771894
102736554
111756449
42315264
728432720
361459638
456269106
636530315
194335214
813000304
699007646
983406254
991776216
170811685
443517951
150969396
379292846
46905596
310570727
879672375
459748396
933699852
810359867
771978128
988451652
936334484
577586605
404481668
705254805
507448193
384272842
14839127
704404130
995988387
162647712
207110592
597889657
59035361
704365906
146287891
469636591
199830255
816775843
642985310
252916382
390268941
742735620
23617813
74422535
275438932
819351294
234186148
539229314
785261589
388354766
389540321
23362808
35036503
857168443
903159118
237104743
98717836
988679416
600731140
596768862
205295934
463910215
578898523
438066751
759207446
440307949
321120026
324134216
923843363
977647325
239689615
393472872
89860686
86445893
160735428
759603800
61772072
480214103
694989206
38201920
653321640
451497581
580059106
744657578
895225794
798667866
971781060
213074353
945941311
722706853
610788288
897204990
153357979
97173628
817816479
335686865
804088529
429716265
973251439
139799915
204486634
216587123
678888903
731657230
669970663
222103012
53604695
647183388
241931142
160450506
376354065
915785882
65010279
302857284
739762669
11669797
68723885
413487154
110324199
836253513
875383315
263188753
120284623
925229982
453812949
432506617
880980211
897948881
574354618
694923660
122820116
539990185
587309346
936142514
792001901
990092398
884281070
399878250
124100717
69107450
908367845
989041696
322808107
32023450
521358915
598817853
234955440
682040451
504993952
106709124
710193115
549853131
546621704
663314448
780881601
31224484
772896590
541707309
962796590
499438145
464501217
545420555
454976235
523174012
287400884
379583194
302117944
831645562
296370130
245526637
937182708
313760187
964965943
200604034
940575531
576421198
356738286
197552591
258686181
110917460
748089600
720384218
507308680
684154548
691991959
344808745
217032686
220970642
155675198
309027929
505160487
23662102
809137249
957844967
182457528
934536236
458774012
753392166
183296393
865488167
420920231
289632001
108005324
363024596
995523470
322860766
846362915
853428938
271833258
577428187
863282595
497429967
695033141
785213194
343297835
984390376
975615240
901260013
650940870
177909633
749512626
523114424
807222461
979895898
615197830
737490433
662300138
860694607
409618609
686474325
385884322
716902820
961901498
48651243
647649243
811487230
895565186
374653026
709193252
159073733
509346152
698761497
708641359
771642684
663749582
804166646
552851948
780965584
412816240
157317569
661391699
668719337
846818464
375308354
817510636
886262021
582949144
314440557
620414420
180550777
18786201
913860958
652593582
91347934
929060914
150642782
520397055
599843016
855608133
420365090
940619697
638738303
657742079
532349526
388987726
815284648
855471681
330643043
539472699
980733065
554505644
808489125
890201340
612882863
445778716
833848787
878211668
187155443
359022505
183173030
950491343
608523502
614582472
360404065
537837933
904588208
777134898
750485189
519665793
425100479
504211800
282076858
148902116
846461001
210566162
888020631
177544607
969908366
163111180
154561592
371910145
623920026
716802700
387131837
127623018
623985500
793034290
646331527
198149324
445107546
689194704
928605354
203122821
90394007
136877610
70766992
137303334
301451433
344996361
578044303
816287246
205265038
779450149
330068781
245143547
413078125
72517883
978980663
654423516
991920312
985642886
773512301
280515453
368833393
715968440
363823078
315691319
951035455
996791642
923703500
81127281
81442854
997704584
394528389
972851502
324322748
216974010
867711802
328924770
839076736
909799964
302454126
569220761
633582006
348715809
291147060
548513405
980971567
598621633
932646933
501120665
945063166
788780242
235414144
643379366
354149304
159158365
802835096
647930160
921089263
34626377
6026825
168787749
182693512
430759588
338157226
883048975
560396878
271560178
504040559
971215012
703324151
397749826
991012089
446136236
559871637
359007335
352635330
297712801
815421058
679521043
213084119
160203029
434861592
418611310
183072189
842009083
836507850
385678633
313214283
226265521
254213799
253869815
518067569
128451512
501973595
976295065
750128316
687253243
490356217
663453042
17789423
482662475
450739961
359446497
789186649
494236226
53654230
370173463
700251143
108098783
79594834
170435085
676803477
861167365
575782913
724957049
925304616
766369640
515108742
909980961
802692018
249993627
790803395
453693984
213509987
534624577
870071651
711733598
166618471
963269868
103004451
884667587
156616649
710360539
792982414
890682055
817224753
47863683
729145681
848884046
784067404
447340711
765331346
632008604
233275629
428965991
738046302
626748916
693577202
352466111
141872854
357607443
655878870
270938938
969201735
693900903
814493038
984575904
624944509
968715191
176878531
596867485
628713320
986750965
398531522
35306724
742122676
387051641
475140283
867531195
87156099
977380504
768831851
160844121
150768664
956044856
920713035
170945192
435386545
234727149
764982772
804978131
302235372
186212759
579445856
797519361
697668059
497326698
379428790
363871932
811549540
308784750
268697008
349525618
969038107
984787388
963294901
744770390
257575902
338232682
65281275
413044367
190041812
913680132
530321100
205240205
885100574
981880093
34412112
111233960
410456480
6312636
10890809
83718737
561592770
146373834
418084372
824196699
955823954
712371023
304545388
159290336
898456742
972989029
533091230
363647183
439476939
773933522
18550518
669784427
978110406
887103012
519802106
653004759
716219337
709227612
730367955
608297730
396897456
42186338
103448880
822828050
718211879
951007584
494072647
881109248
752667878
283706199
880629810
30114076
100313594
123897582
70004008
775558873
170826173
316722160
786522441
476588541
438342996
21323891
175678431
933430577
768200369
924544693
648611047
609330245
8272306
320623253
352354533
551212614
485433791
271147712
227954085
886126434
564070521
459462986
42348755
324885483
483991569
167777386
194138041
693080826
934246588
58965591
501091808
854007887
3578228
411649673
478626656
896256358
361415320
241049035
628503426
749101871
120273315
852374211
862803151
735066522
273488178
114490070
595685412
494395454
360831475
40032033
667199127
842678001
335364336
853967597
641249545
270952289
901424956
303922142
476994735
82375655
786037791
271064874
576017972
808669401
920213403
675772819
795235373
289540335
371390542
399607840
326405120
899957267
956307267
791214912
344775157
275319001
716823156
44286968
712692817
194205674
531551696
635830821
351179670
891771190
74040800
525510163
539722541
808188428
291461736
162699130
611743892
830976194
241773248
335508909
265924380
742647212
277097610
592123423
724202138
474504002
421314174
329876507
323052176
513739818
376100973
940155775
296952215
41954431
455224973
445331015
717776804
468801273
523158818
174942164
554010973
764795998
543702117
646648408
622466317
183885310
383324654
333101091
714963895
867098843
725672112
652668367
630198689
525383158
833157339
395208625
490255972
406374125
230048835
95677220
405097095
93438333
368054043
126236436
228321899
65664736
857174389
718504403
992722218
41040243
293863522
463682867
81869011
436935402
987511278
794583368
228016431
553266942
348540292
705123893
779429199
303715090
49807105
169412205
421109847
458222646
71253810
29734052
125198568
411239748
437889276
982585111
612851632
649437745
24478694
228277990
925097758
769206148
86026995
709487301
669944028
580168284
946491600
826046690
508724129
245862795
962296073
808121719
705856094
812131253
405563166
246067689
637280793
744946123
789858896
318804444
445501540
795829872
782046088
324615741
886511371
434413613
345495450
267843760
635748764
68161495
334538111
556071982
550430218
386221639
693137028
198612351
875000014
858182916
483882766
63015115
710715742
373552901
508260120
348319350
120407528
247141539
381391033
433915575
154474543
258178889
818453315
329649727
686054715
296292057
761978295
54804005
655163098
615487635
114548987
189449910
672488788
564247976
755527065
888247952
747611851
716299064
264159100
105234266
48377722
433782363
10222794
31480286
459351715
529645264
648394568
812800375
6201142
193319316
259520887
630588950
917914260
796560240
421712464
195998521
742905658
708210354
105918020
29697285
921425554
473358388
976635738
212213242
496558446
299376897
859385734
261015010
906817302
512791121
80561483
442300337
234621185
195199673
339972591
133857033
886033316
535936306
306723050
335314551
194705262
215789870
111816273
849321354
889660075
959069841
26616982
66132638
50310820
347501097
342787809
778245281
252743370
942593528
875441921
361910995
928219885
316217431
64078898
630739853
258082281
262654975
324692111
913670267
132391567
151055141
586331953
271318031
318919286
492644968
480814275
744197390
960486620
555721834
291840970
467100797
712217473
312962191
761625849
573222155
393956734
542104362
593522358
344210430
661871584
90553475
841502903
703146552
196619105
738708733
402467139
761216333
365801753
145127111
5593076
995772606
387553803
797519511
249249362
982937951
546620686
299239212
109150175
784060906
243228014
737879781
25159245
526514970
567198541
208579588
795089816
936626940
610869536
544638323
94976584
64673107
236260162
938416575
853626037
865770140
282111218
492450672
775645086
31030488
499893376
693096640
818354923
237442337
247472294
185496805
666255814
131625886
873633457
417928461
424095221
656135419
30840464
920772398
135079195
326577182
641159976
589683689
428990637
889486635
327929266
985900013
630799210
245444227
270712484
973260215
138066546
221017290
325034554
452108355
597683768
879809629
213002441
134982689
366301662
59444686
292328222
91596974
400210746
955014515
275676817
438595133
579118954
120825508
904220195
771953014
282670102
10035348
215588446
100420401
866865296
291922208
566094855
989276405
694150366
618410999
443071064
272485306
23476822
100607372
588720270
974720543
34752924
661139605
127884207
822634911
745731732
491003390
942006141
410699620
389390538
371352833
308532183
630090549
545204401
672576128
822294203
22630921
20431769
75700390
304058749
874867102
222185029
483023688
735338362
742352165
127469802
173555480
238080166
677672549
262851061
705599197
486780044
50811791
739850210
63347376
156504918
735727160
44419847
806624422
398273437
304168390
258824612
169828228
955637272
469222273
278612283
805256330
863686142
223495686
793678500
230687574
63438570
71860595
291668762
612258674
511410717
453021017
302863633
213813375
781216146
147337303
241298853
847586152
766530113
485073700
543657479
497879025
858587041
382554815
83562130
799603267
4791925
433958805
206379352
464220732
270669123
920759486
822656547
677995174
473553345
898363015
946106642
856790523
799812077
174444434
585127727
365252678
977669017
405517130
231426825
655971631
28636462
138148853
496557810
140310264
157121532
558333234
451928623
478879451
442466393
265303230
618594160
53776531
46921773
576909615
318839532
356711488
163078783
880142538
699763478
822739625
487103319
929749983
32618881
742207167
931160514
615322340
885254766
494338525
277825624
660537402
668445537
619203544
429384277
869746560
492734051
997796725
50633573
279496465
940860445
175075083
633419627
352105331
356630542
379562747
912979338
160318274
379106131
682945655
874157879
208113340
330775983
866505389
341164350
146840418
172259365
167923034
794359432
726073363
14282766
649361319
571566338
917883573
920071612
754601199
496674189
463091924
969864263
577888605
574068639
791838908
638138869
241193564
725454739
50522984
737815970
674800031
452218723
634756330
171354912
43002235
145528733
83004519
962788983
834403535
204689478
116641601
287197031
872921236
23162070
950005088
486373665
591651786
626352746
705225055
448953217
879497696
623287951
8565873
563488708
367191256
102803199
722196454
670736587
901757859
135445832
355716364
622051257
838248638
573914252
203493041
895389031
905288452
473405981
343978341
153109614
420090907
466197821
78268907
512600150
851153066
929925472
680368750
808128874
424277394
120779669
322154430
635469529
685955174
18734837
133606925
354289613
135896194
331916429
588467325
62339020
957399225
348766343
715906993
652852717
646566566
27604043
673030093
913636349
406755581
467686909
288267144
944088310
846843105
636412831
730470982
412615500
626270903
77946424
734723447
296913350
346450349
443798751
230669099
474104594
427087889
84596168
223933088
576155272
477232664
357460799
692744970
606726552
553475826
285125431
336196664
700094352
543560015
280376645
152167194
885449175
291397342
553640236
498765420
654508364
531179413
490804143
255359715
991535682
158185870
516135792
413173499
467603834
632210708
722419691
375063986
84277837
200964001
144946018
991544934
206886924
462311711
871158461
178676344
405119560
878661588
280871044
385090074
984026194
807729361
630523728
261356291
755346987
555791352
582376820
336763533
329166642
988949308
317673964
309267530
236500488
496559195
388711790
395513940
667757729
114675503
955811738
451488441
765168132
632557939
128847249
679327994
102717740
861431245
589572975
365120258
227883770
962157271
819322269
503540361
378190006
62454273
476245089
400753290
555735354
804274658
217549506
565307376
851722137
974552404
397557356
77523663
193558919
412899410
993708829
294907865
384513974
611909496
733313450
326652872
778885392
518655465
246166003
576401034
243994810
190621524
166611148
125458481
463099684
235238351
320754083
432363681
793021981
92262785
917332836
179668747
310622415
26070774
292821393
838810945
759672699
873129376
50706550
935904646
241784982
967599195
142277477
640891676
261933095
4109799
113840006
111903575
303775585
914943963
309782826
213083356
70373018
281119782
14661798
681526565
234936245
165389544
556073056
522278491
704309686
592271385
836009613
120446788
462962108
804994532
615248120
332330104
293075709
501273221
94728673
332609788
716048388
824177459
588564267
363608095
534814615
22390464
89863268
619149531
116936340
997523667
887488703
716892425
10844899
803036883
765841149
870226840
574593344
258790975
781013398
840294359
287483988
623744095
823060826
512059481
77552234
294294835
56185000
171887897
733521835
212131938
277700397
576556657
32837876
352909206
937531940
138150009
905887264
261789498
326032205
650648031
14550687
240537444
558624115
891869187
314509682
291749497
875942097
178351663
47852348
226780273
734517560
92825197
18036431
15622088
564941935
476990593
624879416
99908038
381522589
523259788
953859334
320527533
806028304
25110016
901606309
396263624
275894556
726433156
452629619
513268459
938586161
417601372
496180182
969510520
414757542
899003740
962158657
376999854
263652024
865113203
325177284
55435739
855201931
608675151
462516611
869746939
320363745
843461571
140184257
604290158
340000967
888663313
73130019
572392007
475822141
206518347
578702231
618230095
244606605
48179709
782051706
956991177
149202248
575796323
136825241
20307988
474030779
65303915
162316693
124335413
164618251
459696544
642927273
512778715
661441617
177629349
176220743
693554355
844557213
57545575
499132430
872906055
249984345
184875307
661827341
851993184
346857057
401523615
923309217
585142503
491940917
127303524
288513102
751832754
225333161
414943357
381670392
23327502
426806916
690121036
98359388
205660968
194979183
796863941
158625602
733640300
594160264
937677697
689014272
538432436
165763507
134744443
927008997
607104518
499065660
3188557
159790411
703417336
350835103
951308438
829035696
401337679
967834212
666432627
364490624
800308066
790169717
274309856
317957530
609561950
366566469
931175562
362727105
52029568
27647394
171723621
132076293
124031133
435304811
209224414
866861670
985725500
387213208
456275198
234557832
708558250
881602242
455384796
608152659
231607585
566426983
353538802
736901978
700753237
674504038
615273596
919764707
4161044
199826921
465600086
468167971
338531996
290282243
501312296
752128209
559090721
113585402
627888458
771530329
72408554
165778536
155254285
445094553
583997519
584078544
166224172
680783886
214166148
188791482
705833354
476691083
189784749
607073369
480872521
410799507
725254313
674655250
415048546
456896763
609224720
177474464
852315386
927631259
681335102
862390012
284177558
384885988
428337352
414865531
631024678
809725712
769036496
41058385
400383374
580636436
231880915
133439374
106957483
404547971
561732040
679321212
143485843
921404288
958717088
989462282
293245832
292253696
516951373
993151451
298353510
548286806
127632066
295376936
621299171
170195556
268865824
276975083
982716989
10501894
208343372
777274257
507050328
544766415
499056871
165640662
671720038
142467909
878407340
817936880
964867672
729229172
61539743
173187955
927777217
32130107
198531354
664574074
420262414
117036844
264973806
99547269
469727136
405468422
817954505
534873126
997903271
319891431
248090704
927193677
59468312
934162265
458530194
843162902
849508542
571159215
865419351
506548764
132297150
341499727
9048412
364947411
699929976
695073177
785224951
298243
946180822
427562169
138892150
886301075
591666720
184479569
621389101
633689510
825606982
74293648
81965473
938988562
22325678
162439525
843835003
724707690
674851061
434281913
306339341
780119299
728340535
763931081
262812283
462886667
654400636
578134733
277232948
725171086
119618073
950261968
435810332
275049223
18987361
874115804
412475077
251102578
600873210
576793620
50610972
583053911
274196315
892030925
281634876
262737962
430654186
209376309
607480396
906139498
585592265
23827070
594937874
671186427
853117081
732122368
785044189
519986842
468311074
480291786
339082001
815385226
223674479
961817677
281135849
59203997
206793340
450896315
341129888
608450743
252360722
320473228
767677914
622569544
823033399
480161035
710858697
981485166
900014151
237074588
607097556
341591977
211089440
988768912
502931196
913664195
34883051
54709701
752844763
762322124
536720496
459505503
935600005
265729127
972451075
359826988
481747164
196183625
491868335
392011718
534351003
886401836
132251687
262127909
755385009
93320357
487586091
393411986
938359503
127363620
253549238
892263153
172063341
617811822
452362492
740226949
73462506
31880044
465430369
125198481
633959202
800862407
400508274
242555108
537546881
98811816
441573047
134059721
299778712
907339764
342514388
922049099
330856988
869368481
991433424
526803667
916729339
625163061
775099290
722532926
641560572
817112325
725635205
987506998
745885504
410084381
531774123
227857884
609191002
488192176
39552345
901407229
742181292
578340393
355142988
580251397
713534947
762632406
746443648
173887398
134672536
36172883
462556523
65812473
856267053
380277032
107251920
382238819
267558471
401169419
989536996
112298514
767140923
499637870
673569605
860157569
930130089
519931510
83919822
169069699
93838034
520440870
950622981
607295846
187650608
726967964
823301032
321907562
818170557
114195830
288489085
50478469
978403473
126250368
124195747
257965494
687453728
443370668
351745211
984290772
393463214
905746493
470178818
575933690
717078064
213771239
435179117
711795844
357795699
891144856
598435950
777101738
597333578
126591190
836896628
164307299
691613168
615389188
449317181
173146989
587085212
350642220
471235289
132157829
640562161
383315845
382171367
781734034
743589342
546662959
258385781
745625616
195245445
364086310
929010468
855166495
252946017
735805911
693941690
105378003
439279905
931523783
831658028
164971001
759127766
789086760
65693540
447204347
932953092
504619815
675463829
915468933
538633480
658246684
392321237
230013020
911709932
863850856
593591370
379674413
64746373
191207875
601799229
487527688
104688108
814226621
420475758
220851594
391881218
824500004
478439440
497547695
379478081
177236627
559222889
692455622
895843321
725318398
849388759
848960076
425954220
568629173
158755308
777121454
581846244
703282376
901728054
387214604
668655668
52591006
565803235
284335066
872450493
83331348
167158386
281374670
204578986
588784184
492492057
660006580
541085261
659910810
780794159
101518674
805045398
641804920
124868013
218759758
299446089
902931752
785215388
465530215
904646664
185335694
423763584
324791453
213611570
284310983
247921801
787362073
943668040
110922606
140407056
20523549
129314423
836684830
435243658
595592803
443879382
976855581
901980614
150420271
861099976
552762037
157460020
258356892
747120438
751595321
479187616
245531313
202831455
435006776
417044860
308701100
996145129
799883009
494223854
744568675
832682882
637654019
854185287
657644102
893032971
781832101
572584136
828396309
454954526
787676270
59978410
602595978
457084720
242783214
374781714
79985100
206112185
321091879
278504259
554021999
849380520
446608424
138441920
307481914
149259627
8971382
185945534
847601818
48921554
684387395
21115103
981276935
662423761
804129623
995143887
75584545
73363315
601533027
849527035
304296072
753853609
270824824
863005151
914300735
993613052
663432596
993298968
322301104
772526391
973037591
472500250
121680187
169313547
900154960
397539276
480557571
357103485
913238352
646343343
662542767
346915670
601941279
885039148
257448984
650085021
958184755
524311570
155382983
149905748
634669426
997600219
486091712
801875978
937716147
168799678
377545964
562455804
102898307
561757433
526820675
173037021
713026176
929080778
220136421
315688361
531856029
396157964
852113946
381549168
123938575
461613112
791060064
909783490
563080359
865684862
57482194
792656264
82925391
529092933
275215902
951673170
439632999
621710628
228174807
252097836
578117917
23932216
545229940
794634004
581381780
152439224
36743234
980227771
676920488
826030010
44826158
76098538
92500308
594016475
937538250
223954174
486971028
239637308
737073621
670065772
627948939
336748752
855096570
158636899
554803907
722928334
596762050
169838959
630453751
906920110
813205292
312423262
242920049
880421640
680687062
662103994
623853027
434883754
976671916
710906159
869341699
598022733
63453830
18742713
187326802
943515416
311398224
616036471
371745042
695940990
560018319
342102307
18762506
894315126
531671211
521107371
674467779
774460417
877158996
21463845
410571839
119360266
117114279
81841321
872748838
881686126
218367922
488290998
569894428
863267275
567206305
830861439
42679790
131465152
899897832
155143929
658019021
180292666
654275720
908162355
802557979
946835629
942439206
779264027
477729103
563604840
484308351
413987136
204755641
968833612
823653982
185814864
589274226
89798593
741441639
607027937
78201532
820224044
208719823
968581468
991530277
776935477
889667814
453336835
195709530
3901457
630280549
139019520
66674140
187848037
814710293
9541088
964011217
744976372
964821415
110256898
707523691
346824682
193623546
585475592
980527248
607402105
594783845
979655156
222121072
764844652
909844072
747246647
722432054
78201436
552513143
643065281
350905069
524411290
593300561
351546659
638425005
882235080
667755847
410565213
496969108
736837532
618140516
779032102
58893248
930924566
979530705
459619939
468062451
250225257
443456084
774417156
212747326
564328468
106444491
395585239
179813673
651201289
206648235
655975751
411753897
308605001
987149137
908228019
317858920
587834689
412351167
546383170
260498877
313102510
585325635
698179360
662317536
679148716
515781064
825752078
3847568
881490740
340232185
479486023
877015734
400375478
959410295
778597451
741518422
611452199
300948299
902025521
317592982
10394635
23559705
410075064
491363172
58848149
204967593
295954462
374883982
613033643
822737304
830380562
876547927
760124887
971305602
717817525
602422148
313762429
305543922
652935223
447639120
244717690
565478780
305870305
355788709
816426449
524607012
792771139
540877770
44893191
330927429
619964038
805039848
533339935
146109862
556306588
936208659
1399556
469449719
486783248
764969322
821534125
546588462
353166362
149653815
65860811
584660628
111173150
590906180
627491376
674955613
573169221
464548413
369105520
726390856
522128010
864165253
634761946
331279946
725306417
771585899
444283622
319932711
97209797
528316219
569462850
326964181
234180845
292944725
902350680
90554480
386430797
154097819
303895055
328444095
158655297
872163069
518637462
703368214
231011594
345049429
186168949
960684976
489629529
216591481
96746940
124578459
479797844
310960244
795136681
486473110
834385868
34726307
431520879
83945976
988432894
449878366
89396108
638861765
819477331
182052225
882729967
110575665
912284002
213287330
973700112
427280502
752986449
205350980
692228756
75916230
287450901
454973488
253630591
563100963
606293466
608004003
377080643
960888214
273732134
962699338
582972379
867075765
500537464
472126047
476608736
857410827
12162723
782170801
423590400
716390803
72168094
180582815
101025672
250742259
929393378
395224541
424312492
179072470
897469660
103380021
25215458
195065617
39743
540666920
435639738
759201848
608813803
983509918
74848660
56159424
289352242
697799959
540829501
147264446
307812572
206063435
59600717
392095821
227785251
308565588
479120813
975813311
94501563
287437181
935080999
619588312
993270891
462130313
915662170
226365664
628804920
889301423
257647254
824489598
87845783
839438806
518179922
373293083
823732053
679386343
511169386
425320951
855659347
516250420
118184239
556769888
819348514
569418499
208033974
889923206
450159276
835459181
75763285
482577539
631786161
875312915
373737350
48968582
291659247
293042983
255245528
645711488
413699207
854871266
603544065
908945715
180679361
382150435
132404853
51758686
875347735
296703092
951958919
130261426
430465362
266694531
925352337
320555848
125219536
193994660
740406556
518574852
920291597
517837639
913177652
444613776
281700143
143367357
430784592
95747424
103791651
949506029
404848766
472942056
896999845
157884226
2520436
232077183
853487945
982615576
424965225
147451076
16543635
970071770
955094440
985959078
992224744
973367389
969901755
858662633
799395111
628295873
394811355
73371754
323892703
710142075
173314323
331037413
423320432
37561461
409558900
664855448
651140583
953456627
758806442
954282410
744335852
809550991
392449853
114568695
69720078
178715130
698291389
7306103
950982425
2404084
869547079
470908629
189982000
218141675
711636302
104607334
396615838
42706923
45350554
41113937
460978670
402106768
161185609
667970242
245288058
428865970
890096208
30049038
75861535
846393162
197744595
714140326
162251560
58993541
4759761
846122916
174143276
717081389
373466493
45436944
180842868
619657867
145284949
153084861
892856111
68737310
552547982
615337619
454261974
871124925
106534283
715230210
729353492
216243310
7713007
392904765
759805893
687351675
47607222
216566918
863931706
101723402
636533209
665928907
966762892
188088552
128481313
350427181
939491561
529070052
698235843
978132785
251962964
799459786
66739720
505015822
135625585
984659631
510528465
515674380
326757242
288301957
536412570
584744478
740162391
129468423
143210958
988203707
807139545
119627654
965615738
431883105
968901999
243192561
279214134
242010664
266732069
565960606
799102692
544306840
234747432
135056761
618431647
413642645
994345588
751594205
623815017
122375272
774589628
361022460
5650082
258416644
304333197
658893247
524414657
635648861
877744929
160015922
89947032
324972033
546740885
444289454
41285510
244562899
326445309
978933032
223231141
207315967
265188888
342938098
345316408
608865058
927593466
263846120
237196649
330040141
954857322
303050034
253678130
124239736
157710240
739389903
78609854
525080245
730242880
699567302
822968265
236045819
226536252
326330283
29413129
179772960
96495845
437047368
656715846
545169129
557216994
515834310
273257830
785302340
658363276
426129851
785636657
46398488
69877772
944404577
993646003
878187997
883160880
317707475
414520932
766450389
348862074
492986586
318619677
360585925
819544703
863048564
929704481
957029511
335496779
102598091
686357777
552396316
274571844
301967058
580203432
445834028
460974255
190838310
619837685
353626302
60553013
523208658
354063505
870624760
772873589
491283255
371515893
438063714
919895614
737927480
27080296
320989660
573159437
543378061
971916962
981198752
931007558
607388143
58253776
129519462
596121213
163058077
43874746
669167782
410050550
830478312
865199655
364212281
390054130
729419215
786546613
703018796
448528625
584048479
607453316
405015659
392316668
55296385
909417109
427793403
200450954
86930778
680842901
848736617
67510878
361746809
217992254
908084016
834053767
638916555
874937613
336575845
990916691
341855226
755045156
391816255
458251827
381799558
375718375
156528911
52734507
33245625
209167459
663133245
564478031
396363062
955430315
779696596
695351494
561172183
65396542
867815938
227434583
371663879
8166118
697736322
391684336
228599613
980642867
142663283
619391935
119889177
296451790
499545747
230682084
75117890
672694060
465935490
895216407
189696505
545207824
578368952
231040185
132216114
241993202
856202969
414445585
97244236
843977382
924170025
614165732
228384030
195155157
360695096
764760513
685998939
319329826
574024929
318516785
877253781
483449395
423336400
381982017
569858403
64633856
253724844
612898188
892849491
838088433
343492726
526429347
392274998
193261364
33650300
814074130
971301386
199345132
842864581
114461354
202592777
558638289
804342353
539008055
520785937
779197789
793335806
863544813
911948714
275124184
121560336
263803317
637864784
319672369
79230506
621182772
962355096
241928255
224174038
291143087
150627444
460272073
366183203
13681669
277640074
464127201
148152064
647754931
702650354
93022436
364122258
2444270
447912709
351238282
273138863
790124806
678854816
684200025
132502994
295702133
382972232
4693419
945343176
89360217
583284822
835754305
597158649
114170202
297684526
539314025
872867730
582183753
34989236
44573842
291152302
746288883
468151969
400242139
808682954
878477406
407057051
137121990
885440767
895233785
839174458
82389140
663273729
399343392
170067788
909218827
230129920
64203723
914749326
286543382
509250953
394796770
864216497
692550953
725696081
890028075
664303686
209260075
244337188
867627138
748027813
966786111
806478009
496727898
956877399
824870868
619973260
31650171
123268545
666043473
580594519
102968796
64549369
223173590
898236268
670633514
694363084
133122110
988850551
508720901
436102984
459922781
150446988
195669419
778027628
49588750
172095476
453694046
140881192
434407958
147523884
179168818
315724689
703178889
488432605
53019778
532972067
803664606
885179495
16939819
925913699
802372435
8154395
71456390
306740042
868381941
687770403
650617986
377236728
578973471
693987735
80132206
576127013
758469238
609525538
436205579
555455611
842238717
744425933
391817211
713112001
146122223
949014724
394739321
625104491
448843651
813720083
226867422
270187575
383990056
622645994
669388451
701278630
313694792
471049417
312632723
115740593
443033039
25954789
665509394
641629572
877679317
181752552
970552475
821583705
600461160
918622790
816051558
194797878
60884308
216619735
561337895
704314027
617252516
791694236
414090478
674691838
747940410
30232188
313988694
333162939
660612509
109511367
324726992
490491847
339772860
127560715
483710955
139570502
696593033
312644810
541628992
141647267
705059934
439684015
741377055
713167091
639238050
576396583
282549560
402096493
592827492
449692756
858662784
748037250
63902035
180614094
610169234
736514842
403987536
588072805
637064712
323989371
299815083
313536446
348100117
90155823
940111382
611617744
601670331
672339480
723840375
383853237
569973512
768086779
473441849
44544482
392400582
672984985
691767837
796266093
68999638
578872325
954782341
298032698
436544684
244925866
283899405
122362178
751667972
424121116
685479121
810445332
993988271
92365302
822451507
811994418
654506932
366252166
207123185
456708577
357471519
213685908
638965099
643153059
50329538
224137129
718443811
805694623
409790336
328089784
4366837
366149323
236977728
590709926
114695346
895673464
244686593
321966778
566768856
534363246
728724219
488115058
417280520
147608340
250631928
374397182
875446368
589095320
221536625
957415699
604117764
155209414
217453180
405810584
225048483
938593108
372154704
329974561
335019417
763872297
132098632
659400000
924945658
780155065
36545285
127293449
463717521
224733383
993359654
413704447
450368909
463246119
551265816
631797903
957811811
789991171
190279554
898746575
292330625
372205491
427696674
228055057
412132320
567364873
269221527
337030390
922400827
854396543
915523939
353838176
405919665
433513080
457861157
91633775
71487545
941604090
665269243
624891212
375500695
592301019
470012513
198888056
384316328
763340630
175184870
331843591
335283198
95827226
691697035
5648129
309820073
322143057
764571823
420541351
134410108
671175062
166939299
360454683
49975862
212427500
182328042
602098773
859460466
608523811
757693232
306994347
391654039
737911704
929671127
312262
483966997
529875502
899234354
366301918
328811641
709689724
934861764
546593639
969292417
321767008
238078493
359587716
688718718
317804153
245781809
538059409
911483194
595166289
630115459
931326456
614695024
968409267
271115834
184002773
499755182
973568230
745978638
150380689
176381349
714781679
186219113
594017935
990038431
703107991
156491691
20926241
127804989
339836909
516902867
980843375
895373465
930989768
269980570
50916224
662799320
432903131
33617214
906157800
632868557
890574567
146911731
625461323
79162167
552643776
971515528
37654761
253315740
236751487
16610422
222962968
773718148
538854900
178066629
621119337
387459907
198925637
907888369
112995918
511263250
861564859
38002347
921768118
160208326
61234045
319532124
228060595
678797149
96830740
809106586
47871317
149734220
205170727
801044036
569496682
987648402
586117911
800153129
461707991
751079247
232954907
887092661
586139996
128733583
503340300
192053124
150830578
128038887
740696183
229855347
147449780
947312145
377202029
656130158
158703780
909757478
379585448
97361657
420143436
517106310
971124637
148637669
202812736
891974000
554666934
783549593
851305096
926421265
78954529
627141117
520835688
773338134
671883643
416949783
68935590
208269799
82699214
806598059
822041468
959171297
349388391
149518249
268251274
207575369
904555585
501289593
399096618
815156828
121636363
377099412
462784519
781650293
591328499
4553392
551319956
163599594
156175052
325307344
563640788
65835160
843502558
739192462
589359624
814324357
854107803
923579155
143286079
71816821
364070217
493652331
784666549
163773000
901713322
402396217
357217889
352375290
479239291
875239536
132932167
439691283
622661659
896433438
123911923
979520810
554560382
921236184
839703185
690850816
763179690
27438717
110478326
723909160
783295053
356776356
547629537
133229007
523261654
445886419
749700963
900739746
362824415
788172608
182586607
152778396
308814768
511918511
55316207
597910135
