631407021
872101393
12761515
903973856
171546698
337188108
428533011
395890979
976113322
316689309
663318337
680451048
411701514
565251786
177605356
408286870
448415019
418191500
806160126
979846998
177630678
454179924
283078898
183770124
624517387
2365122
221777704
512971298
155720706
757777696
566523985
133128175
785875879
787455245
74975173
965051614
380237807
853698976
264029214
880535351
227876870
609317379
892673092
271214394
539921454
794779181
152644753
329044770
421337752
17591733
979602089
704702662
316480853
563405482
467773205
633160808
768337536
11838419
517525016
732898418
841666042
67735345
619978735
144478201
609200520
931222866
928916070
706247690
679346950
280713106
493348359
311349377
749694287
647253765
566206664
311585199
877815716
394547639
108834330
538838582
15930686
189187343
448697632
761933010
117488468
608228391
927900126
967782809
27223530
554462242
829628271
21537351
271944857
25675038
185931251
384475988
387291346
758532601
173865344
13763311
652676019
216385001
947157755
140240552
96268654
333935006
641325221
458413285
700812342
863541776
753690353
949412509
22056671
464086821
689074083
297510645
864266642
224364168
294712305
499028581
989309154
671701364
746685775
537779769
453257902
106642431
291190129
651422545
344189205
720201956
342468064
4488632
758849560
923020372
10149909
106635028
179295708
244350295
747068037
889431828
639942306
145638251
908652819
846134717
307855631
74970108
233772484
241022675
66593517
385706763
218265081
129111624
113698723
285176015
856604164
125156319
706121498
887662103
27808296
968843988
243469801
847257951
894420732
677452018
691452503
527107368
403713401
31994486
459248962
905767717
461723840
789047059
444077080
675125312
279608627
420046800
833315987
97946988
69949392
156740305
295648688
79638027
176814014
528947217
961871992
573013427
681149100
713540432
126761017
690552989
704834249
149734886
617785289
443635615
766164371
279714733
956413427
588577986
836572213
614124192
497172524
771923192
899034509
247228180
618846202
923838310
862552773
815751098
62060539
975966826
82033089
136581003
580383451
379619274
936594833
540818561
718616978
503650102
692280330
961497309
822423362
898868318
812746693
148677985
204297928
37022536
511390854
771056886
673316753
617688843
428626285
113293239
481496115
699694367
891922652
975754253
697641943
667430070
986929526
746473595
828985008
477184697
781739626
727571048
863169368
837495225
27536608
575650266
888430527
779520362
618400989
130712351
786798301
834887908
453553176
92225971
608588265
898602968
83423499
330017711
223176001
460743402
135958805
521550095
117288382
45397758
325148363
685623465
689566948
710737756
850264346
446898066
639103431
447908042
939694367
831137011
586036516
24076296
845235799
243551177
606159374
257505255
889072244
576103642
977090750
528796481
460274383
902804192
387948985
725776067
676890841
604188791
78422941
776770559
961017076
744585377
874976945
271257972
909969877
943946320
617244730
278434808
857141912
595773507
210328114
571603772
750973287
333735989
647694820
164383777
835633636
58565550
965865632
5456408
657662610
851139074
576694
646415379
154992862
255584274
979835087
5650288
950267588
119663078
342618726
126267467
801297112
474621263
853344787
114403533
218035568
500433553
121589313
342396465
642759216
505812454
668721764
417257302
668546941
737186666
903942099
205006768
283429735
347729021
42273621
374280495
271735321
903085422
937421281
350190120
244632259
285315150
934756479
133844283
133088797
51851310
149457495
800518249
943553574
360882551
386880794
282998414
882088554
845746380
339916085
730653623
176965105
245036523
773087265
166154732
784432252
488037525
277701393
118893333
83583236
126727793
657145352
600062598
566470702
305901601
902727420
960352196
849211138
419659577
912603046
842635817
202577368
263621849
371325830
763416800
14339518
70385730
142040309
898261721
827364150
353732348
867216074
165211896
641384417
35986936
748930492
147353010
577766443
869081513
166720211
523298076
856540854
645585034
437088623
427360179
587727805
127423301
1097604
472666318
59932434
731784320
777000872
318457410
599166948
787078430
514124220
818131328
248593379
888142234
630706125
261262585
549464885
563665257
558323482
489243513
318286345
666417631
557311025
597509532
354097174
168144889
215646155
596154049
261704553
962800611
601233344
25953378
314893380
70957894
902422371
791997859
865839255
65636578
244282970
755639295
932923854
963830886
60204216
825029115
529537425
146425457
893927873
96297301
428134152
847661782
586345520
198780375
861460415
482263017
802841204
74304622
484300038
310426209
572836295
479550235
59896542
902124041
683554947
739736241
385630421
574810632
861518592
540122016
105216049
27241581
777064353
665105756
352686989
546439607
466775596
700231335
257362457
279921578
447470008
272351035
148267680
90679037
880023401
716515208
389097888
944632154
710801363
349135623
143324818
872745296
16005170
599147733
344923417
921823931
345723158
718859817
335419959
421243335
57640045
735405039
507092186
360648437
752085980
978245603
881983355
709462297
913610667
407541093
312889701
94057818
17519100
608499575
715284335
745239765
505797646
621644370
960148860
217705761
618899223
842951148
373049692
601509133
368272706
565070392
197267639
134282525
74384025
995838660
988429474
920108671
231127109
860921113
474922803
410220560
107153459
45349093
301051280
338996284
853947134
920376755
700888984
271971191
432719900
882251640
218567470
273265914
927167899
771749173
6949224
309803705
655609117
770967060
61521088
315987084
856963292
178451893
114052358
628744990
315030719
490823382
332759261
38870417
735833118
874744846
607194941
741017668
154058835
365317790
398059671
21187580
553501475
319186436
890434940
346273893
973270224
348126612
123667077
362851645
353018430
438235296
113070237
221521831
459038990
414091650
622918273
135781816
819187530
415801061
119819345
543812879
599011056
359180884
155190997
220893199
386900326
116816374
986745007
772735315
885472606
609118110
542964347
325309
962286835
905455824
565470818
661603059
809852788
693798039
866837174
711080541
814166548
99352728
715488952
39427405
932434480
693624389
443403074
907759029
227521827
758133691
926737162
680191274
550826426
424104195
205178754
381850070
882284101
722898109
759842037
577956221
384738771
899500449
301928935
112028672
32416467
88924952
980967830
863585484
723714330
237873375
418429969
534731192
851327872
340494237
105982312
342696839
932542094
765137376
75113570
473406744
550246670
397236494
584519870
629633638
745863132
62902702
649534706
548110153
82245627
593248440
859795717
12263519
829161845
559291767
88734115
280459816
32689010
604188366
723578536
525892633
570368540
800213347
285435398
950034188
645725514
233015078
545026922
606009558
696991307
876032314
741440775
842140329
209715760
836235097
567612714
896441179
874066727
228701980
300592114
543890844
664421314
532160886
379811409
736115202
961339721
841464344
300881900
782220020
171522441
240484475
646827893
394007523
627489948
419875237
50123293
943472419
412984920
185029570
175980638
393589215
217187911
842203583
832772835
245063968
756258233
119426598
982060683
595421601
587225608
739342458
891056744
862038132
803892792
582839412
873683064
303977266
286646535
250974345
531363743
770927698
557903140
396600887
317807093
527958845
685849094
283866923
806819726
309144272
155057365
833727948
363660038
40782334
125094232
971820415
757898374
516515852
773773856
603021326
3043765
98390581
314381967
660338164
518526855
954664973
64716711
136014789
330509311
726457893
442522445
628143031
953190176
796582200
792107428
886674619
448820712
871083809
733504124
25042779
648787456
860322616
225687248
532197671
809441993
924358201
135228016
533716531
785366802
494872523
919631744
691850907
8247605
211805722
499419891
729336008
48099517
141610708
480703337
18896874
517216546
193149946
993589280
510024342
774983645
739648921
816137352
10881445
955098332
642308849
580815455
458281084
264603589
768762800
83969662
777344143
285831105
636335034
557475123
297993143
757433148
463690885
220763069
404563768
941848537
735067687
49322986
811714514
997886725
173811501
770833545
684162458
229501689
221304095
424603580
93728144
606545756
27263584
735498954
468562735
103114821
706544000
560320109
953556246
638045668
753988203
674625890
43264291
214056125
812289768
189168748
118503058
776214534
673397428
218223250
635033661
962036657
582932849
418808130
919634805
22341170
471089636
913359529
984907515
100602909
338491494
547511717
385203154
608386981
562851659
996727629
430558062
951740833
650403245
456073984
526725767
19949629
546797128
725718327
724041318
374619735
423390847
832216839
795006613
829564280
786231151
137606322
252012387
868244632
648958955
323435137
902947497
846151929
152217014
469746734
728201140
149909716
946829919
651225674
650883626
387499802
374327504
101052630
412613679
486945138
415918529
686503683
191480199
674519750
948826330
242378135
788169604
344040934
584703885
27056117
510362710
467212380
543913903
736679050
737418896
124828523
106526050
797322110
6001556
635513878
873827608
759515689
431747516
946233716
847308256
759715629
930729270
383525126
736429158
596101285
260169391
702584764
653092107
952306796
130925343
936205834
280437118
329748012
422020912
829261176
483815480
789478778
298477308
139943838
239216655
375958994
825062763
402813090
712212993
39989697
483487521
977457764
367482770
817080218
563623576
865450286
391063661
219014645
642575839
119468252
78019740
939817516
233694447
258813425
503080776
51031186
746064051
10699592
644401479
867904307
243601923
322011164
397484353
423600630
522356306
208887073
800059906
799889281
902366608
195926608
657334634
974327686
30951131
294081378
338341444
607444943
259728349
11904008
178592343
23119756
60320646
230729947
351407453
382518868
271574937
941773491
637954684
457737264
393074040
214505138
499440588
786763376
104856189
810187651
181047437
763285710
304080368
232354024
654153635
45634200
175261330
600538738
864009380
277901723
36821316
426692186
982522963
51419224
190403818
893714877
501914382
933299415
792362970
626619847
96157715
237053273
593229783
990882765
251160215
214469101
169959367
799643133
45836168
657712355
798081292
233534063
861441954
658407146
335984801
912738314
114785935
432823222
290017695
154591319
817305808
891343525
16967746
547117561
233894603
811069438
915184152
76417618
767473069
713294787
631575914
406679017
86575130
633577253
303986298
649843566
189539695
94069630
641046687
27448348
335155547
232031722
800881082
586282475
69314788
929218573
792772128
641121272
152669325
416535018
203339567
744958970
975545632
669671819
985169822
489223568
764322664
959383129
174350507
700943676
522163868
818782682
581404640
265752814
352703558
681789146
233936462
788634719
631444
158897761
735260707
478259140
285461528
222911547
344552835
425980476
1525532
757388703
372868691
866596439
403367449
379007404
876710130
496527573
324147497
802614174
451678863
47684971
199852293
652000844
55844201
525147545
861275821
377270673
459442181
201951614
590872307
996711519
198520488
283397729
607773522
295263780
746932541
979852134
988925260
185860510
188229214
515820854
735872243
878787647
941292165
968758606
680934942
814090167
661976204
557751116
267866195
909814589
167459620
834814022
279547455
558931922
148535382
906327892
444651215
146375744
511979125
553352768
194447529
804562882
391350693
785480418
625279979
115106324
194764897
539437969
770346168
770599876
374366859
990887327
257972761
632108126
724597247
386929495
741084701
562268000
194533516
979569245
137878401
263602471
638137298
885586163
552600520
943385323
568845821
430700715
576598452
590881341
798136029
146401946
590324551
412917983
73436110
556415520
693584155
235493998
620609683
533230930
224766155
202931108
540671132
219291010
409433047
768988161
570872828
142785494
104124486
285062519
449525385
378422036
401268350
961458518
882365711
790676131
624156275
917228461
759759747
702933167
614201855
88765240
426039794
853464323
933580362
506593403
728832675
77657547
690378599
977497183
924917413
557323316
28108297
811535934
885971289
372316058
94043434
556978844
79574183
413093473
10952209
803632640
650896024
68780219
989970996
413026061
364966806
205744348
217538229
436101
177324486
231606670
664760840
834978583
559500362
568029685
157442176
670160819
913584084
312208490
159884319
389535816
280814234
115559449
11388127
704476215
295558109
884389891
428016633
422528619
280924504
81467161
736411660
406816907
54345027
119630952
850411994
629081778
195536416
882859979
979743119
2113970
530814835
490137997
812160285
347199270
809474033
838397487
604641374
265136637
286160730
737997294
281956249
644081176
59358677
25300937
356762571
411747281
610914468
137303710
434949022
228737072
72711053
753576109
848109914
713714098
311268158
230407756
860568208
377702613
22197175
783065379
97322313
532553696
939380384
396451894
121828095
557169571
141647754
151227653
875613469
814837776
261044572
206219079
401179782
139828301
215543188
320677642
711457416
654937633
573229969
723341304
109069307
798424798
528562658
188828438
510469543
178050856
108507978
533737274
806410970
309328708
984953196
889209190
725000741
32400628
755411696
401806573
754213679
867506037
427095533
728518543
581082115
643567406
696407135
630847774
565164953
656707215
90493353
922678182
736189938
155524534
774110101
927326390
261838904
356679579
418396257
723837124
439800404
201177180
601020139
651330828
905171772
668836407
383710036
883175561
766929405
419070536
489407398
573498730
33656783
741361592
438823484
233419276
463351470
321296461
835887892
502112064
835096973
764463218
66934323
600781736
368235110
113223716
77409621
585269828
426325620
601603830
569076771
633080415
173155322
764957644
233700002
899583197
230124457
533861194
797940578
788872239
458502503
610744943
511835675
264561230
111830341
371847697
451801040
301909678
799385488
910947739
442451082
733275387
649378309
200247138
817141930
151897990
569925903
595882681
246994080
132419499
865426584
130301696
311819964
945888553
115685701
601434202
453943619
638463854
371632389
801321051
634354418
32999916
242812409
714142762
588000679
829591584
728258601
415378594
981204796
585147656
433059732
433916423
84865807
284285701
340172684
25912165
954266640
140932401
918398110
991650249
739270671
350583328
31781423
295277701
486980417
385691778
207767950
471581387
138778624
958461716
463368886
296126710
337005927
206979756
150342023
610080086
544593244
203551809
477810759
765727510
512207234
445957731
603172140
364365820
252456161
815803508
119280336
868798044
159499115
165916753
153885459
299741600
703548125
688500881
321745710
222319216
100675294
36100546
520050281
669910912
499739544
967814503
991652272
559399217
626698482
60521125
89749279
395032715
855130105
99019739
428820212
256374715
540593891
427832108
97753475
89127725
232875734
227740284
129043252
797724473
796378354
468528163
749422637
656408288
716466397
872324648
324811713
314765575
803789466
648275619
232944901
264485646
283144939
929542108
541451155
445673057
847157626
793202291
74325217
155931568
143956547
529646952
253270725
715230241
652614646
14151674
17073784
518894879
436662977
176260213
738029239
507347342
695800210
25733419
429487049
744949922
331216484
414195672
124862047
654882561
902654261
751421325
107677645
992768587
810636244
308176819
743147733
823592360
416634836
4316856
927225723
529693692
109799359
703480521
460280003
768129260
109239403
529481357
222478028
364342571
79702070
596363062
171319517
926471714
952474138
770044301
307349506
41323571
119435014
647371883
47668701
858480474
187515282
10459054
554834558
582828096
937158536
242083748
93509462
724327526
86182313
738232397
325062696
476284230
388339436
640055781
362696443
896384601
114602406
268009665
373284858
507891077
814680587
318603153
675551223
710979369
936508177
128769785
951656719
311799082
353751919
115281604
442381891
739025500
263710017
178373672
162650812
200561283
808241162
846307837
404902468
324651621
703164750
634391230
403539134
631029271
939113600
417570394
71525539
501596008
36305225
587181411
960414800
86219876
689964152
445513560
210598893
323577579
285572407
122748494
712796109
395946192
700832470
86460583
400374787
226743636
32979632
878530402
750635216
830234460
788793673
488219008
700269356
720303648
933162060
564474031
926329953
444521385
154986861
15409178
292926344
282843905
912301271
607001181
661438969
449504497
311149776
394274898
791956363
428766576
625930421
205235810
840497050
552742094
842286916
102829086
112784740
300880946
451210405
155810445
549387858
230250341
209662454
591963857
741482004
554005699
214722351
836167408
585937071
42816399
358860076
756877617
716621252
717416536
312819154
870289797
592166579
939113322
174777520
441146068
94476719
85626667
348916104
654804963
619717507
772596042
94624832
653396767
491951188
8514048
314798560
429309483
554975491
890231747
601146521
772142084
568953957
215032361
119836430
980714522
528880390
916996802
877123569
644349212
224939597
360449940
808126585
411263073
273169615
333948821
285436847
143794412
309429376
837428084
913974681
501772577
244635995
891452981
104001969
535416358
162570124
685174417
865588091
368371271
752256065
59785825
69775257
177514046
83942445
493758130
803357530
541160394
14544015
856267906
995509811
237515075
720397823
284396700
136867807
338141627
987065911
92611313
961092047
664657602
841338531
447091519
742719530
848571318
878603051
491268630
231546327
616894320
419951127
271036080
168015103
988431367
441940297
805680302
977073895
455553450
402530454
511193159
20176056
738137912
391435417
670154325
541738210
131506499
568456239
918156951
905028014
121970789
729146007
725243642
700920515
228718099
76124517
696380622
289869477
4669808
766938702
53865859
838517798
210713349
34520770
535474810
590458521
475342913
690592417
460303657
301311074
601940465
437843009
150947765
827754497
974496930
93621094
924968864
730816186
143185472
885057488
96043557
41827886
830205
334289078
470188092
735995672
926867797
205234656
72387913
857809333
227599605
643771264
735530498
426973489
299189809
174609472
856897664
889233126
414995365
739610287
895220324
67703905
219414444
116618764
263464784
782743364
95213899
149284895
367882980
979194858
15617213
335384997
719022095
449451323
110867941
487828840
308974170
272954132
185612957
11000251
225062526
600869860
737316835
59558921
216870172
122054482
991361511
782318393
398999973
908353042
948079453
458305042
778207326
245587678
593402684
126635485
734134849
240020351
657431379
635118680
363137838
985091815
645400422
986485172
971377524
648762325
648917913
353368057
671530833
665480662
795518255
541854047
15114257
456176179
469688986
207117081
778265107
966207397
548065642
516145890
728421560
378141829
913867800
515955101
380993935
737586369
489589555
482519726
610183126
349479610
57212174
638810170
252116890
281900391
144469533
932418707
982747536
534726525
333960988
933503251
219744653
596894804
827338641
418634888
549853315
58264038
897867875
483900200
585456380
644800382
418147963
276161918
522422665
957016925
579918692
954980783
820924336
195949519
477720273
381785617
120097909
648519915
879498469
236356580
372614216
888243457
676848993
834700508
484975028
603863856
428726171
840478445
993640385
910080423
471162681
114137022
248050997
314746352
915561800
471020018
379870933
18839391
913472165
390502272
140994419
913131970
571216436
530140946
508221412
510563567
721484267
610787969
601897027
29513049
680891284
81386871
471619198
870724405
514283877
921833720
169704588
880613148
812877070
18744978
789458279
174542191
727219297
473385037
146797733
663213427
365824872
131660875
60963820
509590785
255994621
682004922
326636949
630719983
559475580
155103898
631403188
284673674
160478760
268587756
374332305
106342176
637380557
439268433
313243709
318505659
651785346
753116170
547755536
379509945
360422909
319381905
377921252
235504346
747430898
69186268
247643695
390989510
63444053
15292777
821661795
726990230
418595061
757173931
61505048
88084134
795743298
193749779
798112846
596807222
649396117
626468137
750345959
838563363
849093754
264775700
603105139
942507245
947850589
478290951
533043981
522220695
312376881
680806601
279720524
133719023
382243192
936739404
57126974
553170596
26376041
272438023
380703877
425241210
118401150
46472545
938920017
13605849
160561389
80701368
211197217
378289644
583776007
969847532
227653819
635060960
470126356
301292831
441667878
955117599
139859235
309024977
629184732
868275035
776330675
936647937
192912242
782232490
355233632
408961179
36251845
654177922
376301548
303693671
326605321
927745430
225494668
179799802
476517130
216236658
520251369
752080809
196707424
823005210
676421311
666001059
563964797
276211296
540246388
573279646
567527356
856814073
621593153
847854417
135989461
184550503
160406232
222966025
221622327
21579427
858424469
559401692
537046078
893751956
476706124
925590848
185937161
116839418
582934412
829620491
495538925
294616031
782695407
423670205
918550741
551265622
974062910
273231883
551581163
863552003
686735799
672354630
676706843
443201773
121721138
591787608
422295109
420126207
238897688
242736765
322225748
191746301
706668071
830279381
302011101
488515102
310881534
467713153
11523564
883858826
973299807
349347875
767376525
412802229
188890622
550254194
539023307
149136782
783203009
627850271
534242926
122606638
769506261
324200934
388094631
275612138
743353174
556473266
465880456
324703259
553689966
869786722
192700961
883150201
193491754
847177789
345922209
975493985
411791208
814884188
933084340
454843220
212663310
837044948
986062480
618202844
110098263
662170573
982034417
47445598
67682211
545545551
192795898
514069336
527379501
203901398
611436670
293646495
643766601
188428313
503258895
478365852
546511762
826254704
79123857
803783411
726066590
182506993
785084353
699251087
911262035
717007448
771349204
935772073
583649989
191622115
565940153
641885966
393590523
59684325
177773164
895042
876302562
56434249
422885897
731840545
861671697
91954306
854421578
948653712
75856301
191321380
382839737
543971139
584143753
842806795
985463621
147941419
768841809
833382506
240399656
531830957
123958634
814747142
926397002
204948587
443331649
394693469
246242368
667023998
301098623
835889936
158170768
263830838
118380139
712529966
607084196
141711526
477763016
975554375
644871732
449414873
505626514
721904236
716736319
651900596
462906555
378118982
441926767
740460311
490182571
607977206
435667323
672643027
956809191
464252559
524744522
997915406
168196849
191918959
249678121
924157560
876272940
755823025
764048185
661166354
440980638
492681017
765970119
394642835
110733836
74850575
428936871
536775329
898831111
461274408
828645437
207664602
731104948
276151887
450266192
733120282
929393062
965761854
828019904
484504217
83255960
229206144
852540014
592967067
690614948
859793941
800968971
765087093
557356841
22581211
253040981
291708609
988685161
300579015
664417127
534439838
152872940
455098095
302694919
523432964
935335654
215597146
402438916
612915476
148074967
486598201
441631768
649468503
704393644
683505039
740842820
708115650
414025977
574038296
870256089
742223969
252491029
274329265
526296730
45694521
137736896
337199630
145347688
700212502
842384606
505945273
737934896
981493815
158230005
798347211
135973663
144961789
601634082
101763303
686722586
435227245
606550028
49622656
17349276
533167281
104114035
997137916
300626085
168342726
29716209
183020037
615605265
146024819
627379206
861648209
71980745
305462308
22031852
557820784
166601983
445388337
468222845
842217755
82541818
183224383
777108960
94748921
35921032
851357113
611861883
830899933
331324483
857214043
336916720
759634011
866058872
591943427
174904159
671368126
933259347
680395534
81195079
115886974
918111978
290045880
582054044
649811584
617289161
557017283
149188069
96713096
631469363
265012606
343412771
137256069
462976460
610849097
577301516
416938631
439829404
46087597
470352427
739371721
330030680
929364147
698570149
51058139
861570144
528202566
741997603
266697644
428007411
563110752
540563863
497817138
570248861
72750115
107761597
708780603
390910185
417872984
552481387
112192152
542225493
617597886
115145470
974666120
739451550
739079041
98720730
549999962
928268043
314919022
960168547
327624328
351873167
349484369
689298361
986675668
607580762
594296538
189821722
289865893
561762274
522540793
420566168
991105797
511147440
480862877
927842077
699359499
676759880
727094767
859626741
592661003
172438488
481634735
903811758
733473750
819889116
597696952
927000553
93669171
992998625
90821387
644450070
465668042
385763785
849513045
751303910
393847750
642860389
493763704
218818655
879347971
471821881
627018122
711639823
960286152
276990457
743255353
642601027
188259515
13440691
810395025
564111351
704692467
508868874
673642137
370850986
353353427
775415804
316685710
366243947
953144521
302507653
343867347
637030292
413875528
288523240
693315678
156427978
129816396
864490664
923657562
44715168
293481651
264174335
743007545
929286664
487707125
123749879
354777895
822256080
463936965
131970299
371678338
810010936
682319367
808684404
870297046
720697940
696940426
971856790
848509341
981683347
198793401
898297626
452330763
408069627
634689711
557775797
422572966
888081630
931304470
270829565
136191470
510926912
454362945
246605600
976873306
126164791
972119538
693131635
202989186
564713763
132523739
727435063
792817233
24212219
732228774
42029904
870623297
644237896
716788669
858528962
597987248
928680027
910880069
159486046
797430604
493537961
715557747
518718409
737512796
727688520
478416761
666266246
704374773
637505265
197693751
791961920
407527223
224818299
453301193
381469461
426922327
64501659
765013179
641449190
545682359
400605490
882726669
808082066
739569001
514785720
460867268
59409511
654178922
72207826
438315083
252008839
237756201
752609148
349747703
557560663
636303867
534847300
337637514
879426447
852352379
339054104
746540464
419031058
920578381
563015737
513690511
941844666
82051223
835242797
571382514
997093351
752284608
119802090
527103174
940791509
276291552
105420619
810736580
61630547
907973503
668754809
514733171
891832873
691402382
463326871
593505686
133466240
806234138
124461469
209126922
722159511
474396713
844683904
454856116
478057347
237270422
16252127
486698348
316504414
70954545
942827422
536279918
907399349
718320175
883056168
562681597
607883642
464497623
84102266
294894718
268441217
318217462
329942713
118912938
512514904
310648097
40617161
44417286
236522279
308170270
944636544
786626230
367666859
285730222
958634643
4756714
240415808
738052306
98872123
844664535
495952968
888654908
264142063
276322090
571216003
483017161
270680017
605820739
820235567
288332996
63284413
55984532
782422359
769083176
234347415
586639952
48751867
927013414
319883072
756857690
527011583
341369869
207846267
706917672
22283230
181505088
308149118
832828205
622475296
482935195
824596173
845184106
879830286
863549556
187744072
558302524
645098445
961157474
161580177
170496793
430374348
151878095
408058883
510291665
651266036
347034339
823186100
334476270
172033475
775820429
131824405
806480249
827864408
784579534
324552383
765725656
186435165
209629164
618989309
31204705
915751458
819587415
313191566
993463372
441720677
190979677
321076607
843989146
801672146
611473818
177432796
254224927
334937190
88831833
974025396
334119929
932369519
28196246
664689670
174986852
943356851
878381736
511858928
348344996
853041268
704400252
733665809
920833283
525199613
564479552
286320972
52012773
473782422
823257650
301240842
72266937
737843732
367994228
176231881
399747916
698257045
971425143
930719052
511489417
114981823
691987655
24994384
35376800
748605663
183100865
889275515
881437064
863557405
607302698
235841885
884364351
944949538
91163460
234325092
742632922
762943798
702806987
987302127
5362016
211870353
814310261
361510619
68415952
216010636
423073233
26189701
194089455
120078031
584118903
863905754
542916340
184307326
436642212
143949901
370193400
169510998
387476402
517116694
357670915
627902787
915293628
771996352
648303104
818114181
744606225
692049687
169879474
671849076
836016617
306731910
115770212
564053756
730560476
303265260
804437465
560201252
550772060
983984059
22795942
245129780
336372791
902523642
948801166
379419294
81857906
426302375
82258828
346407752
364768934
277233066
273680359
769869493
630325423
480502721
392973348
382934074
672118214
568853820
976659664
760539702
850537231
897851779
100684659
370810885
166647579
47839279
659914174
259381876
340997214
539928041
378093472
493378694
875419986
59096284
385203932
351228715
746803133
486274392
184661480
466807080
651587255
935338951
343804119
264715034
509813656
136777088
734430615
92164629
847390280
125953637
191387844
415908625
688675159
394171150
925411760
195938808
255680316
436499828
767759959
214916034
724817420
635043246
154231366
979268693
598194764
326260286
565615002
256804201
536731068
262201815
179552748
781006999
833429503
526540192
147985323
614367599
740179302
244825147
119092228
934993449
508436795
623778814
773436313
531127125
405085013
928559883
976547069
421541290
918607138
683425795
388933573
853926703
340566671
574256627
859990530
661591420
657884290
247161038
561869937
667522709
482191520
54191359
738279938
337997482
630679434
814291173
646965570
103902741
684981034
279737351
56025541
924314566
449813362
548970012
930261929
303064634
418782104
790510860
694225433
961441353
792851489
415774329
1744954
720273970
275316296
263638802
450990119
870474771
187194161
537939414
685110072
713819732
830382123
387870300
228249703
906550723
947135080
925200194
152960294
52027180
214953739
966108803
627396590
847926259
257362815
994581934
826483804
304522484
442166567
240235534
699122499
924993822
120437968
556076714
77409980
446854257
275949540
578011031
86689486
611960454
173728580
246703816
140110951
365428358
320980827
975016374
406420413
562659216
987266477
96551132
442324789
350313873
31435136
832135659
996448528
556007943
476612674
767244910
688985512
167107295
30244559
875991171
356602582
258636097
370938689
393734632
440782527
748891305
116908649
196792731
21657666
813776376
39427167
776639672
20684154
341150927
531457337
413011613
285588255
950890794
534596940
935522013
2273729
747553579
617163949
405579298
731871093
866337106
151393308
183273789
923100216
242433643
355746997
64156321
75878260
404153054
805893842
620484919
291775587
139103544
685467897
641576410
476491170
994182178
76109637
327091598
758731049
520097722
659877502
620860364
628480324
15037159
814977962
996714082
822929024
994929910
779848372
600727651
623119061
472817693
161071521
436759219
371264950
647129001
844767218
934197049
673945871
396201644
221357675
239105502
780730096
278585247
560642261
785900831
493894623
129632049
302808753
447567944
479187705
367857028
577427884
939517660
219883644
641662076
690920379
203839852
215517738
752181325
588338480
753539796
330943054
494465652
173858332
271455589
218069662
817424600
322952432
341464456
879061272
722280358
629487353
294276667
689566246
423736599
919182376
902512069
600002598
678627443
221598361
592407481
258213895
483938181
67351294
565132204
797075492
877517951
745489114
962398515
89591608
141261982
794303535
580085567
914152710
609356709
639864956
291243380
448984192
620675957
885152156
104140900
827772749
358011805
934919985
696703575
891514574
593241510
505697292
545263164
596032175
994858777
255886718
752159224
783408189
726317563
40353675
14243677
657875544
448678194
284767648
904226138
275964871
266684532
853984830
840398832
619124770
919367959
984355152
886125220
41831582
107390042
614782043
536804494
397744487
203729131
889940931
783389521
65192635
653233607
345500603
629532617
337639590
409640922
450375012
332357740
399862920
800306126
515132885
61956943
918651849
368423761
758358194
543402959
84724014
537188651
884986717
418920151
357752379
944159717
444815566
234163678
682428696
519720473
2393639
686442673
831066397
405795162
297030481
626069985
250596964
904943030
340249843
12776682
361270675
7819634
354914239
38957654
885056196
225871785
275657163
151509226
765556755
300975686
120958744
833704374
45773907
463111449
697905583
909307075
691049795
14443585
997823801
390916829
419734742
288874362
350060181
562261287
189251095
878638839
86205561
382695168
260736224
777729446
736001127
738153600
951446204
741928285
233907522
180801827
930008825
857228564
778914397
414566897
994650053
480181961
851031789
832678133
534944504
20884816
300720981
301723762
94296900
447608812
553456098
862052059
145371036
603762884
659457500
537620367
110067105
962369665
799922612
430536106
475708797
879616496
698054430
689578681
547690276
565127788
325284417
942682395
950781601
48973499
494273249
864416527
545405161
65453631
41965352
607581138
570188168
521110723
589873451
363740302
393021150
142891586
897800200
682797434
921279704
382497611
693267482
424081161
860108346
729262692
661976661
993267334
373518108
54552233
402177071
253591148
236309725
23626986
583488749
515574322
938830770
18955379
967834430
144094658
8175706
546720531
975439402
86531427
723803114
606417567
471330142
751594779
191416930
884659311
806709774
8707365
715286959
344339198
578906057
968037927
564267314
362635892
903865129
531235950
330345032
954031680
752333020
3695606
146673257
234475719
556770611
143891893
141424981
910185743
761951768
823197770
385356095
871456086
454491325
790539106
946014226
232690084
477123493
955469908
707129360
594474275
637227123
742592526
579275165
156254035
564346704
707695348
293169733
81834966
583012610
307158031
411692072
842472965
751865856
92240898
357921576
754710629
383851817
747837551
431138299
343537685
283612888
271269162
296763735
190850435
439097590
963665916
365941130
60632318
180316539
982082284
772050046
812844383
327275024
956725782
751327854
169714270
814336784
92129737
101082983
835091144
162289121
626893114
696578242
502257281
175277551
602182838
368305074
406314082
153435216
591832077
983303425
350729558
136753703
115557352
644015199
417563255
675917238
355151985
821868085
782851452
905045460
873732988
33929909
843694443
269740927
413743757
253587703
605121810
252994293
898412171
406321381
602777338
178046706
492138965
491865858
912638371
429012596
194658554
212823293
25166221
220739254
147876287
544177364
134398817
182934259
299077590
44196762
375919692
37124178
953145303
733041932
139459250
18765701
235966454
193698157
229513522
709964197
39610965
556227627
439654857
139807108
270492600
711865523
197844982
308600054
9159810
259672072
712466419
142813177
839730861
12911662
310970356
411589977
552334411
564448910
443121181
561645347
801820534
495071282
217697435
366850977
851008702
48819721
88831733
56714123
917741845
900620916
911053435
809623810
292616393
931625
562990860
535315403
632065269
266909846
856951252
85833847
828931895
511667969
783493820
789896854
310661279
8399729
190836228
499428698
506558700
775635893
182907813
498108555
338500012
710468909
437274237
981673235
228308351
877668248
442593916
809403003
820186617
418135811
284466497
959886196
318625025
798901998
57590032
228828158
127947281
680565654
724801764
698268704
690895704
485939511
112253867
519243757
733968250
143684391
504604999
584548409
993612219
97210432
145197089
1494065
162892279
2130930
658923936
817682410
670260655
822414212
709001174
945923135
847548638
210880443
355513092
574783560
12146611
32462708
108976818
38485069
630984282
884553414
693680983
659823628
109237580
674053648
626702402
92681146
819584364
324911443
629718020
495402061
734088214
954788594
73249677
937302668
167668572
348334581
412029809
573073787
117578672
377414894
301551969
509766809
844938190
301052510
868295300
457749886
617107456
206053994
368638871
513299877
687338626
174037351
451279562
303538894
347312906
417019727
469778855
546956422
952565166
481822226
863420039
81785902
820748020
460224749
42943113
675315340
252634745
7625566
89628414
571831569
401705108
114355432
292481931
63636177
430826505
41895383
811679386
738326212
109146022
232812332
622923791
764455413
691458309
107480026
9218951
734677609
188678220
761613928
296591023
282421258
988280716
384563069
202773840
733617006
940400421
686572904
743989014
608795886
412995311
414546066
84936345
38185786
675325673
30671798
401290877
425625922
615155156
323958329
845899074
908573987
336139842
468495919
105057457
864654730
130681797
334368283
575299698
951862650
494491051
412522074
90903027
598392721
974012808
910315720
327260652
736373490
281662819
968524869
989546507
642275124
6136601
523685998
715089202
174818772
828465424
87430475
552341618
789605722
113952986
685358244
61888366
153331722
253203255
738500676
835548269
587002953
183177918
531887652
132498220
62939511
231878434
132871012
858283306
149748819
595304633
285571241
544345882
760555145
276645084
938261640
794532780
469104387
570591361
178486387
339322447
421370272
712748917
877513535
970172153
571453850
191901944
615537321
590895553
506332167
843398581
675239372
339729489
133002823
383144866
24038620
209931380
957181991
830454328
637500069
796998482
746773698
715678331
537576221
18767601
58298983
899372084
821064592
398974959
967194801
657704203
280755057
565523444
727909415
40697780
505878157
749759838
425284946
506042844
843446266
220666989
180438556
837593098
432724868
220679740
850174455
600217718
788634665
919577466
930176565
154961045
4869510
978290751
30519481
274829324
817403371
745584232
349481960
547955728
391387781
959574767
402201871
28914518
53604053
742711367
33579866
793270530
78875982
317590442
346605547
761000147
373963493
272895915
645271376
958576428
74862924
672151972
415899787
756442128
493226757
672299602
977228096
573501154
112760650
132926785
942101220
696492199
782200815
261625669
107832721
10172911
146494854
477198491
762087508
173227077
689894215
484444899
340426985
444337572
798000501
763695245
174964334
411422648
830252661
914113863
15270019
377538885
723721897
829749467
704333665
847484921
684641587
586438507
319921
526202631
406891400
271890488
534749489
42150236
92759222
179147723
219394483
558230815
620287316
632480898
421184058
581893541
246588897
355585311
338254593
110585000
870780514
78207197
331758714
970699373
563337128
167134963
790003310
592903318
719847897
488673287
751179813
103483142
303913265
824798870
912163704
232544002
501762947
280834755
894944056
206468253
546729713
480914867
782674848
778208868
668089171
279755316
124881577
366495524
793827931
142618818
113746048
842930328
510219584
227575091
483776569
376290502
968280886
688089458
53834091
425721150
151548990
76648134
881360601
56235978
877787077
184348958
651461734
978159786
185168975
692291434
965602327
963421723
973809102
839521150
947477010
984638959
352304771
274031702
516456196
338919747
973525384
289872370
888920719
630084452
14697598
678826007
24397584
964118823
63440588
398928114
411527156
552010612
37729173
319792006
927476098
915314101
748013797
200612093
676280424
411058811
609299610
240368971
90938469
720040383
70526316
712248182
869422814
892658111
866227298
970956357
461083029
45242581
615535927
809322487
114291369
602381325
925829642
350090918
886717196
834912218
643874289
905439925
730814158
595337415
788645616
225741556
405536674
711224566
269406980
462301142
369774626
231227738
822371876
835075243
738150883
354524983
279257376
435810532
978377792
499125383
887388022
536859317
856482114
331510942
770275429
399955531
883202638
968793505
509739247
303708482
704781511
552380044
110470968
142931530
389046869
968443477
448704066
906455373
669402379
431770522
605734357
866778673
787256029
407931040
309596746
740836688
742191174
562229348
115547885
825099318
811766941
407811797
430116495
729691936
764797331
602488752
412452782
323981789
98180259
253731565
40363405
736117641
282730005
354161470
910403962
165769348
136771890
148686528
847391647
654387760
988720165
520060661
450961652
589966526
562192185
280449680
891026174
354458993
418245950
829756385
938549017
83912933
99320779
206949817
491522415
474602002
672658887
812242006
56151540
402382178
820228702
402825427
356997826
59137479
672476211
26831447
781181127
200697230
958435331
526126750
667547347
191399074
915712058
94091656
270124761
931374793
733650421
957573001
380991100
377235784
40818768
695184085
463762848
91634363
679628798
130625306
307747161
592886895
37039918
607464707
117299363
722108324
119464997
524338811
508248562
938252906
350518985
532150230
230213907
942659542
62559494
352982444
518194472
241241457
297674368
977549361
325037507
345999038
857050572
982346704
322002462
355171751
323780613
32862528
922455173
536932423
482050730
937165451
218576547
191404096
556981434
805670211
98996070
149061922
675460208
143165836
502174132
473273009
38759564
207169465
647562098
222069921
565876929
649082725
67759031
915354139
433679843
588700746
875733642
958183505
136964730
145306050
638189065
924931748
297747529
115087418
554340999
663995345
962193042
64472443
953578208
305689917
452363743
394553229
609884155
400507200
739032427
456446288
261117910
357985973
725485677
174469794
323064825
103370924
793991145
953223837
581327467
266835252
184204578
180892286
685412446
705975938
238567082
468968164
592668642
81929478
577458991
626591670
947448169
887395977
230901447
860168054
856593186
378986373
92589009
268474994
266314202
92420374
977567694
259867794
375787698
589786425
112014224
194905742
326490033
924712566
312349494
404163859
303821283
152573169
894029264
626617171
64370170
299504301
755367841
724724770
449302210
519788374
936246388
601148014
836393552
570982700
580626462
942599706
220252859
547783430
190282483
744810030
643880441
25826851
959048048
481587311
266412961
716139584
281594497
63962851
124182129
980648601
562808998
268422818
384206042
24854558
983544460
203141912
519966387
462121859
296896273
889527192
182665839
597042374
351994163
857152506
476707603
375158313
787296875
270731808
656932914
284199188
636961650
174297801
646036178
374711576
18761243
386174366
73837828
354532167
131037207
725834999
332643762
104474318
124308700
350217618
679416761
794232987
438227374
497012396
17798631
642767980
600266856
446220296
797504296
834008804
546257567
700536152
263385490
683749349
218967330
493484937
993919767
536927969
570734760
774655009
686440207
119543646
950859805
894271008
306514704
774981546
966121497
47266772
195728655
864242764
375713416
782761241
795372466
368322008
971286040
973481231
191676525
220863428
50729809
132617792
273378219
350886547
661141259
659253909
268880085
363261149
995852012
355962603
742595727
824777559
136663247
144193327
860262589
922429309
513190445
318837504
549802199
623703150
131484338
298988194
462709662
661296449
578524288
789463425
693436630
242313471
607539012
687761742
470815243
876632682
341711622
466979253
128871071
70599132
852643773
995489575
158797772
675572570
410429714
312787342
558338485
854407902
529778914
251348381
233352281
988223298
908164387
907794365
580491786
331780500
454802756
920256511
628911094
726502002
255115339
108291718
155686447
808723288
531335791
185199318
643540196
161167053
682043549
648016934
276759296
637914972
377909615
471831102
888089884
459621420
151740454
78223275
460433171
4105969
226486146
10211273
627675419
20429443
472756008
599690861
558046333
535106520
801400520
967271781
727966100
4058867
483466528
27927215
478061936
138999635
249726260
129298551
209680649
529931223
329462777
932072207
353150915
697826758
971888691
44194825
574122146
989939890
103226204
624268406
506687249
685789439
220448795
94622983
605006292
873937812
407209518
125755186
346632893
363678463
629053808
432329500
533691777
429551835
314136112
339446884
52325107
254461292
556737479
445164786
183999724
161846621
294369144
680008782
879434424
823825444
886710929
9975100
692451031
111559183
533329733
170688105
842930225
239012611
204969320
467493087
679481772
565517479
683371531
799601044
67140836
866134513
272227495
747837877
333908850
99728337
492749076
169379862
311139270
677729403
329112571
266177477
332846651
60595959
703714705
406792806
213609768
240406334
976212311
302793648
891797839
141401063
388658843
70337683
644607025
62193312
363040572
815188532
63027867
557526506
577461775
994376831
851603645
170621783
270242113
743086911
836632160
984405631
218550353
747887041
438494114
639056955
453924708
425919871
577935217
645317454
635618250
773107156
246007741
412928366
612713593
530272689
724218834
829938577
937007888
654935380
487199499
804377864
280625755
669631775
891441707
585392895
670289908
127462894
339517410
388237616
687293786
434740123
45297472
868943626
565941508
558380399
942751685
788738060
74134144
438942323
3879234
567477014
387832129
818463581
385134896
12228678
422818798
880736854
899660633
816880874
577793446
457357164
837648007
697625771
686938470
133300333
6021621
659136286
560723886
411857382
923855739
949387318
844301806
326865240
318612846
509535249
463866293
35093551
391506141
746137114
405042442
396673689
822428426
600668988
83056749
503350260
135329057
617457537
586859337
409181136
956220725
409052758
997466904
67979046
449687522
870929065
544370909
864590396
782751162
82436047
981804713
115569316
837497820
852525490
798279099
201621792
555663604
709782827
981710580
762607568
67308279
502878677
884308888
716304086
122376859
86912333
459987325
285487210
218797426
601546683
331037193
179026218
325902153
340944653
406516807
843453706
201022539
125399949
980630837
209497262
493899530
979774805
383521006
142808268
534917949
752832954
901072582
215766791
984013874
239242086
969007656
82887048
751468179
743836851
701949975
249477027
659911030
148448841
255309437
887616460
124130189
645492671
331012277
436782623
962234368
726368063
770284934
728035473
172602065
186648255
487225270
497010568
959604560
172277255
285232760
344369640
433565438
710404000
223679436
659036581
902437989
688481331
959022545
665246478
731218913
468725390
502824121
708943018
163349995
890813325
383912244
927000625
366242488
624908308
477651744
711187904
453752251
602550776
105515473
543526077
479650388
304777460
645545892
409845282
45276851
582308825
834069338
469320831
567384641
794401553
996727990
47373158
519801015
503202334
159553234
976540484
755314738
578290533
96678398
757240197
71487072
756599949
133248106
45632147
993786304
12044339
785991850
526518012
130535358
199462782
164760620
464672819
476363580
715675715
839781727
500667760
103917356
514989271
778864152
353471800
451146066
606747288
464419129
733046712
375027434
387507132
297625460
830843889
746343051
286622342
604599859
879686654
147972609
15729490
272253153
452238763
609760953
980090214
841379212
706775681
922195396
660649549
792567197
431610137
547378742
369294586
712546733
28011059
501789032
213899528
958971436
685790680
279860923
363841894
510107080
354928254
593576886
918302724
586620251
795821557
78257655
602195260
259134356
200534817
386785615
36245192
456554632
196336343
284461850
309136428
694625787
580718688
182023303
671917774
306770391
627565421
251634596
854437677
948088410
606688993
342789700
984460368
877779200
102748843
506069565
281677948
206649254
138249157
26770786
930692503
387724682
963654922
985652764
932125731
904695200
702316817
149737417
936540041
961331794
711318002
860516547
598546719
121129930
307719322
954496534
575505138
635454625
65042605
130248423
489752371
667343627
74117001
326728414
887182699
934755288
78386548
363192299
526243362
386846349
296530809
719060479
981993806
943360953
460060455
470297302
328492776
40715726
996803697
261988522
380826903
842287221
579294219
275835985
777503247
992896954
374032449
867729482
102112088
238556335
515904246
232722352
170192714
59448630
39986700
707432942
595301116
899864698
191760896
535881596
511866963
394058136
926093450
95316276
356042972
865375225
356995064
35098829
237455636
318039555
398249881
880667333
320184874
651214329
463543071
644946066
73922574
506918945
310726028
625616729
437038822
68405774
973336222
919992876
806160834
270724289
7406844
761047797
10544819
711928122
819297514
857852101
566862006
474504782
667952903
8267378
858737104
19505456
46773050
445580087
647649970
862061595
277716871
784808137
242849926
217378618
76285203
334878606
674000859
199449226
758490043
682058067
436357297
271046348
714076333
480729030
897634364
334725332
658269591
834679698
754723884
995523889
536188772
293166257
702015513
361499323
495142346
349811468
616652407
280213211
248048454
646463446
8897658
135325784
398325842
387813501
280869798
352233723
839275287
374286155
951152016
951418573
315588562
883362487
345039854
793360528
876651530
625110043
327752154
651743437
841894799
81580669
373056437
278707203
281086652
21006775
512576055
470824222
433207599
233551238
205273091
134432422
618782596
211356058
648858514
90962902
353540907
300939897
245143525
952404033
497058849
703689322
19514321
185376807
328155075
542940212
651373668
759420441
862506473
628617336
119125981
329391234
917411317
404255969
90873507
814218460
217041588
616001527
181314157
530078954
404475217
130062262
213912386
26658250
464477279
930745556
437545546
258590804
783740525
848987610
592191175
792278415
170767148
261974680
323963909
385945159
816628620
346566829
635482822
769007547
403205428
827329266
581936546
908443603
893270522
147578136
964413276
997470758
53129595
873499766
870905997
735942670
732194343
627100027
52703980
198344382
177405334
639038230
8261215
375571828
991745615
936072091
552643741
469311026
800873706
469170031
185372829
763061087
320624301
459012198
470083805
444752770
889911325
427858862
347750742
24897966
405044773
326893012
267285332
611029401
988115965
837062190
169837558
986303839
812650208
238913501
399387679
299203288
146275384
623691639
910992712
899912987
942137262
109160424
628129178
574574820
329677355
997578023
336931793
377000343
113768511
902235653
281369592
182955364
845607487
122092349
939922676
119728908
954275963
326013757
780865617
243178714
710336008
29341054
157128589
868094414
614394275
2105879
128657325
29242287
318810883
726657398
525869326
790168678
607385185
76110797
773418957
651539225
547269943
180595821
387563135
397921343
812064519
338619988
419065473
319971573
567817991
911546265
579794575
414752403
436874394
586255492
636026984
982182645
985831557
913206325
733045872
13439772
243775290
951548565
320381061
715886015
208998927
59892098
339921254
479413021
349513205
224854339
289732726
135132854
617001712
314999958
64092430
181403808
166837676
417339449
635203496
544491742
665109463
97383678
979727026
306372686
167111931
493482071
212679347
678931903
194026818
411424538
734419938
573426745
774508006
445722124
334972291
813079719
746562283
932856729
946142934
591306997
295809405
766560741
841174640
583087435
707072339
368568172
393095959
305083397
464898107
714548612
992340089
973457863
939770905
169260751
1515812
215512497
926866902
670713175
171385287
182940032
344304287
602720739
741673127
995531989
693856444
156741768
528628756
121592933
851734790
212721426
563906885
624776200
887200742
70546438
124339928
384696193
204678770
287239466
110197064
289371771
801712193
611313163
437274725
952568815
119111411
87727043
173428584
736950738
99628343
266190847
92335249
61877560
157908950
987529299
974790288
417005169
569283866
928875725
953595627
733427167
543970240
349358838
299371783
934912512
254027666
352386676
641584209
227137758
259440288
466149569
368330886
859119761
864734383
917282401
345889886
238066166
137549993
294590039
270795455
367722872
228376916
350540715
964186016
598617504
116366992
446215384
58609501
194583695
939053621
380765538
149663243
951369326
997431403
916715680
566226925
422048293
216556174
849782499
977628240
266670610
461136667
260624340
196142318
915457813
575887925
830512602
767943314
314692606
722960425
186460924
239082608
76321030
688362202
383596083
912687742
560949716
479460124
844519489
978818582
139061626
705063321
177259848
727486225
781504741
673577065
255154285
925763666
246751705
821253328
912135152
37214572
77799264
765408450
473350619
415888153
127762335
561290436
374642070
104995170
823355439
657928281
169592707
65145931
418987317
16108315
510241686
419239607
967454116
553791995
458965992
846569014
137285878
650334204
496026068
114547020
81352264
661863228
641292449
855877874
171560527
73610254
665692923
631018914
815880143
593045602
362851602
326364030
40978207
583109856
116440378
608479347
787249425
93396276
647764447
963273275
170527598
749986578
321450501
723653078
565876908
114072604
338881683
566114308
616093159
165478018
968824770
219585636
90255923
184585972
526828341
462789063
642437378
274464186
527766345
809021282
57106811
356354718
220938880
746753408
634991048
544435997
187727930
268264689
977406531
278673966
890220988
96834268
279732136
139875556
495299660
220084340
719028986
726297259
605739414
832619031
837186205
949772714
220457146
117728748
46992361
307842743
760123531
120681013
154315539
974250056
679865310
586820382
92460663
197146100
614922136
758667449
963567790
577004333
725452710
709164912
234631689
462229512
510108696
839283413
47800881
341757221
445689339
513098438
136319696
971980881
193922512
476282930
643482498
269823340
151882320
36434
731650678
263058824
409752459
293736417
836880673
905754078
871862238
293261919
694588028
964586402
427867757
880545984
111941307
410970446
548026079
54190120
65173395
552954296
864096447
399397246
988258201
80088206
609231079
950428486
425276438
726510856
852341157
746033631
60662439
232037425
240454513
111746383
129022621
241610063
68370163
33920539
463985607
28149802
858358167
280616723
7867673
571004447
492674355
486347493
663108908
32718690
641759822
988400175
320019782
376290111
83750282
808004614
289928074
722066422
853925959
867837547
211881557
65944982
575981161
869360472
355597333
43668772
955199809
973161953
259252681
945904683
543541737
533655529
732506776
308745589
408563766
214202729
811794911
190518437
600350135
110260868
34178176
732412155
974669177
926451003
220106787
225082546
340545570
110040054
956301023
4594839
449296940
173517404
245165382
116826226
862013721
976969950
248761506
31424358
844547194
688857507
78152375
562623734
942557334
656194419
380482170
59409162
447049804
680497277
675767869
534432832
834537117
277081394
969969699
681267831
782988309
130341345
424092295
255229115
272443404
198977352
696146945
540580393
790664194
733872713
172198217
638109277
328249314
830061859
598958018
96700100
356310751
598931507
691146799
701300144
729170500
138610729
91332237
542793398
674228693
396230294
322895967
343214104
680165879
784907734
877026890
277207321
135341410
99439634
487530887
137322328
551203341
821128964
359694880
861530564
857211132
414605515
83954795
606970035
441193373
839307460
638976247
358564350
938800656
415415746
809580176
152865551
128443924
423468488
19777942
259264731
393425629
854759387
747737821
569796152
87517335
402224123
241153724
237179583
698509413
555916850
240264234
515304141
758911370
588814482
525518622
378150496
955033807
238242660
632646960
646490561
348389840
687468313
308931856
979603774
728197850
995375971
448789055
666492253
438233726
929154343
997342274
678947890
803873805
913107460
256536812
703130506
517371168
52216747
321020875
212320158
840208926
812599275
536900497
132764669
230498158
655298357
620017342
528235862
933515372
660485616
62146645
979395221
904612578
92949837
68689342
427616539
61754413
597881079
668724838
890035568
412495671
466946718
547867606
526934448
905321041
686347956
489292188
876783981
597749092
544486942
956544041
981627032
868406925
287683085
584246500
375767010
212694459
365860176
29662832
591103951
220559762
362686798
926296346
288661892
172868006
136229975
306609771
586236435
647874778
764672597
35284178
333692177
488614870
551972874
749696103
455111950
504687479
405126925
827977619
558790691
207623054
65937094
142848446
863753305
365640281
214103833
912574952
990119121
335978043
162671609
247201532
993958026
309694371
896710870
894611186
241021115
522364421
537609226
791736547
501830548
886784551
378787012
116848604
324743230
861469252
591968958
577460003
240145832
382889137
178193345
869190822
509375326
368277061
240553528
259258151
127883839
743209956
287553786
728305484
939329413
896106266
302895697
445027471
422636374
966441192
574484833
870477367
779937388
781881441
462215723
801732867
107313882
923547156
650832495
12781047
527492875
940483085
566340054
417487393
577743474
371175031
351144030
967126098
7004189
442985952
978189903
409711382
65797437
495817967
498130297
944681931
987032920
303583172
37177410
892463553
499195472
714431122
2991207
715364794
542583303
387618057
945168161
485950429
389885089
47958637
424909444
578771598
36888138
983977528
124909692
148837713
220202555
952167942
236109710
335654423
463973850
39900167
881949114
495344136
150452986
379294864
403687836
167754134
264013907
896202985
693895608
488801782
737124305
102926116
59109462
636542839
942035730
627134833
180644133
808899964
815140351
681349718
721031137
702961603
890674455
532560275
356956223
228619181
789004231
495149876
35342440
779012256
117805944
430516421
657314936
345956141
639407761
195004936
893646488
334100508
271364047
600713737
94380765
706245480
780213121
739083086
571244127
719527558
158961311
761548290
139862701
844543880
43820835
549302900
379447676
784240544
711641861
77561195
782819122
982145703
810090277
227960100
392350036
490793460
763721234
145529909
929514973
851904842
71365465
72956712
758335731
608272107
908308418
326560910
776958302
794283942
665585647
571824451
376256774
424737505
841005991
950316777
898875419
375306936
336589642
793484088
259237576
148511820
100664173
83918003
34361618
870771084
336193648
704956283
439020003
360575379
149258722
722855931
985599343
799357019
187233466
960036930
634949112
433226046
604545790
22850546
336941824
272364793
901906825
799788517
349682316
755213956
272586149
151263223
674359565
926634783
477772983
201269257
49249869
160920826
417222772
679383128
654466580
290144515
880073649
508834820
548630147
187906393
30152332
501337008
90251700
894607555
174819753
302482293
382842141
578745198
857952030
181112612
200444337
731890139
120199670
440588462
334891825
899728479
330740778
426572259
846546055
18626416
399643765
104004314
362989562
112350334
917034124
378014659
992462318
319169312
669531742
927837510
638618197
29916205
947643733
731659751
10210498
20539267
94202019
298501417
801776429
758093731
683102710
551611757
393827656
726592106
383225541
951788014
818877866
161010152
249725227
961099010
968265921
412357485
4032150
82663736
464218741
530703965
950526998
177360525
811880552
237928104
796243266
673113549
842521303
10106684
567555670
253249112
225631076
389308150
589392354
732123363
761866237
377620089
408527599
395353618
682889028
43393209
539920120
835930198
540022687
418482152
574223825
357169750
880334464
785616248
657850152
990323195
476973388
574152293
418915034
23115972
598589418
603062854
930169669
282683257
698791186
863098069
264173171
368234755
16864811
292415084
690820198
563178251
987322834
387803548
754142847
84928173
347641050
720535874
967710400
850145525
906289988
286233207
153429323
230444893
112471067
365258988
574355742
731903729
266736008
924949254
508865769
439337256
29822479
559531907
749090141
476786752
243807305
470825624
782353959
790543384
139908053
144635787
811517817
392702618
318421347
24734687
610373994
947817479
399957580
27503911
458637846
447803248
318051830
970683492
21247311
526362133
995917953
124276394
90590012
90564871
65038043
301626549
348648342
911485235
522515071
311721744
711925396
56060539
592480656
793617255
462311047
533546944
386033245
735869528
980097112
175407699
523046088
894532283
925085722
285089615
288199775
81758650
76189351
508848551
168099509
226797954
74614141
165080702
276311489
198694782
810453757
811021107
69013862
506387446
665324665
336934158
98436677
427580710
68754328
819903082
41123545
55453932
20282678
138796225
661754893
977850937
317069305
863209058
643567126
127767301
394743653
935121978
994017259
14010166
376148139
146054000
791571829
187326905
245972495
211016013
366998993
99469915
683143809
263247677
944999041
199821368
210256212
689565550
162423009
375511735
472072298
235189258
638923418
971020724
783236089
834194974
827168302
200796167
402028596
910295710
491848640
227662176
531007341
897403292
701861735
573231008
371686625
858827601
575475559
815154188
141014525
435595205
750035022
664264966
164079712
548759183
895323848
163916914
744864859
672321001
107255422
77364614
419652849
559328695
643802857
207323942
804849198
533839369
901658274
269848019
928580657
568332552
143588883
243433925
556997444
883647452
444631882
8856786
200631627
803677589
429426374
965575063
700222951
521193316
422782042
389458571
277026094
728587298
591150593
47508117
637509368
161226757
511540784
913445609
971521141
795994476
765923366
848689471
660300865
680116609
645667
844601842
653149569
799001903
637507777
811972026
907116533
139048256
240112665
642974915
523552664
103053332
358608972
460867184
272982995
356229917
497188126
591862323
393339411
434604465
267317550
266381638
430841679
246460983
212450799
8903669
735047499
771532605
752124256
552150408
522373740
257971091
220287473
664546277
285359115
379371485
398794236
706044742
494930549
485082508
490185712
366650396
845693501
19827460
822397044
457217568
78321472
111376191
276734301
176191991
504901628
246705456
210355721
871226878
214805774
986037764
526092014
819726021
6993046
324305586
33838132
12156229
98797614
831506428
937598579
972761377
25802558
681407802
990255551
160599855
215976706
749807976
647924208
96262375
967275050
535510460
249989152
236112193
12874790
43705918
150484151
729885405
561448083
30218462
158203706
78436299
436327259
245863889
27608441
844810939
478086256
786993480
514471645
406379624
208848202
632801201
198447230
404642851
104802906
711560876
396406429
230698400
361144845
597918972
435652157
983495158
234267910
745646914
939403622
796088675
979834943
296034357
932412323
848704154
211114696
924448859
603209433
199504620
581423438
855259689
79218742
366232643
965409580
163365132
835353612
38103335
339524694
885668245
90992539
812425852
157624136
143754058
90154534
906114617
55735578
865995156
283462066
756749262
704154019
839745327
287144376
349274005
527698375
583073080
703974737
681644295
302870382
531088620
802044472
781855533
204061152
207413787
66281483
977525412
624517322
545621088
327684321
758512485
809859957
968674873
704060126
109709028
358308218
585661829
21543064
201688889
601754999
580611710
868084731
638307770
33428496
600210577
542619166
74943085
232820607
836216417
549912956
625226115
158576173
318503720
179314782
403465044
557995692
863676487
452943122
178159284
603371336
11642770
507531476
387010479
748189569
219769574
650675238
774191574
112113992
846107406
726693028
31496487
222547749
327835436
632694837
575704989
121073080
252484043
749501589
479205715
606491961
931654869
492367167
801440475
52169845
592996525
549147145
949377604
697377517
475047413
550683935
868368318
208288620
484085631
286804926
680478095
595187129
461124215
665950224
850090574
846458208
391282990
344041634
265245064
979557180
175107346
280780199
37911039
149780372
114080715
368437522
233349157
491732769
713556734
916548163
708623035
814719630
929593325
95075752
801422344
986950875
250794221
563881185
778883216
410525902
471217782
145936706
692045070
638643927
297695889
560553273
323601803
884567166
687450725
794151171
568697469
539831996
708388185
14264771
828019634
383171537
68053657
856395460
701506118
686518402
58750456
350835698
173624580
185191411
149098560
609085649
485858096
45823418
386484866
866420267
82286038
127724113
657956170
992459209
889252300
914007988
627165680
514436687
90428604
951198415
105753158
170504476
658039284
681700304
958034359
570899770
549327193
603537593
787217663
745750412
304655344
469174719
152160767
792208412
254018452
921496536
282736311
108488498
785803910
936149975
84987205
734558075
301412855
678525938
707914088
730443693
889679173
849020565
18682688
536841754
752173621
163120898
496186336
966855143
620614069
882192743
418052398
13997032
268827081
901518982
911630661
337476817
879046309
734712988
890982487
929556045
513616357
637328019
287463200
586580949
965994689
157087593
66028748
825222969
37586345
42519919
67850019
681614321
883531899
559598157
238468760
582791182
248686207
644610734
98445211
389318344
424731968
275125857
430025044
572984766
777649944
905353327
65647531
964271177
667649572
337674737
501681937
200880738
641584891
161937690
622965080
661074902
448590069
988910237
817131686
960998216
610277408
499322753
99963914
528306128
525973851
434393160
342099207
313502751
686319118
455044703
397295129
292581110
162214900
904087405
653133613
741848105
645081562
414262743
561917760
101711288
912792986
499163676
165189274
755044265
180242672
977787215
50868388
951583477
676141024
281741599
794538368
737358713
527658081
428730956
683601994
653115410
500361171
336438476
9871059
880155286
379334696
502775138
847556539
732654848
43707582
897197692
118808328
614661401
24908575
72206646
905841317
838829987
65921354
783673434
580919727
296210093
300395038
71878372
946448023
356455940
54524890
534685302
519868786
380588276
708826610
505288571
668796000
507370862
915888166
247458720
982647443
984277851
604891629
472022366
194642969
92401103
737361114
855804609
517777832
516771308
243723759
176711351
31298141
466777117
897049605
51777235
46801894
898739355
860008873
333328683
312675904
425851741
748452831
223462626
436515572
77922049
519405035
497054754
249364442
75938762
499733191
397075581
641897018
374148470
549503756
185418489
355066381
622206179
959500464
799373926
938274556
212722221
196506833
908081049
422434111
49963387
401124577
923319014
384250076
363468106
193902089
487316961
501494999
976316988
378278934
229132926
106246818
30204903
389433623
103415242
440530071
849401448
403717512
446366267
841373296
371958825
480908878
997180327
160257416
852828854
609710725
392877037
853252709
852345404
694485840
784597754
745239254
651275972
961204803
845703673
354232668
943537228
155262447
415039942
804674007
565284796
115357837
834959277
813556010
48826959
824071702
629674380
715132798
689087140
727944066
498302227
223452928
71799697
770768646
110847730
364112406
11517912
204812877
200512639
724949212
69284049
68191288
126583557
188273121
62312919
644406634
701056109
146092284
448324843
597824739
810517907
288608711
155798720
450903027
227824023
120538620
726382980
717236739
289397827
567892043
382477766
829445393
661684919
763146346
592347582
619576103
985160330
495414129
82461420
797672251
847127316
763023108
969925710
187038983
813476036
607285452
304269198
804602435
419653079
630851259
421316677
922537185
579779214
541074512
946424779
625156046
760490437
887210938
175761615
81936291
578739537
749626388
234280537
923441472
68453461
753337572
687469692
288846762
410262225
664680687
628795895
802802734
154597031
26267376
450814476
192785863
128065037
391223080
944744525
505959175
880623635
757716116
737250182
184862505
956495354
669607840
514990271
240600090
522027763
365041355
121930965
250346509
340822384
203847956
554999601
387799457
830153463
804039712
530352566
182577336
350582690
936421110
385041279
74175318
546239254
144315958
614956887
124442572
646806152
534357400
522402772
530764412
292250804
847068844
895594442
703754101
183322165
116293535
15752711
780290865
750587682
88967473
294378287
803769937
329074976
506388701
342097612
336784240
715543791
13280589
271562525
182091019
38749000
718376835
352978972
398180529
537674617
331103284
552473842
363200888
429775952
6759816
238384679
969975970
803267182
374278469
738391114
114161987
985247274
25213472
709523349
342297836
326134189
174439285
248721653
947572532
735338870
476522974
375853501
114169024
35785754
977169069
663827855
70626163
713633045
489245011
626728493
557694204
965604046
354497609
250656501
342504438
402588287
459384447
790597553
413843189
294945316
368273894
171032193
245693290
835592112
708054893
351822224
606560567
11842349
275247268
284276693
284776417
71826214
336227557
693258137
233886679
203700419
527990611
187936520
439081768
288005159
30569962
182550738
572600814
139039565
155227147
366203857
632997953
931549404
66354028
190513638
908422832
849364257
206425677
937495376
419394948
531163800
251340162
304718183
316600055
559365905
166261843
10214379
704340883
395365935
199139678
820526933
738688144
977720125
593823792
425485859
83680025
770656954
628073365
658039927
603506243
893148438
608551778
582984029
106675509
945455634
540175441
280610938
106228585
435964521
553486575
511996207
123435907
693949062
788004076
507414776
522401446
671177287
304323171
49306419
19252892
814650278
750913185
838351503
851570591
933178680
138325744
388941204
533055709
340629732
872547276
297309629
223004824
174894743
499403979
448774950
656045319
245603154
156826526
172035515
976108588
93875148
390385027
30549815
425315738
166533186
878319584
295114010
771553523
663936031
227445972
720376955
526147391
306740745
215954311
929501166
863309680
734792518
645317042
760217898
419015309
964933143
94651637
606927814
990279745
623462217
360909500
244027536
438139826
161472121
175190234
888710821
70419802
977746088
920558215
867487223
616252680
951571498
395115819
933665764
176312853
674027550
122706736
507341283
638586200
591952109
762684713
996186467
210674778
556927856
845172257
501535710
393603700
992872338
664422076
377746029
65137467
49563772
95025533
837311247
234076966
392427783
419371000
256174498
887255017
593768930
566249574
774678968
219802005
298715012
676211047
700426755
155104054
829122661
92440353
947757069
502195423
661801113
159606188
282095327
393096101
405513376
996540264
90372194
770063948
79697099
57688878
884303299
151252685
890858814
971827442
199440861
683200069
917149707
923337504
796508034
381864763
459095328
312050728
98754463
135187520
595915921
638312026
317496060
667566430
765342367
51918721
779160208
442627853
122157523
932575720
757247140
408695802
112690968
980584085
234310885
688328754
293376386
821208123
487068325
819542836
467073991
329305613
930925655
582438319
164847638
682737055
876413594
143598340
156790393
875204075
361108191
725954307
17801298
809599504
555493848
804481033
311246668
262482659
594444066
945789126
19261055
373531728
584585712
510230857
851206862
700054281
32951672
778244424
379871921
132288331
991512908
163179993
405968672
912254075
994887936
916562259
821118545
126989490
949740079
684393840
530181291
573515896
867826023
203171186
682702810
263688745
295429816
966412146
640748613
547967315
36810311
842117766
835278202
654018657
517421021
113994803
161094067
714709779
776784049
859558599
69176041
461456953
599073391
103700358
836021229
247790583
271005073
432553902
734562969
833447875
605962689
385271321
301352236
701668073
985602301
947730754
642589885
239814795
846167937
499889640
434695441
961471046
57265181
127498851
245767501
629031811
554208968
848820175
534277795
473962799
526246905
914486038
151200195
495247323
109439084
398260151
779553205
980724113
44968673
419929365
88472305
764996349
897222871
621414818
379702890
983588512
153343687
471909963
286740469
225511732
680368380
343828162
658555006
375151996
64065439
762295783
626008478
428656422
317845609
759881693
436027793
256354496
936956792
612462959
587937774
155851034
796831080
372395969
777002536
80385124
24150946
625031211
866052469
204462931
755475952
241930217
181766007
978706123
92268041
260946095
61777932
871074982
195079811
282772311
26244721
879541481
283376031
618215999
843574476
879120015
43674365
708873779
843208985
214750304
390552014
887634698
271232449
434334652
940606199
591644850
213899123
338256521
257442855
310985625
740873314
913334055
987412391
597729017
652862640
845903960
492457336
877647435
950752932
958659904
537967966
10447264
342346942
386068073
58609842
912430449
619376158
187849494
275228965
412331182
38236862
145499021
845807368
7956580
707153101
837076177
540507458
576534799
597255829
269688485
437084890
554902920
271831955
787355606
123120549
114408693
650290835
733624671
271906094
589445683
324273038
376171350
610472628
355184099
820571046
823357417
42407577
742845664
989905806
440549609
400084749
166717539
5340054
407804018
786546245
705784378
633449741
519321559
98725110
574949829
732974322
582639451
516234982
947363721
953936003
683867648
691291394
558342165
921746091
67372797
367357720
779697390
678112804
761566809
637895175
791752456
139376335
323524362
661248083
164195206
605072831
219538701
214978754
855364739
825079652
290851373
721060065
792398920
142849719
114781620
183963128
711526976
461999798
966321216
224623941
801740903
947504149
695360937
692924379
325280633
585734339
768038846
751936037
499629134
311276357
287391852
797442121
526986276
630712039
593258679
214996483
412193936
215790653
740309745
188913989
660020741
855888161
716197081
656098488
825777073
593354920
88385322
717092200
556321241
187056730
571314847
662475622
550826367
26035639
143559899
7458556
310278856
576012358
956661857
500013003
927383753
870783829
244326163
131107057
4368478
477650657
813452197
209519180
343984860
106467676
846180035
219096808
390461072
442815710
183037913
177363183
841827717
296697443
456013969
107191894
415883378
942940451
118772782
978243380
196768866
585600485
589503465
870305651
410537354
708624366
403572580
504943288
558013629
736915383
815648174
563455298
303389210
276644586
777090041
992149162
756903242
182591735
151334992
264781565
280846528
278738522
774452937
480460383
633843592
381339566
610472868
121401842
652804986
748485408
353992795
177793415
910582881
201259710
935980202
162537661
845460967
18095135
359763568
242247151
612004172
259833679
22668079
637209454
173154345
415883380
803056509
767880272
869013553
686640773
916163600
135343246
379295581
33523605
667278090
749224659
215062821
817312029
509677491
483185840
890323897
855036334
314805636
671011248
200470152
65143991
938436864
2541644
956159056
709853723
496325013
734643416
923911079
193952971
372743505
57534960
412357872
687882983
932829490
951558012
548030507
899978030
168478465
816478381
48469262
106101357
437072844
766290569
38783981
102826936
846356255
951657999
344093731
692482172
868818101
925211442
276233675
189596394
169949156
562384406
248595268
64992896
6077240
258824920
473223350
120798010
55378525
907747976
562952901
374807873
432887930
401035276
691058760
82007222
919899772
889137418
76876853
775083507
951636907
110432686
627074938
173695566
309657658
417717640
175537990
147475748
698081825
665424667
721471962
130587914
806305488
487958593
305731583
913787803
603310503
267931168
28256541
393222098
897572220
135676767
523004646
160632899
901759121
402281145
396986690
12340559
25912532
95792303
998080724
557686038
993409520
682656466
501165941
918636873
619526487
878115594
460069651
752858452
605236791
724615819
149120912
816652022
918991392
197580554
659986545
125692237
308699306
28122455
435116694
964311004
456914418
280480797
334670547
480213207
530073186
668865588
364402835
585978967
310337235
478119759
512732800
187594426
711425582
71830446
311713610
989685319
898353008
100310426
337189776
922994430
81474603
542560974
936855302
203013765
692612405
284410830
834958735
550992523
193702841
592222757
26767201
877188275
817704511
460735842
830739553
956064866
832106219
430448405
148520800
892213250
652803042
390987942
237578262
74129513
594030107
912031205
776928263
237526911
87710187
350965992
658165169
758634559
903759310
964308211
471692840
852730458
970668026
205392982
669859043
726409407
608670062
765538600
404103111
355855335
608070593
617792443
388517522
697811223
967574771
413695844
873827309
448370319
824681909
900160722
73976266
747181240
978805368
441801756
700928914
796332873
736178643
870027000
195847943
537113324
686625095
430719857
514014073
34321856
39283338
936402020
473167602
672898701
982142244
206191374
179329530
907794365
296266991
281474231
898168980
497287744
46167551
224370308
922645237
327204356
344751726
419603180
742961361
59929561
39595353
423972056
508634667
28718552
282198835
153236130
636364998
880749319
206414840
183176486
49179699
453413228
720141110
77567082
868591474
121390081
217997160
630547134
368099524
746464091
808598293
491563570
907449127
733971741
801687640
747670970
63571319
838377457
247973385
26686265
126100416
19960981
79244736
387257472
879371762
362073621
336516960
646569437
299084564
793760053
267742699
176088151
621159635
159270009
654066421
307002625
971902811
772757981
688847223
815714195
786740634
13615050
860739746
751458320
707698076
947213265
853297100
136511206
512639442
991761433
830705534
305139520
628634987
285574364
611071646
269533719
601686108
500802468
95652918
699123667
602739373
810206302
962175613
69383393
450090746
698662276
243270984
512272997
808546515
192302599
886449826
111911860
304749492
266976128
747389773
754308668
406013790
107314057
598138250
836895759
370052731
669190478
189098195
988835218
24848572
534885957
123395690
203773817
88940598
281547470
833035932
310717972
432348867
259239085
19826335
345681386
530147217
132677281
650228640
514782060
153980210
150184929
218284595
249920433
541784958
233934566
100280351
742835508
824237174
645041466
48880848
199300146
125446192
93775602
203107388
449079327
142658210
213757075
338846343
221176966
621947028
50750258
715524710
513928978
689490683
136136568
226894423
798797763
19009229
199017411
622060232
888602695
878307382
859643611
345816001
77596648
220363250
257585548
770191477
128271051
246673040
771631175
177748332
969296640
755140262
544557739
446785743
8956230
559225360
316472361
692132256
438269326
769474132
750151115
321330319
5542301
109109207
173166644
185776867
87552249
260920242
79731684
559997232
729490769
247002569
457154836
192727226
232636461
123435572
29862682
909855330
673530134
359348836
920402990
166763263
733594885
12420654
318825280
978150143
422450626
128077526
649318456
70719077
886190096
787362689
376015937
782292688
903746338
86962840
637014627
49390320
37120135
208503749
289818050
458471718
723908194
281153353
311743960
856344721
529955300
112068980
913835767
180404968
660630790
457637649
709974897
277949868
107822655
615088548
350456141
594040062
43977551
666593996
645148739
842537792
946191282
844954730
551226342
373156191
319068108
927687720
185752715
879598812
140019179
138506514
491308745
917957240
991833340
107887228
90343008
949049069
223910904
654172505
806629892
835532815
284883326
309406499
947181328
947014537
534033354
87667186
133910720
907296470
396626789
672345226
288350768
795806398
337431463
280791839
801007035
848521213
832075395
180544744
257291789
328474978
488328477
868805895
831486313
470525331
754530184
194783234
736351373
374485788
469054304
487535748
647917968
926834752
76657247
883799972
133795831
424455758
577514467
588990637
362962442
586235806
995775722
723250281
134543405
849113978
500409170
403374734
449807684
24199002
493987057
340413563
727655840
397935147
482410581
607664823
504689643
975711330
814435056
786997895
756067599
116559458
936480536
622365558
426726574
355369003
943483123
258870834
91619399
931027491
625850960
140247645
836232470
375145273
861051299
774584544
955260462
749933622
713065924
138998030
36021033
329560212
580160821
419586641
2277277
164195674
101610776
439677138
503142449
855361784
193087927
85658085
323229722
109096768
571943292
170069404
456008293
783650097
526384140
614044457
257924914
726386197
245235778
166891943
498082772
365645937
946198061
700467130
414140793
574134767
285611686
184363561
723823853
901503414
250788329
54640572
494052246
739167670
352374238
485369446
308690164
698758630
947029203
669759376
591817766
720044238
677479569
890650823
843245315
251805143
398516590
583057080
16519892
66282571
958036567
875681117
772256714
910310181
698176313
847546484
274348998
769003894
385759559
859315946
588689273
737642987
243405121
391333760
646785257
577405857
242922538
193822044
430003153
722892649
750401408
226723685
250379489
950170166
904958246
54098816
308006999
48950448
728735942
655291304
658679111
156626874
791010126
459728867
49198868
516501635
629525889
498045933
590019737
536188099
286267388
560118298
828012472
629236688
2351950
130856421
292671152
611558565
841111025
292467739
213740711
464972571
253664282
422415616
539064038
377392511
764994299
119322895
761205228
802460065
837864369
524404709
515528065
58595674
703738666
196077249
15668850
132370512
976965528
915969071
62418876
295923956
603295923
218160773
106629665
596841411
746459083
634881266
245329850
936654722
537752587
525440803
45251794
483250910
541377302
929287472
980449812
350891881
121249797
440224537
590667998
350420832
558618359
191427161
280265718
6747977
439496180
265556877
574512684
113235212
957465013
693438357
260202379
964290418
591448726
303652782
233114574
145492537
113780311
642426160
323760952
629599079
752581344
13411674
125271245
32822595
396185057
464251420
477606937
813058707
72547794
22808208
79382045
623386783
275095151
236232919
882306088
613898616
8498820
591570265
86567306
919790242
596714180
60272552
915684485
668019188
976307288
824586335
635237903
617392239
712933083
487112424
143192880
217359241
833194499
37940414
904933332
482637764
670747852
517420884
137278741
144764960
968950083
726784290
492197139
709843536
607229094
935378697
546151462
562626287
229707115
547901797
66419559
650428921
465727753
690267444
419227619
594981730
302611888
362903987
180229935
839583565
810580841
112845352
277181503
64514878
925235739
355575860
122246474
915173337
82451734
231215250
643966155
812755353
125366223
770756373
383562094
969354337
545586212
319897960
902307165
615176711
101054471
930380044
62754979
542024453
541129759
852257830
791832261
152617450
722806305
124486595
704425341
774410472
34043028
485007126
414573054
477238271
802801743
137383272
775486015
218327900
827034501
303801032
377185340
937776374
73998401
772786043
996076748
227583620
848369317
424021062
870611487
79673159
229944232
782627291
93779826
508738741
896453912
658489081
13509661
605648054
735415245
581247714
302296051
590374824
421534188
279559767
702329528
694645465
528049758
947703494
163302289
405725595
4773175
734529246
431935079
644384648
797891683
516292233
414303043
854153617
721811197
525480901
924253969
190115877
144090030
112253206
78376596
127746239
146203431
690901109
150691784
189857002
300729900
376357773
825610519
228954786
769740587
224868236
328169596
548502162
94039454
245306398
972180712
100392435
442608973
447476170
524683453
775428936
983184223
552640490
325669271
800246003
423010933
519373780
125364714
312059316
625886089
984339834
820502330
463914151
515142314
248524431
793645560
407598750
223790596
559107324
643711048
79315653
854958825
36453449
425580394
859983006
320040140
12895183
780941729
554601391
141410374
167267027
996118062
671756557
155441785
75978711
926483834
119750333
822445679
245321811
917774477
206326902
414176055
666813226
872927048
918535836
284698786
657111198
387788981
921215815
536623583
486235324
12982869
496963514
410517691
576160830
359071850
901093580
157626662
617720763
952195157
335468635
591444272
527223320
696401608
240791926
11164134
351415867
802002660
491437846
732022229
731610800
379691001
