42
3
1 5 2
953642796 853209431 189636480
7
8 3 4 5 6 1 10
50161779 515573244 476152574 193849071 567801388 70356262 122594389
10
1 2 3 4 5 9 7 8 10 6
128693662 942272793 940625689 185972923 513087615 253584013 649028531 697463347 281425048 399068145
5
1 3 9 5 4
480015780 82754457 624511650 620129357 189077463
4
3 2 1 9
167225895 942562283 390583068 496117461
7
5 3 4 1 7 8 9
90670535 208523263 602859730 328801725 909700079 2475646 851702082
3
1 4 5
908023029 948052627 140413051
5
1 6 3 8 9
50061955 786047551 891671786 224864523 43842892
5
1 5 4 7 8
264794298 651504177 268707415 815106444 994620726
6
7 4 5 1 8 10
975204874 251397858 204630110 532014328 212486293 818999597
7
8 3 4 6 7 1 9
27122300 910398850 104386412 718057128 897571410 897571410 437869903
4
10 5 6 1
288213110 276823142 118182149 315025953
3
1 4 9
20234414 362831875 615178065
6
1 3 5 6 8 10
201705254 45659697 185493766 133844603 389025807 42515227
5
1 10 5 7 2
394066941 552737881 479686359 819848105 748393774
7
1 2 3 5 7 8 9
644895800 563209464 202104552 426120567 172267028 473048034 513087615
3
1 5 4
453212919 386929494 158101941
5
1 8 6 4 10
856563532 653221158 525306126 442821195 516821049
7
1 3 4 5 7 8 9
747914617 287404532 377096787 110845053 827394832 26693054 617384185
7
1 2 4 6 10 8 7
228058905 256868237 369599972 814737094 12827440 821385401 491256011
6
6 2 3 1 7 8
155696172 598647139 585061033 503724083 548265746 603338887
10
1 9 7 4 5 6 3 8 2 10
505650695 830539302 428526336 494630077 631000238 718057128 382097991 236524017 198960082 565235900
4
8 2 5 1
873304090 488630629 760752039 872046302
7
1 3 9 5 7 8 4
928137653 45080715 799553797 951316886 544731961 605275481 118880920
4
1 4 6 7
463904116 590820903 202533797 739229891
5
1 4 5 8 10
164969862 272341025 601941345 680493193 276743282
4
1 9 7 5
875550140 912555058 288282987 918344875
6
6 4 5 1 8 10
530437102 745309199 356902304 61980992 635073075 665030388
5
1 5 2 6 7
629183434 236703701 433188137 650106635 47306800
5
1 10 6 7 4
580309390 556690929 588574853 97049316 173864219
6
7 4 5 1 8 10
96140914 693899615 749971000 996866776 668564173 787534935
4
1 5 6 9
990507960 429404791 745129515 829690794
6
1 2 4 6 7 8
277212457 459901156 979686991 302557881 296817976 678556599
7
1 2 9 6 7 8 3
170160733 642589855 721201598 677139092 397920164 149197601 236524017
7
10 2 3 4 7 8 1
11310109 860636369 613890330 284639395 658841273 173504851 391910733
3
4 1 7
147001464 768089135 83153755
4
6 5 1 9
873443844 843486531 147061359 132496973
4
7 5 1 10
794263102 882707552 68868878 250649175
5
1 7 5 4 9
395783922 340301500 105624235 587067504 567711546
3
1 5 6
751967489 521602640 722918578
7
1 2 9 6 7 8 3
917127017 926730128 50481217 212935503 829101830 672187800 384413918
3
7 1 9
342307972 863112015 791068720
93
1 1 42 9
1 1 42 3
1 1 42 10
1 1 41 3
1 2 42 10
1 1 42 3
1 2 42 3
1 2 42 8
1 4 41 3
1 4 38 3
1 4 39 1
1 5 37 3
1 2 40 2
1 6 41 10
1 4 38 6
1 6 36 5
1 2 38 7
1 1 42 5
1 8 35 10
1 6 34 1
1 9 38 10
1 2 34 5
1 3 39 4
1 2 39 8
1 4 37 5
1 6 42 4
1 2 40 2
1 4 41 7
1 7 36 4
1 3 30 3
1 1 40 1
1 11 40 1
1 13 30 10
1 14 41 8
1 3 30 10
1 14 30 10
1 11 34 5
1 10 26 1
1 13 41 4
1 2 29 6
1 6 32 1
1 17 28 1
1 2 36 2
1 4 36 1
1 16 31 3
1 14 25 4
1 2 33 2
1 3 41 4
1 13 26 7
1 7 31 1
1 13 26 2
1 17 34 2
1 1 41 1
1 6 26 3
1 6 25 6
1 12 21 5
1 3 42 6
1 10 25 1
1 1 21 4
1 22 30 5
1 24 27 4
1 5 24 1
1 9 33 5
1 2 32 7
1 12 24 8
1 19 40 4
1 13 30 4
1 13 35 10
1 11 40 6
1 1 21 3
1 21 22 6
1 16 39 6
1 11 41 7
1 33 36 1
1 16 34 3
1 32 41 3
1 34 34 4
1 7 26 5
1 19 41 9
1 20 22 3
1 16 21 10
1 34 39 7
1 2 10 3
1 17 28 4
1 4 31 6
1 31 39 6
1 2 3 10
1 2 24 5
1 16 16 1
1 25 28 4
1 32 33 10
1 24 42 1
1 11 18 2
