939413995
630468621
905733004
64672259
428405930
292649775
562808435
200011141
182681474
341149550
260558476
145469041
874600826
285477953
411225794
910113082
783016244
669933801
101850863
789443932
937270444
329590255
92702261
59201374
421112128
65307113
353506661
739202169
809803803
688261994
60751262
572152179
290256229
580975923
601284612
804644077
625833858
578326360
814654193
828964914
24646839
139992876
585112309
195169363
816277255
353481833
703807522
811127880
87785299
639636619
164003080
724657942
464839341
764824147
593258069
403098844
783526274
418649106
970174399
409453305
142937018
284662320
616403594
585066000
48483443
740950147
503876104
580516412
375980717
39033114
671963360
649377030
362939583
14078785
314153287
32806160
932415435
332451638
379586955
191435017
283570884
769142939
308454173
167090126
695618327
307825646
911603148
895691271
630819905
817223206
175913281
971875349
521134724
135442081
183311153
502593560
372953886
970077704
955822121
846257612
599088385
661552890
689109109
949828509
791619306
819696835
483695107
526028669
549197720
152324841
589908308
356757738
745194801
356023013
509023397
782727467
918014882
689445332
453189218
432380181
2960988
82590872
173628232
561914262
195205289
981915693
908668701
386149162
825154283
883736279
469620867
601081452
461711850
82719746
413370464
256065950
951338518
115484032
393817147
403776475
488338109
401634646
789700757
26822533
874213636
939175904
925059343
133659447
620425012
466429010
203646026
685507159
371539879
448941479
894601916
81877056
679950416
422738630
169994818
385414176
693546186
464268543
530854342
276538044
352255335
892095325
713677717
902935565
897345598
577979469
243347450
22298846
489484331
309167436
742532249
311454033
578300723
911818723
94759809
343161465
30432733
744565286
107670891
333726955
305423826
61574284
738040180
938328273
664510230
981756587
154687447
344441883
586716029
603645549
721074746
17698758
402280637
451887448
879969248
872749041
492946016
757002419
411126200
514530947
112879711
514126615
618808239
315865052
375042594
253722545
349909935
376834849
415231300
923674459
809977113
670739202
976437442
675352482
415645152
714508117
159629571
591222255
923271050
540400083
488621070
468088717
956843172
446963437
614948775
380455114
705691845
654296331
7981865
100336863
975497177
749831944
856419480
440869909
731275729
477354591
949949051
751963036
693316959
726994761
641291085
692564234
706382337
723528889
129101887
673738678
83914396
799733426
154723227
688276621
375816594
669628429
361385427
819188905
863903031
18153783
843377936
918322442
388105863
409289020
433131935
345846556
918475778
798967883
579882970
31814924
697306806
706085889
733608131
442574683
278401446
952180988
357066828
988796803
175785282
221093552
325122723
436963533
312605297
366735380
733420680
48226855
70304957
854278178
386117992
762801596
823479317
637756571
357879975
733797391
85124349
118767650
128283742
222697493
825273221
682016864
571225118
232385940
692175700
840895759
170215593
77079789
149689288
900870000
260834927
779292957
381548251
403067923
110116010
204564127
82123605
49343396
482119081
174973481
771234040
824403044
935169527
657672607
343065964
409407021
558490920
309840003
210914860
812523731
792342202
667469371
680248881
769559180
584549611
294906609
685438572
610025938
877434604
517918672
200461833
656817380
137998226
321561750
742448169
179885870
535407646
381942271
280228875
325794495
45340126
276077366
198975050
53004760
242182856
20124715
824295886
473400159
296546035
2127860
534628493
247778726
310654478
89552384
304670341
333861457
719866495
483984945
772877862
513216674
120625210
226620808
665979121
595890567
98295609
643208872
786619943
797000784
803028687
110203921
719959583
659782115
586842830
873224247
284227478
580834601
931264216
779759759
221447121
283872934
148550573
630112202
261859269
377775927
952455313
806667352
188331239
906954685
303881423
861538063
386779326
226326829
240306269
389339890
869197871
12554776
323349589
258356472
997805901
61579374
64672557
250622475
862622798
364146199
600675749
671035017
600802557
419367876
935772909
52196934
672743835
495788738
282941274
77331196
653232663
868138422
220242278
819067387
383415584
578706404
413491648
68854530
922025805
551757248
316060927
531332565
685492944
590701891
228288542
816895483
644447514
56513350
540786281
676251472
705273693
562382761
299509170
622558338
780869163
99632123
909903435
108910626
783754499
117969205
519447868
329163263
744938999
993815125
279491412
899385726
278587899
546072398
3036914
49827553
649459859
591414949
80047045
197413673
579425220
761237177
435135780
741526921
101229625
147012111
223933075
959575611
72127045
606015794
539009030
169841891
917388576
912606577
645977973
293400327
156309661
807559445
822726590
511279485
782090766
282337134
951884803
454619988
541009907
997941616
112252786
484885411
466247422
204779178
482199483
456248457
335900523
174134827
440028600
697922086
861731103
771918384
607723315
75515407
820565514
216266326
980054154
363466706
499771265
312383672
758031362
496936807
156931456
760836416
240956274
452438531
392139499
651070301
47557452
362971423
92213172
512412683
820520402
700319895
166962540
480868746
593687803
55340592
310603857
940420132
692106108
134423303
65346060
886621175
613025884
2183685
975940068
784916345
443492543
497246124
372830780
336089386
982576904
265261344
134291066
707189215
651475930
157342645
25834058
339821074
791872643
794087571
243030094
51602080
758748174
966900851
382282031
48502574
277002060
652810485
648618982
815116723
462432949
65622923
729937795
464673820
641158007
720331232
789342039
544940005
672004706
659673492
373360800
141070941
371992306
241856380
505376585
297091467
575289166
936050420
196951631
817928520
528828685
582397284
938289727
110553666
306146734
11337495
530307903
792158993
216247802
983556965
258162851
344784478
811454508
138432840
387331963
676148797
762898211
366359062
356867438
190667409
93051268
377156418
728151830
976494516
260169583
16696605
701936617
205229845
401625156
609940506
539058418
788340585
469550459
487969024
148252408
447067306
141764658
872935590
321517692
559219422
233028074
914434764
708359262
885821767
645359881
100059978
189543463
678625798
284780196
192487618
658785988
437679403
321968458
337092849
14210765
433987242
699382656
215798681
258944850
712273864
656185948
698880072
726776660
265307907
6538878
189758553
95233246
601546834
110974593
2210786
160112649
727401129
572487497
179226603
489866341
534788006
758208427
627795122
286060593
776842564
650995577
75224908
642948943
704547093
364823600
204673091
425673647
600683705
965595627
344681080
898187303
782818484
661030951
535165142
623152134
206144366
402977866
654244717
346426130
475754990
469120173
996839491
519406093
484487312
8641227
863975697
624075597
697582272
733474453
964487696
726523334
199160954
954339966
52674544
4742942
708614566
845697262
57624953
837734913
754746971
507606494
662446711
458784183
134134329
821539287
735252690
571520175
834446096
782847022
513790409
667296206
57845163
53441740
872753012
644792166
48219877
613687424
721665237
854333272
990603794
327699878
171762671
402643451
657804726
437576911
477426333
792465111
231453202
283871154
56612575
633478900
568320739
708967342
324395038
592021842
710752857
146332266
462080203
565511821
256218269
114177829
818907079
622550811
633518388
946732249
257492667
373179063
132644510
395167259
204507703
128639910
806007696
969538212
686644918
339789988
356840650
547908106
792252583
32600711
714272974
757953433
475633251
971392234
979344880
693751063
445730711
630889285
396484932
907061927
561389145
483630772
288132442
228306111
631918576
220330832
657104320
79050052
249246428
107621577
338415957
697494061
845919183
396353263
960341022
984828083
752301246
291346249
540822709
972722156
421251001
120636406
208928759
381267516
807436931
497097696
305753097
933053214
866330857
571348497
203463093
347789844
25930105
599996712
300515177
444156811
732092036
950003117
938165512
610176245
744006390
455423887
403585163
292308728
703703235
676599695
591656267
539636330
144905930
460543072
860931142
591474840
849115146
637755327
964152712
730175389
774774618
722080183
793880996
100147421
606824270
612167906
446854867
576563229
149942744
799419655
966085969
474508563
257473008
673359721
819350027
426842551
772571873
341272222
473853262
726828515
385504002
639143792
52647264
314493658
42529716
834047389
651923269
606534877
826890859
966194050
471038618
851407002
636303978
606003433
924874025
417046461
304565852
24948149
348933512
401263518
991891036
987126724
600537281
145718574
629773388
346600841
624163681
82296077
337754591
125460265
702234485
585983104
846289108
279877419
778349885
37629789
943121898
140692279
141603915
625939271
62510759
691207164
509472058
176828390
559264040
211593925
823946906
846656956
327361748
788407924
945720863
163649936
611145674
255918993
962836832
35040822
105549121
883280246
753814034
830188453
467996278
119505209
607289320
541554632
460602504
792547427
946308633
748838898
313207053
886375447
872262182
146488272
976212045
922872002
709849308
849537084
548184215
48114303
683240913
151217581
444603208
258865955
118746541
793034018
957532904
671009218
775721727
509918751
366737520
288646113
529423593
558887539
226955462
550494789
950509542
628436129
490943621
205966490
887957321
186847478
513637928
811711882
404546900
777000737
962390469
683243856
23024107
759792726
164471419
881180081
663271481
264361433
2252701
818455671
863123172
320568885
60683410
976688199
357804404
800857907
655624404
117751769
498427524
736595833
711476699
993485749
158396086
706680836
184187519
387412499
461630816
766026942
21934814
389057463
94016935
258375088
657423587
624557273
357988224
141642260
718508609
621508032
439911350
162089765
16815527
172192343
234025636
638480558
175884357
733454370
951239906
117800535
55136363
796746909
896796794
987812871
92373038
350634535
430934736
790478087
724243053
43560339
359455785
185859980
770608921
483324839
288312290
335885058
496031895
792097974
202492199
450415018
686432421
959635003
698118198
440110390
767311998
316624202
442100714
10671468
439858578
89983114
312072665
442647477
23035879
271285919
395605569
818679111
286803547
453652482
639086708
960988469
945651605
418113925
235407449
795338097
241154758
815304201
985893864
356749530
115125446
227558035
410474204
892112907
239758042
978587330
288849307
394844962
464419406
891053341
255117802
106910087
683703031
517456969
13789308
419995634
388958208
751381737
352003158
559896935
202773715
982964474
964560304
312697373
309905578
915087037
506711216
884829443
49852600
37218924
951099714
219965746
635487377
535268282
940894418
505609627
248212126
500624641
607633960
560854531
822662619
122025317
77719380
338153449
522408532
77201485
689323552
382075892
423493361
3376947
38743535
130254958
859873644
504252605
654358545
64074137
306174774
660304323
48536358
39897768
413053418
812505732
386277
955666270
699881313
841846861
688037482
779596790
303373209
14113579
877909317
460175317
147436963
835759293
179523243
458152577
90898468
214677067
745920754
490368108
165520854
863301976
186020018
461827149
120180946
110461965
725515350
958906997
217005020
928131039
650321062
676900231
941247793
781789337
19226130
804173900
256036346
761014040
544612678
89256210
847607214
49955812
875959508
673511262
438882558
425537547
585529526
984255211
880275101
403731574
66573405
942988359
943064237
317197468
957413417
273907403
538863798
309658652
323779528
158822299
318493299
365206641
711487208
204462359
267111360
570002940
368098108
365304599
820475954
294842022
58505545
323739765
618535074
303820519
727645813
505766171
591400664
121463763
247526385
235454808
670728074
161297464
979433045
701137635
611213093
266001820
248136313
863697733
402714134
819756921
955251603
688036295
565730279
692992688
645807989
431696319
502085898
601306706
800928991
677631653
425040447
807790699
641867070
955260382
225216273
171727198
660920830
798993536
58232455
737377721
322625455
600456196
948265927
335398928
409311001
496155781
345759743
633513947
93815585
797120517
239311819
996893084
596428958
444095095
903974370
286875894
797056403
799028264
765828406
864848106
869833827
746418242
670502723
346940309
553103880
398479253
339016951
526140277
664921968
676863888
712024968
607318759
938899736
577066100
436557592
339379376
902809955
480175326
74436752
464806997
221957527
518661034
177509965
236648650
380421162
912853320
59597987
664045427
975291636
130620148
333634743
951599603
616290435
396270699
622325338
622991974
281084518
751768007
152846467
787377712
927110027
245338099
698484185
779298374
772043606
352837587
311586451
401371408
268118684
347113509
767622664
147478474
937631438
554144142
175262752
396071310
601932200
909099485
862697534
238318516
188667870
903520239
236249326
814039313
881028208
269822247
23477092
32995798
202125280
77322217
815088420
492485448
859066327
849554960
477423567
506797313
187381282
891818996
740307599
733737934
685315155
162090302
212833129
150992050
378558379
981053015
796595197
991880452
670758987
937342063
453209558
203574611
185190350
966013131
265567787
950046265
523399784
602885970
99018413
856788244
166932391
252734623
137389193
505691057
485546279
394150980
190865379
928214143
450259723
584080083
741925741
689653280
240321074
915388862
719602534
923664423
986372982
869111652
477178182
696754707
129988542
166789529
419639117
542198986
660333186
990147493
473901810
714453833
977870874
213947223
856259035
72752348
600888858
978417796
831094404
845774916
944320918
364734594
326781085
628369334
550247596
934353269
324551160
406925471
464761728
751778000
615753339
754075220
979906143
958363514
311719665
574954789
417219917
35846930
505350644
773527274
54240459
66591005
273946140
557589017
533855906
91325979
190955721
441254738
146925993
571727084
364835022
418553329
285656679
60797758
263500195
548586463
516472940
945058309
61756769
420963601
551398653
164176771
5375082
410071682
592228771
152613986
664242308
363952147
336159032
214227490
47442043
434968135
987182837
520514639
466721977
329911441
966252916
873582427
821639669
330893735
66756237
378819485
202147541
120831660
910514111
413445683
575443903
924203173
765771493
960287440
7338955
530050829
939347971
877115113
349231153
692371934
474375935
142634542
579777390
750478598
986782342
966164260
94996528
575692651
554980534
89645693
434601271
40703508
997086003
538730050
140684819
385906352
968898782
936404318
609807550
591498059
629123981
527344590
436112691
191801044
900760871
812461434
411632309
374060129
867297968
189456562
823494013
671749529
527818704
506445072
417291360
64842499
380147057
662422571
904707711
862373634
839685108
974424670
648972738
489346889
378427976
410848817
945732357
880546688
641999979
87536544
882674769
337872886
32169312
262536595
562644735
442341889
322373888
516121924
693681218
108412672
828939742
770433363
585413392
513951099
933630355
424483219
311391737
348198286
774758830
712318674
566185796
408338141
700384297
100496324
312153112
475368891
761406381
628210515
756019012
896356378
468146463
888193016
264767520
774886733
551766291
102626268
994999905
355542981
229053171
251319511
652593173
505316941
201388740
352476108
164660410
942159198
674393620
629089181
11955858
590107139
934698852
856873004
376240008
130572190
305047447
175535057
691561634
343800596
8265249
253000179
8470132
486402372
677765535
817700855
62960646
58736253
306096655
320486094
461408349
87814642
311002916
158376463
687029659
986259389
283817423
452782049
398284273
183999825
938129321
918538880
337557966
656414120
418517781
405297661
903744377
698556987
246527269
607691328
993076516
683708845
85991285
729827751
14635239
983190368
829102277
631643036
769855077
868115465
411265943
584694766
563677277
406733008
129652245
438920033
597404406
768744613
377935214
965299769
645082733
135838886
268416333
102058353
330299251
791893429
469214012
426749291
892110748
63612325
974303407
394707410
700484390
183486836
186630238
793861535
174262921
923506048
623604404
940802733
535917546
179431737
758665328
721344556
974323877
134855596
120446408
972949128
225748559
591627669
762607133
364765895
240032831
146165431
843977653
432188654
238577821
393518698
54494729
23965450
472094944
963027529
819286262
504128392
270701072
274872997
542584352
181257275
119273034
456944140
137256688
713078125
34147677
69191165
845836048
679722513
103762863
983786580
222108903
520885581
329499058
324464394
536580908
728660991
923922746
121096188
883773997
76032400
946154589
434046510
160083527
412471381
532972635
949549867
200980922
625974274
909448221
966377960
987189002
878508683
932139935
69961946
758773473
442050713
996521027
990128580
314842885
437793388
460871438
445195911
523631483
295792179
431567311
187261289
659575582
651199123
709148182
905899466
630565705
812176898
645977143
632541383
503221939
38277174
422678234
79865071
672903086
568229298
948794204
733166498
629621471
193483699
566966245
817581141
919851848
875895674
682148611
676967425
176738043
359515284
591321684
984115525
692120901
205714676
38809522
437971546
25970156
299609865
258662789
395920620
859058447
343918749
202829289
32607047
137277056
498699789
592370190
630626226
952208237
421228247
546193069
586673600
51691901
807922438
520218824
754566102
215554611
803727928
34168593
79603492
893140093
882436931
453935561
872538640
925672762
854738776
618191052
873891441
667868052
609916161
137099938
163766219
547633774
266295763
529227171
748718435
601912580
291633825
440072996
574689810
435321710
902658625
938374584
211562773
631782025
706307306
623410570
749027548
919245911
852097597
565400033
987866950
42032045
951548959
666561524
978469725
446099955
409547552
71691526
988933280
518604273
734468714
552410194
36459444
337739809
472182532
958467130
185174779
516207955
593071534
55561757
763868960
123692454
265946434
139429186
698441674
199651345
755058366
334813193
831118178
453945423
922178490
981065682
409436308
324139793
630079509
264224408
371896690
140456583
89309450
327538908
29402062
924944331
844287320
742288238
716662334
723826927
37762492
672175236
869692102
697273834
100048145
418534367
464754794
284905099
842684899
223576692
994236239
399768202
610236404
250886153
736617552
142571686
210713683
472433420
247509114
407403033
526555539
901920062
242463606
310756627
311579263
609076020
955330174
210431533
908604642
742593557
82063089
147750527
459189542
334880515
230483727
851774241
66493653
569938095
111029176
403388332
2261544
530235601
203912719
3293436
256675186
570694098
79923843
626372130
416693563
237503638
335840785
237009078
235033639
36308395
880602290
387631791
810993644
887571974
134522422
185919528
755340631
844854999
607991052
913054087
320687453
704716810
307246616
988712612
433195193
702664219
640342892
824791837
427914908
149921381
919340757
419778146
679483138
520046816
883422656
123682118
52626236
109711351
979319918
232757073
637065598
762076489
903040413
251453421
19031129
120237644
850266953
626356442
965472310
835673757
674819443
359753294
954409613
561129334
232093075
293885367
972480778
345877719
319657420
550667037
287913678
591775647
301987542
377557360
378660959
705750115
691974268
342677521
349773243
103867575
451702375
495854246
275010047
265141987
385228782
829452231
90395555
503225543
57361258
454066485
626826374
723951479
95605459
516144578
382272565
283011760
540930882
417104601
747455419
707656970
848710320
18681931
657670446
897528139
325882668
287259890
594499315
114426235
299625759
833552198
985149750
642902299
591159486
929042909
435943649
740353115
690424647
239196029
482275360
102896251
187920551
234720217
613351224
364666829
944404664
714224222
803926277
187955795
254406557
780830622
469086866
569477484
223722627
121939224
669332516
177776667
144371575
44168945
874373595
540457480
54595935
602381187
508592439
729124683
540834572
609930369
291587093
368066597
45654964
422180025
474743242
516669788
649890966
119843726
825949240
547367505
694978707
96005886
697527656
777341011
691099169
75215215
641283257
472051337
984445194
611436987
103837596
467375514
604565069
841141931
551418811
479044757
814504399
659205089
919555288
898617565
205955440
296292379
73938875
74384820
438323620
317250483
547955731
528667168
748584054
286221863
390271439
12027576
38617173
548452649
498239413
413466556
663886945
535645766
578935436
170544158
985555726
628498182
192455784
379738566
294054125
213566530
997633599
928994450
264507621
433609367
579236490
271538783
900747051
599251687
900406048
523952608
116344978
535530859
340078913
373090348
989078594
806740438
500187387
943353255
594334994
537305439
812365081
102959083
915195169
195531131
640077240
747013735
590205917
622405002
45041441
894755259
761400888
663239809
786891549
746514468
348722463
68519044
917109229
497355801
664723346
438638151
166751678
983429289
69008073
944130497
30598317
292388839
623245529
44762098
205796772
98998889
872950224
565603187
842003842
754299170
323481938
77827186
136800330
71302160
362046515
137652665
66513586
717124850
200244022
735958838
993314858
795834041
694319991
758968621
733029419
496999653
854438277
764744440
976420351
573219780
816338056
476396665
575254787
772212571
837913870
503839003
538718206
262264290
106506137
172266303
825896839
412536873
586302912
115035373
558155754
531054724
608704279
875923606
338350572
861693217
635844818
647885392
772634087
484229958
634375468
118008562
228434767
411069210
449822613
104608099
960727591
982866698
742402722
138819053
103363562
9888701
364264744
406985970
25915823
418607291
513037821
493830945
612927656
759743810
152501747
413765675
668552727
674503851
251985141
514204875
417273235
782642920
45577627
547198110
17896136
19907435
515529329
573578574
643099200
688903179
661816678
838896370
382194962
218030308
906939674
627906842
867718393
472141329
406692775
997742191
598768342
818454108
433935210
197173366
820839664
185971526
486770039
860103228
847478721
246014007
213153030
825163258
132545895
704287075
635312198
874881221
372882693
504131658
791129704
953449788
301401508
390578298
356391677
534817386
531118586
103359868
153673843
722669625
58162283
606798771
405749659
779694108
729255376
338727741
100318833
190454098
436369067
287696432
82897387
39008321
104287548
635840802
2121487
240655035
602531645
202329501
731270404
180989290
356313651
718488866
668362805
166693571
440573961
822793969
681693520
639085031
275739522
591370831
398092216
4570614
439649346
71628201
638070269
650916227
808782595
540363610
922648083
238139145
975922272
21472047
240055591
551148934
702961125
837266843
202472896
829116353
410772693
827869725
421260958
934602168
449625417
399754161
116886452
363630538
719743994
965518807
638403636
723673097
37610013
88759385
274684579
11400359
735770496
728486818
608131479
604303183
697311234
843442233
600744352
233693156
890849067
725339370
140510623
51088955
392166289
362967654
69857190
778142931
900237612
258248392
6217561
673724190
839313763
289950480
126029035
901430765
339134321
689029650
529385013
11535948
810966615
318965956
41204084
689775756
598800016
877681906
991294829
703854319
16612097
9041433
140765200
778680003
155286785
704889707
883317302
765303452
595387975
402690933
305108122
534795070
229968189
28417220
478336415
115044782
198687711
48806159
600004344
609253310
385168830
262278478
904748751
51809437
581332366
499661982
964169036
881657827
596847625
37097170
372301126
118890178
478156335
973903588
259180716
626231781
165244466
164602196
81636079
371069844
725291102
440693295
492039790
141635305
728720685
169006593
870344198
743660022
664058235
80925643
257619546
822801681
14498279
172062793
347990421
386153555
244126155
184574888
746847676
54162130
265650922
567542224
791816991
604028156
362075402
28606470
427107113
187400448
590056094
46511539
834800675
373524651
149454697
143478038
615938186
707657951
717970030
489795201
960849872
606009768
666015902
818906135
55730930
763101673
610767066
952747933
642295582
769636998
931306518
175528802
15012609
491992508
685645454
836952555
142223421
663445759
600810802
885001686
784201586
353007352
770825435
593455093
49328992
992812855
509791699
778794258
318634870
501180439
547031856
927765505
452572544
806230352
485223180
155836312
871205025
72702746
259456931
462286610
603531749
582325366
469118840
593772935
647473467
673114785
759490025
493495330
878110933
152544358
164095083
576312014
636127855
454761582
627818185
79575820
218196112
236275830
295171778
674197586
280438840
973975000
419807937
540385393
698173607
279533201
102799199
732073659
44869691
246146080
389503722
706255350
541684225
420109181
529701787
86634254
983402373
171556621
561582467
29506955
911043296
208435143
52450530
311727170
788315613
330839655
507305933
318401770
290787353
984532400
199265848
364955339
371729339
161285757
837206137
665531709
807731881
596743060
115630809
985719457
246906333
466412907
671009307
645025847
503532026
557589499
665837983
849856959
36076896
480878234
60571455
670752701
930241461
141212779
854078800
273359682
771527936
174139648
943949933
513907844
826532892
520286280
912104602
504797177
29440141
91828223
412271146
538541153
896946338
619507652
883528240
571248910
128540626
317067454
553261499
115347174
943338034
392431856
368474047
744401821
763488658
419731504
99566637
242573703
84098736
89107648
673646325
93120330
951079354
57781866
913445128
982850938
913976171
734323588
839987230
463091338
428061546
481573190
997749889
948104930
529396487
190369885
253326914
366893027
690634800
922874693
355339718
785240876
105057119
480927080
165956619
948896217
688104449
700830047
512991989
483446688
334210308
151158608
274353212
601916295
167497558
103229004
500845248
402329677
156621562
524726577
910981997
191692807
200781116
515674519
480218479
443873237
124152215
535330585
568147984
420687401
428423923
897090072
229543993
979661185
428220709
959166751
138941547
25158036
454147022
803643433
431381742
422398183
946749589
652953355
981808095
151205014
742177981
397553778
565775999
453156166
96944422
151582378
341358432
859835572
479884191
360839604
313927999
455509972
873105777
115963557
753564148
78039898
312738990
661623057
772258989
353957681
314366783
413460073
309439552
677434803
109213825
275166876
214074705
450553272
537660362
259944630
462236752
685045322
667420396
503081304
380552434
7229970
919047223
437005012
107829527
176848690
284424998
943102001
839391056
737849272
640886607
271747593
373982214
183416744
932409729
929226292
597076294
181061226
716339034
916689373
684222182
964835500
756851831
592582454
66102195
628456831
776144373
78007610
981524578
615441882
188761136
735133851
446182616
98712298
457324602
193449146
35092155
784782612
740415309
29270474
396301669
657287422
139310533
956004421
284424176
300032969
258420570
858175334
9065530
225502314
960027518
210937125
811137533
943924069
878062512
123000101
880454730
104006877
298981477
505518416
214141493
294907440
593943576
912403358
467972710
432127865
200289760
494449805
115520836
790792461
466438533
303641122
123314651
62674859
440521254
485357579
525423772
44406031
863480748
647450188
239431634
365907982
312949021
497787246
597445578
816527291
879357869
287312173
133481879
416868722
449192298
954081955
317633890
506136509
110661126
799013250
109779867
774232715
442678163
908051100
928102743
4920767
19998501
760734004
570221897
900572958
699638482
692562295
929858272
493774093
576610463
472436200
206371217
44337126
132052909
721341103
483143507
689290336
984023588
676499178
810639774
405654548
738072549
964728601
386967350
111326227
149944417
641171399
296588000
707940051
311260694
396229089
608711547
622863263
605842442
704402307
577575073
802118426
280001181
226230536
302497398
407416395
607524168
959493156
451348685
833078834
264791649
491340800
652120281
851172535
184967694
208065760
31387122
319320390
823333966
335619563
541233842
79783716
18843563
787478557
911548836
287888269
702680287
757578020
641446643
877193868
799978342
399579370
619342305
250327306
488406738
223952895
324188391
761531502
766354224
267889649
294037683
781517037
799423944
793968004
795830204
284158484
810772262
652388267
528634564
979670556
849299664
753068223
637736894
981852693
165760349
626731292
127936150
237419684
822820950
224336400
668804417
84481594
679172568
115280572
211724544
547291535
200800834
413906814
52698396
101610558
843207240
997769592
64652288
502930165
238726518
428032727
327491243
554952317
698793216
960905883
376769462
420518484
50840421
107997077
37937785
492407883
886957581
505169037
848432414
198130485
309363461
271363418
47544038
204709351
286175612
532935179
9270358
979991897
52819561
663920727
616002071
223521082
521571096
850141960
980147047
918430489
205770058
422107202
788756369
399816444
648770157
930259433
819780754
560693668
319597527
169994600
110394820
786413117
778541024
781266672
305015531
47351250
141309111
464902572
799465961
252130215
344731840
974948455
859543780
19066990
127976396
932420826
511780734
783433026
299517197
642858356
467003426
743597451
874804313
859560624
110770536
270752456
551052188
547085006
931634934
842465207
432947363
519913062
981712118
468093041
49967
533035333
481908924
633736438
604854436
788314983
253906839
336888570
302531314
20445359
464705803
918871553
745279292
938206929
631988580
735705061
208750130
252303120
325129482
524851554
325566718
656421724
332132684
252516169
119474893
295603246
709970964
831297064
11267786
541253620
377889352
6849554
183149238
368281312
866701508
745097887
514547144
921892220
290320361
30006174
508527708
984916509
810825675
913357551
711434899
361139536
17274613
746926027
394952490
354743818
942918677
228544932
887598774
823044311
807859713
276244834
296833827
840797454
929337931
324700382
56725270
232650679
570201418
851187199
604126835
637415911
653506529
837432469
814037695
504990326
796992907
462711836
143188427
458483152
582411381
584769203
426172296
902407695
544727714
988186882
586137418
205898536
950486361
521448365
60918939
42297638
341457412
756352972
5776623
667492263
580898283
3230552
450886848
547050611
182566526
634622659
851697763
65200474
653230351
828845321
468023797
29302811
112245740
820140344
903281142
573512624
634095291
13772586
83324637
156471145
598077628
304927624
443732952
255904532
488420370
365234892
489419409
636060675
39690842
897940310
862922672
614296140
626999077
280724879
541495550
918702546
115675467
361094387
467937907
842829319
404815859
140885218
887729713
154914829
974958898
616192275
537826020
274612000
862957245
866309296
889471605
762219677
115835763
485079750
710447946
750353942
625707587
679495279
257318696
145044762
587971839
946702166
259816502
64975356
552361559
287412280
21789600
588366090
927874581
351131880
536093679
421916758
214772503
883314049
494577157
618632513
822347637
299083251
645850533
421461605
264915728
949605573
685664086
222882146
397267352
868608402
116682816
691617855
389771787
296953827
244389863
873383323
655825770
615803602
424841553
526598329
11043405
393741405
147951261
671513898
214319419
750680250
796107869
405474137
488699258
646434403
701912185
901169220
399761511
289793921
819664204
890335269
246924373
204041679
122115184
739527796
130142877
190472852
800968174
779266016
522987192
107325103
499095101
157568649
239618854
75377256
525035838
857962278
728988431
667622843
317214368
696634661
224406140
388771109
843004012
675428700
648470918
546316341
490698976
966490506
825569487
359554708
274885866
257914795
524184633
203867372
517325320
705468678
645059467
555517523
230637431
91920601
1634526
841422430
503661945
793726088
865746359
173980357
665508954
14697617
531214816
842050813
878791221
278024371
433885812
864936184
114476049
379450068
76923525
851336143
442944073
888550492
76540273
519614142
197015445
859158039
527624510
37150484
282744615
167212997
495332882
976393045
262391193
895108980
612216429
24593020
279766498
780499554
563475711
874227260
836553214
620805607
996349208
2821787
298714000
193384829
157730502
580355012
579981834
638780502
69281122
576215594
659717272
798324537
867736359
785224148
515015824
185396028
229375609
384248146
462987115
131640994
56872595
235900179
561218240
746835020
290661810
915155501
558681715
906012357
377613325
466780647
316364403
525391513
460013662
911027345
737830820
316339037
754135125
388433151
16104061
86428508
837799908
222795773
143900666
326161546
620345445
882228191
124308341
658336798
390259085
841859190
654415650
558522595
450992966
652260092
608968874
911655664
355216117
897168620
179694149
918801837
867315035
868242493
37027357
20805166
900473359
828392705
418756684
633101630
935203828
29648865
306464979
832202173
724844685
713915152
289593253
699476159
673892118
780987232
984705400
41249885
7615072
614608055
174605287
309609570
855407244
148858055
362321287
474272007
835100921
969851019
436798986
425339765
139530303
287106565
165522456
374422924
521134950
575332953
627002726
805040594
776338576
568084224
609861460
730553455
394976448
970305505
669206170
832772014
530797853
734072814
620877646
906547504
682592386
463443532
89060652
377073353
225957604
776897897
65551647
947208032
690332016
211905722
768625748
242697509
609126436
499339195
186895784
866263426
974769290
375499176
319229620
933883607
850336759
962553627
935134252
966077239
752048527
358815769
803340254
488953158
622937282
951054114
259720862
850004593
6081569
366273865
576302874
614079693
966589135
858737188
349361263
874437777
610028001
529896279
294497712
726990017
781795800
719988796
550209635
809159563
43599188
518177554
712718278
951054919
476924140
665299210
880878292
569296015
657786405
494077708
841012665
618305340
404108303
986709711
930291974
83680018
372007114
841053080
215451177
334070017
808995489
661822050
135030049
93199580
635768425
996734915
559823990
175783735
962833466
890598409
197907109
168136248
103143302
589191986
485005482
668137081
695760139
646264462
596560126
451814860
152417893
319015405
969806157
703778975
667504596
511500106
132707825
427660607
822357481
773011024
534078895
438808055
900472256
78370389
893516519
102979070
653013480
261524925
762987754
245579934
726882949
307754979
969665766
224883334
38982582
916403048
327879035
502069068
975383117
218205937
115292967
792784267
903276732
409742350
146773273
451233337
709909685
987147896
687935305
81690292
380702012
467748796
565576133
207574020
64868178
886780833
990683438
602648150
439653593
290614732
337095733
456054064
573162210
888761901
960036426
144853127
745288312
546618878
884431575
53102491
312071515
611846790
731508365
352453331
457948473
908122434
251964722
189607659
22685789
19689507
853530649
841100208
828317744
450370323
426849584
922977428
836427273
577298627
186916990
836028700
545011186
969076294
738433132
4556351
851313258
268870142
953598130
679205783
954107263
152542362
674692537
347573881
580269302
914669545
89862924
336410605
826894271
33797753
533822611
947401315
694947731
794468365
595566813
923799189
468755664
611141643
466854125
368907207
963966841
373266896
270865247
345744605
985256972
869696237
441812377
762470824
53200000
897353931
361197034
42862408
764600769
782273838
231404043
197617051
487587177
29446063
140554150
765888883
666859385
87497058
988617034
780924062
111732029
261169449
924357193
897183104
76444988
6069141
727613757
217595281
367421346
782016437
568363290
152445092
98131961
920085834
57138520
760574600
173332069
522351523
997344647
795724927
507013154
175894433
291665453
554443713
661849409
690453503
424139727
297822096
384763261
650637659
681332577
453479736
807072094
776575359
808459866
898326033
550610067
224291673
441459683
856851391
42726051
871807831
921219856
784849121
189752371
205736676
318550765
480259564
554835687
793442145
76101576
757208467
870122744
134857711
291341403
619404174
462439796
456793376
168708842
383883882
318797579
904196701
178122228
348163788
713306655
553988180
448968819
44694456
688854708
8921896
715101023
725650274
667378337
586598150
257556039
390994185
876931206
61863491
693960314
511343750
782359832
428490086
144316482
822739647
82798669
874872013
350803857
338601051
557053810
976948607
279091129
521519617
541578713
99602535
105778955
753978338
894790546
897995923
11973108
906290914
796456755
716197253
79529223
832634828
874063635
115786056
206172357
581211744
797961596
280768404
211673587
241737563
176785349
563576308
651925113
720791092
792831814
424010677
738829278
497369498
216319368
171797401
391295248
628871329
583824881
939889668
944211617
977648828
539367017
773703379
172636479
148669320
940049337
156329776
268040803
7789582
761605739
442774936
358417905
892914727
900160561
478543382
673559570
159789182
828541815
610039363
583683962
1911198
114651596
995027225
779085010
824344364
797303047
573710571
859828547
814541010
234740603
703157101
272511495
357960890
911891314
466223347
527260407
927848820
73479421
520809948
310734109
136202992
136611702
699961570
233384180
35116714
266387063
202421381
727931299
758664022
247375330
872629054
114331276
945887384
505553538
820572269
934267526
646823096
755452617
367319857
602343401
896015021
457027971
713289403
724942484
220240702
555387722
715135014
7461392
658165849
706750996
87709233
370703223
953048922
136325796
592880071
516905714
64442534
896063068
90498936
748970771
861839752
11916625
736980867
107951255
859454341
797713602
49995887
395824363
713646176
305424050
57892008
478620530
732207180
274177374
626695183
722603582
372226120
207468365
621306200
721077645
973336327
695463554
978746060
41825613
420674948
946931753
306729698
97430016
915630556
460500223
743144107
957657798
234763171
198187089
96243483
619526987
360275572
515679844
271839552
377898339
127796516
710958080
108522183
144201845
83736432
864900363
450290740
476079557
174270348
129914800
283202251
932425020
398454779
480535186
703766251
587325780
444435504
602607562
769699434
623843773
461075219
442482115
901438930
949409013
236228391
898567065
47382313
256769465
85641984
415328422
140794341
871820273
779592638
31229389
431813129
655423488
529320277
948119684
363707689
783199727
751212496
111249237
649325955
157661701
461870338
572538392
81467337
925811645
883967193
108925108
416476460
885504581
374104657
356277445
95712960
176033466
810456854
394780104
777186301
733039218
942687655
767559683
717405521
971862632
174319105
973872335
251707200
773925824
526337227
503040967
448834910
983382549
559664016
935852557
493936772
439965698
804719574
251959515
669907033
589821808
975701482
519273289
279686615
571047457
746694529
144374755
596661933
128399411
93231109
932749330
374433592
364987900
590798045
190937053
510195742
32698462
968472416
898299080
809399764
482526073
273631651
897831100
3278039
414672889
707926775
494169924
267692301
312603728
709687740
221981950
671765599
889418753
506971421
750374638
393151649
677073021
189315942
455182204
369981021
826512919
95453015
43406883
847179326
672611527
822472410
95905443
547670809
62203637
789242672
457719082
81975473
670579303
826400003
353406349
74146614
273100511
829328251
812651562
319163013
87621958
619229815
42537694
526506759
711165320
883034407
897838927
688599258
698370748
67276528
111003126
102866303
177743764
118752272
585031446
807802146
81684464
579753357
725101873
393899173
471865788
258362897
932934690
737236848
795347070
848838564
200419617
599841116
941165214
425126183
842239760
312278911
442442239
836899767
478786929
925629508
399017720
97852312
75197878
624852029
483826552
857238266
220922557
574162992
392546571
226817460
703876645
235169661
888591935
37570214
901500910
163135054
727963801
23793028
429698512
53507823
786791828
694164728
754600795
491048665
520315973
839472850
671729389
76720041
227169743
828751251
683255779
369974851
281597100
689411641
408700074
374598861
102965926
417149509
960845479
124886860
175155188
355171196
88823719
849488948
111849122
779282971
605136277
688384135
844608938
341206101
729798182
717787393
423157405
197964117
411665164
565576357
160328298
211459613
300304577
872876363
856631071
743609955
528506596
378783894
819998572
240378296
627293295
730933249
978053402
792891646
241934076
450169052
951995226
289427509
438837356
835072087
431519740
602390750
288167422
509681049
246598608
273099716
99409213
453013408
503588834
972775220
445953692
381286040
488217805
979962963
710578740
970649249
346704289
841448447
101389862
245688582
976677214
498403530
602368742
114792938
803890886
924506427
683943450
809918678
204363205
769759812
514023116
931046279
923076851
869524276
342892336
681503038
869302899
543583551
320565738
28204632
785586090
124477458
364414378
142955242
384015939
300354457
242727234
701660402
318104768
333835024
881398939
969502974
124337089
678545500
634619111
167785044
814292293
893357781
586404424
675745694
826539443
888443938
830143171
579145573
87485505
547729262
651010284
187241504
83191837
718721827
974076032
126959419
367297466
807651048
374307876
913879008
270907026
47798632
96447802
495806732
535072459
199456792
105860945
988226276
295771414
860626725
663873401
933646118
459631025
572917139
602865863
340160717
502411732
259575814
574107970
860862452
951260613
330691236
475303432
203689301
491503110
49860002
634352854
874631800
920365844
683418054
202407011
413698638
174591478
860221746
378583732
885945957
564785302
764310704
798163722
529040881
155244018
448590241
757285868
174884248
34251954
36708150
42480495
383351216
395451890
427963411
809260844
841649995
208405504
232878201
339517205
764178927
197620962
780294651
852220356
314193027
731173474
446383909
673195145
476829893
849167782
305720257
534719459
887022548
903485868
657754816
832950156
573593424
308065051
697789126
782708427
174838125
505466739
816738661
54788776
900310454
244965764
44022543
960261513
17805363
90176242
217670967
159198413
881149598
34294586
799639603
490688217
584363074
212510699
68208490
318426458
444184340
871405599
516458991
314340760
139730335
875891551
762005258
737950427
436830402
371771133
338330209
43993357
638972005
368739579
842293017
945424087
353279584
110656324
963040315
126657309
201567319
519635333
564497208
685494751
945793055
714012205
128023995
787153887
977342565
245272822
202520845
831427398
533247687
108957396
335965788
521552478
489844485
627777164
618390914
782528572
151725174
23010095
935187149
466817129
836165467
830437756
742583022
600866247
443270422
79939044
754387252
74285970
80295687
215834335
524527003
290295495
863967127
19168104
588817595
64235400
79915622
538261790
464574761
703777140
670806014
371929313
701032935
230393728
663928425
114823919
432643046
988888513
30578275
325551483
73322204
411608439
881466339
281569589
612628744
789129108
30326568
381902013
667722070
521379832
873729664
119752990
156786442
412575314
437253247
219735848
921365801
84819917
802943242
287042177
62363589
747075922
862658636
90751382
133937
162499421
630884846
872690161
988637763
699206964
430467892
711767956
924233242
798953003
172699841
562881002
566083024
947685218
723676836
269790099
114956807
261173848
871259916
596939506
891783816
731198496
549179102
466430135
108392088
395376135
199710124
453819770
990482912
519055907
510248765
996312728
644832289
211211453
414589931
611160536
985323625
336667736
48651198
528809663
604874562
43159354
236718294
262203409
627565921
240261096
684564732
343212981
230877907
433244907
948809872
424610206
571072435
496412984
403269360
226538952
842217487
880518497
704537167
916606114
167603366
406936099
574077945
602844649
311929621
260866474
337029589
354801125
384342601
72984489
872299126
930210198
107635842
991745383
726914900
682213572
650282457
669266963
779640643
497078189
872991492
582752995
64047985
66558598
82751875
945806908
617538961
857108318
417860727
794413972
173024954
947666278
86093764
757957699
832307607
208174833
915495214
388716011
689295928
212273554
608119143
544685175
382886601
930830931
959244486
187550606
600519304
712941760
758067962
416213752
18679655
432213068
41071566
75699876
494219520
720033703
336460340
996095870
563717095
380868626
869732784
359876743
482435583
945103105
58837479
913654780
505664734
913807823
517791643
506681661
279091843
361383465
387965940
872785058
824457042
2627774
772524913
881703265
731119552
875857228
150429604
455212913
531770308
590590697
529250572
119043611
955486965
973063949
579998552
970630403
91873243
866545343
661465250
896932399
427783254
680679541
545494273
891358109
135424406
963358336
911873678
91757974
441711129
672712376
459074978
246917588
400082606
130817120
185063208
624093685
445918483
755648280
633666660
994021976
16175783
309490396
594421281
69216843
294782723
28112662
919983417
915639159
528198796
406186079
931165330
971131688
537944802
344921824
322706999
293412748
133130728
331303089
991280022
455543053
71245480
236234231
181362864
687837792
366647796
927026018
622039359
636756909
990685375
468187272
543854788
646385872
232310143
330198648
195391622
378412151
714459778
519372226
909260860
572748796
11290040
15347757
705075784
466685997
251395458
195923037
336816383
571786593
535494917
701075807
34166305
641936626
382917217
267446583
196623807
409606877
460477257
731538773
89709623
32855591
777716155
502248987
349652714
844957699
638212599
368812206
822157528
636690771
756825109
188537425
858904482
400387554
446365197
584824313
796967743
865286
415629454
122482437
212352460
578183747
651712173
250043771
420341177
693225070
830724674
460942633
446353906
865119677
95167249
687563498
138756865
490234181
711114379
881869504
260957669
692178588
612430044
325219935
444161946
60910671
930293
893993073
661365516
161232426
182702483
44283012
363799823
202900592
255936300
473001746
488353294
808456505
592859878
386927931
57693488
572493513
272036474
248195338
266204822
745665024
437646157
920351768
232964752
328586533
927301356
502809635
616394680
