71143267
888215165
271714138
82415239
786492183
1
817165458
161878092
1
351112754
669551324
897364601
709827729
967136536
308618973
473931124
18598768
782169683
791656904
398621371
71712611
762370419
629059779
671247991
352185652
695264887
755050644
671247991
400718056
875485130
890204929
1
223955873
658761414
508808288
562420590
430536939
866780282
181791205
483358246
658761414
1
1
62243546
142718331
464980770
1
196035227
782355728
782355728
548167622
941927963
1
282526825
47408253
477120871
176738399
86562275
495221309
795157984
