595272224
268510911
510421106
510023695
269925647
855298196
244390052
250278161
973171369
860556132
364693267
936714990
155901673
824835149
982739735
653514119
284021851
238468639
414089240
895960586
212448220
29523218
3352685
219726456
933179434
201068899
261555680
848937319
570508334
491627640
891883204
660191537
113269889
203765140
182497016
574815471
387753508
254162174
490234548
442987208
173564953
583468191
883790667
686990697
653309155
756943645
861979515
177950145
862018211
362687573
577044852
331049653
487159003
361735969
874209292
144530880
105966379
172734686
311272122
3620592
79553275
793777300
915670210
365187693
419502343
347018687
570292884
901477375
148268113
10156156
706300304
191008081
562436022
818580270
420249664
787844148
746632489
931077226
829059890
982304914
31076263
98045670
617580998
863484818
732070939
544507445
960469599
818199778
120154340
552904513
976534329
494588227
309686469
779933414
813889679
943855390
377818201
246053032
453464544
92013314
366557628
809636766
271777665
223917398
981399710
545285543
469771343
241931774
798773375
21241062
644690658
505148473
788483277
174273484
245043659
586161526
540570841
594376858
985598311
336636766
504788237
264755966
372679010
851420085
369734483
653907498
644967379
993514831
607455043
901409305
128558628
289281630
961294126
954697104
951946768
153177981
982834174
717127315
781501542
950033128
311124441
491868213
821928625
81938414
757509274
422361022
929434644
55151199
768514403
206322213
778938362
501769615
704177313
733853579
883058095
898663212
252332340
641457885
241079572
420355434
114177753
596856997
997668802
239907508
921659969
946625533
794873240
962392822
327453044
274918809
626670763
718916508
946429731
79011776
87880587
368654434
389773731
569698143
695987043
244223788
817769966
634603739
298865670
396285956
436937943
906524210
820510681
963059278
863742452
203144777
152009016
337881272
21450351
123030845
491519113
6105908
494538986
826558542
615875147
472687534
404343808
196361534
774825178
544077966
723032389
983141473
948998943
372864900
779000208
997245948
496936412
125782422
893352149
511539988
111658777
813988448
279050951
195700993
766659744
83852987
571277965
549375587
465119475
606342950
765734940
811397606
459789353
213270865
404787880
410260357
366435464
292958334
338476921
890459397
134937323
162141871
540791338
387957729
541544509
779940744
170596579
398984939
445597584
732937515
22332886
771487866
223441063
6811642
533247588
411650741
663592301
252806138
535689260
311791248
172920199
437573555
86371428
106086637
396825990
940466790
320948634
33325198
418461358
480373360
915328203
511013416
82074169
996327933
144081367
276505110
480393321
459618506
377191403
634752271
584167228
432624444
675724339
138449280
438079936
697297062
803022065
831990412
265363921
597373792
897773425
234011615
930011004
118982739
144101508
878486203
75604995
820431456
273282094
258041804
677396110
753212257
805573909
423258108
503671470
641225032
359611232
994977626
882120726
758622477
77359404
844301474
455478205
45738466
201416236
266945102
404789048
803687173
876347876
792378503
768299546
215320231
853561008
211235154
597924730
613313726
511931452
882857747
629204032
252224073
833673614
44279219
971433397
4035941
267533659
324036963
640987596
240992231
65025982
595205555
696347369
911889598
357216202
232248390
588460615
623116209
513233978
221263000
209459055
620726111
281318488
973681636
283869270
54435321
775169143
809358580
609673766
722252183
172896344
847023463
545426806
443902520
226569356
210355584
445531946
477141654
200564038
141704749
577560520
144434153
326954616
493844971
340312869
821571557
135629150
412494041
655877878
834591486
623330018
982332005
504182981
255470490
771598994
898792297
148038193
694636944
178033924
834166217
788642359
977853302
736525011
350156565
618839831
569435962
234555710
517524620
711837
138403641
577623137
151587944
492562340
797882057
485833302
749045101
761119651
154736619
775661223
181936834
693933101
500694543
556651377
34345218
519439981
917207008
462301533
789399389
421295
72841618
422736406
313780966
995543741
524807860
931685280
440118522
802313342
339384598
408071413
591798033
780285408
580268577
68662923
135442594
812341942
414113364
405920766
220925927
776220139
753646897
805717461
586643027
332757334
194387518
577358677
910213382
155275539
23013520
429784230
911393547
19582701
780055141
443213121
222055950
400997107
437135793
650291751
379582063
900043665
993966401
950260470
767725635
586227775
579397415
137354693
491014063
444585894
924075775
995669950
241800005
987518213
138793990
148127566
434728578
796817309
782956230
947782777
978016255
173215755
722745230
351774913
820518014
901721032
812254761
752296975
288474490
553191541
339261363
201283080
466488452
501465516
252923135
702920019
895100855
975075178
715665526
484551632
96328733
653727754
367811054
43113241
356316024
74084694
363557193
181406544
475218371
82914643
884788302
90833922
794849216
982259499
826042725
142473645
123046462
12359203
493997972
38972572
127393170
141392990
369174283
41904895
707495646
850973517
458891889
499350884
650318734
657476008
454708185
9518214
857535053
130912440
971301287
179585808
885212720
62378032
239039773
562573336
680866296
550701046
962247187
685939140
738221803
763890601
292226810
891977252
826172326
352128460
626680109
645685548
125207133
672484500
717602250
810313061
432205917
461894941
475756276
407087503
724775821
195256736
21973990
716818800
910136894
959474872
65749307
380983184
766667204
808797116
166094516
688578117
559939201
928302189
831402690
597311703
318495899
262204190
200944286
834920183
254794402
761246821
457914531
133247790
629439116
985061949
208140330
87739732
515904985
136438968
235562767
199358849
472455997
510053144
546482316
246522194
484690430
275678583
816282952
685474256
65549786
363577635
19444072
789193025
400052729
766956175
146690990
276875251
186446294
298059010
967474851
927808377
525089310
427096748
86620888
24243986
667987686
709183679
573801441
978960826
115027800
112912178
569043057
239132903
963297784
502479938
771629915
164537921
145292536
700970498
787094860
53570451
688399058
636323920
915776373
326975402
892061663
944978071
755257819
986090896
28877394
546080553
770468897
182588858
213772820
932212078
281920675
239327276
330887317
562428234
230290238
267847242
741341104
832271351
105913158
293271358
409056177
945990391
698757912
284180133
120546128
65430214
505873266
954786721
526491352
759871472
813867059
266820797
585152660
852021153
168503478
499619718
350219832
701514047
966157930
106799992
23592201
903396199
15815667
334581407
26879031
395926952
290847532
618654667
353472988
290616918
185201773
53816008
996274279
885304991
893020702
121667803
152394873
162736844
595910830
290025858
708127165
402122674
885376819
57842657
702982983
329968179
331506254
583107691
893009604
872875258
558450151
789899578
372310307
202690182
649672589
467463169
344254571
184385578
785588243
940601279
966111931
10067350
740304606
231464650
387354231
419401530
700056813
604481279
654995443
587272405
128309613
523196432
921667763
59610195
844630106
552655585
28034703
710579915
419686372
424121175
191931169
310933677
191486060
532084881
675266016
159601527
272373493
662073502
977693024
994111205
474599543
22245963
511410248
696518918
482417809
251546636
500844461
559825921
762517782
85805844
639630518
533360153
867598352
712274030
411449987
326457765
725572048
348112503
321964458
924621371
969084842
234458628
801640991
739885053
624808098
591499102
201241566
495836266
976486194
726161684
242110509
215178564
861029569
247289379
340097669
729133344
249516348
755436400
850333969
538008666
127678458
366305708
38301130
41455381
113839333
839658906
895982896
480925009
893745944
207010847
823474827
24337219
342886797
951095363
751928515
907332655
748503562
944723141
416434829
752322286
973185307
533963279
363687960
948280040
150109615
679288960
876882032
73946766
854426051
227954604
865331645
407252781
838617309
793281995
776501573
655975007
164141866
405383166
656897215
593805150
842371351
888364484
326815039
816834652
69077197
113785731
350963877
7180352
520477001
914057125
329517913
876715476
641058380
855194810
841842486
254786856
502133340
701658171
520657675
378129891
786207386
961697041
594198314
34125210
838303294
61313926
472771514
421745834
109095143
314901340
711373264
176800815
189811040
91634466
874467912
736367759
666655471
195012738
650640715
187559209
406625014
123005621
67485308
731522944
388834820
598214692
168901553
577343030
125435559
137606857
829559364
314040043
348679055
162186881
616095523
26399865
378056598
502866686
759171677
813019480
870533604
919234451
825628370
909314525
37990322
184829400
966544356
464872985
939288649
781902003
392419765
528946952
982941420
519361293
572075746
878551711
891619426
544909064
653353394
490815085
163955988
487207949
768317197
33850632
591131190
877723957
755464081
613243553
376659221
40896706
542634070
782004129
593176307
934692171
853926664
77669772
216591503
586361638
484213564
604094149
854897933
115446493
533005442
75996703
974641452
886260086
716598723
596624395
914557439
723619918
326722309
521032776
606014280
677372136
458360871
876761081
689090564
324584146
572932712
367152365
276193338
409996296
56633950
259410697
459206047
601987595
528248002
599946644
533723250
215858944
128995589
992287208
399522274
406313003
498479553
678208916
780052991
74762414
102105742
779845417
325153718
116302741
971240122
104782684
108481944
357922340
926536219
994984629
764219652
22366826
691262050
53507713
948535215
333602136
469133454
488178427
426181396
79415443
342029871
225124280
155088623
910420156
5732240
972012787
444760085
638867163
911382240
876020301
27904549
329131346
26800677
283911759
339153342
339308054
886737677
649279766
775999486
749480440
105166197
507273290
918993728
274897721
842054837
781807499
30116022
240963419
40164831
556128474
24630512
904891987
20728228
162460435
300110416
985478018
896347899
610675272
569371678
403016832
522428764
527532153
884525594
301099141
986318924
950647990
557285984
633325277
227737409
842918170
94118347
627039976
513020079
598127088
213423362
747081747
916382773
879178697
188152786
650684407
49847723
513048719
929495134
410711932
682030984
205589568
405726475
720256312
301678037
23478572
847833533
162557437
463190337
21640721
752301671
255956898
815524339
214709653
812568057
252628774
441424152
673822380
570469220
969414760
671822445
212298050
20536541
645839551
918380676
520659908
968105102
478183734
559398695
811555105
790678628
223654276
181631072
288223066
923248776
274922105
216909336
409988359
900688823
843036988
13016769
693968953
443327272
76697267
985354827
907327226
24074571
107806203
682970915
43364022
827098691
267733777
133881753
126038611
911346056
259300380
797854063
736524817
979482466
543463127
409401582
708571555
24670728
63961366
924378633
89017941
163166536
518996112
548434678
669075883
85785775
656922164
307444063
12451402
270393943
635010148
717520104
926430788
262783035
690398392
293342908
142985397
679106851
781694680
51017578
421188165
496084235
7265161
347916302
671539036
31906173
892476352
280158499
360016297
133747460
204396616
907520757
960879628
462086805
735993091
704690362
972624627
123280310
190608029
479950539
734423337
457573512
71846611
432481161
677039428
535827726
294906270
257970978
288920992
785874734
509429343
27210576
201418240
680196829
735656852
632649845
520578013
116771662
514255440
963453654
721063671
572908332
243671739
957767898
60517937
476157985
153370017
738468776
318897606
516800737
445677769
128470841
588131477
514181640
499417995
488902186
169842137
959089431
248761464
55954783
462475510
791185412
893401311
838497448
334814975
538739652
975260088
243794343
140736155
537820193
686249711
545839093
696536646
923225533
648130714
701692207
524333221
263439398
718812850
399406616
672111902
97230328
538619427
968472339
605904533
190892913
427165954
994543754
664827239
851646039
316636278
812769097
691148991
793890886
442386619
997277663
587345495
814678745
53432385
328983078
412428027
220625063
120386085
226559566
235578597
799425592
540844305
245114580
727568826
584340335
860633067
149453626
141763062
119125829
588784918
120958679
326469195
291793320
89675720
668140159
465039190
801936043
296884401
283412736
254840330
656947219
393847153
426663939
72103157
529665757
472401375
966049128
65894768
397837663
68038182
725613549
762540937
612047770
497039082
613164424
284383617
54638894
191588245
357722526
899359017
993395904
160640154
68813639
271630389
972288450
106925628
193399460
15230965
992064345
154709935
33068866
412895701
402413621
406561686
91027910
541137738
163868802
907135653
228280129
471069722
357513276
344600673
308733963
739038416
125190902
82992529
996369304
632040160
579431946
505277530
914491210
942233289
307576949
427112221
981742997
728156781
38876482
695881876
809454667
2258197
869564478
568884240
313460190
812599417
194542279
896630267
575329654
969762824
933630912
409988957
91403265
41041053
308753250
252916189
61905636
337971137
469673053
405963990
991742177
718480682
695593399
374536073
520709252
779700683
716842991
579499814
364537721
502621706
140665190
665013847
930899184
734948550
481955132
676982997
475285391
619072160
563434936
867375710
857406366
622209841
646673246
413160197
931490067
519040848
220671797
669345802
869004284
243712524
996421411
805923984
383375722
464076589
634844589
491639708
929846689
663119630
4093581
86770003
368976825
440392497
351797711
320185143
549980530
838573706
815590699
217703275
548936120
696487130
173388120
913516256
634099105
33480659
260389631
589996117
431201545
785939024
479415648
148510421
166254426
327733271
43028084
19769224
558231948
705661356
987745567
494438807
772269634
170923603
38510094
916722390
554155081
889714528
499985243
261799546
707646070
788238813
218339241
476122881
872117929
255176147
397981520
250219187
94673612
455631727
769576708
528458249
476182789
162138950
533821989
908217570
205696341
295141249
323940430
525404030
833342448
706642762
40828770
972146662
149725267
394465880
806127630
632483429
71216649
636089133
699386899
902298115
256727231
169098887
687732974
502566441
120262327
255540758
584701320
679625544
943878484
204966625
772770088
271458296
596535707
328464197
760458236
491395393
262178554
289450807
135898858
957791344
631694741
556184750
124422561
654478885
846425563
43079154
605068731
336468001
296988955
835613631
669974248
346084525
582570003
179357226
923683
705305902
304768769
821480692
443620533
187443066
647393539
229853803
441072072
248756182
324485370
412877099
73129109
619667019
932028069
200083720
216601374
133153592
763506414
855016039
966817691
855720685
385815381
669415335
717851896
523037984
983676598
939817115
186984552
86180107
340469262
95311875
917797343
512007716
444999786
945130847
402647341
249213803
80224664
543026868
112829820
165384906
124847254
298290221
276315981
414273486
169664255
451374972
948797759
243438029
832226332
651981156
531610430
800371781
744175577
484752081
572758644
158661369
743657086
814743897
839182369
141947363
987583642
490172427
180797438
771906678
940750581
335110151
614993373
584188204
784507661
927060287
311029952
860296662
840636075
386490066
79886006
90227767
522500115
959424158
420538476
240055745
88546475
263692798
590727851
285148806
187153658
788655928
665113004
143120331
976544246
177152225
481005851
510490244
292019354
83625009
886182372
522027649
147648735
97249678
984434239
537120171
971233768
446420507
113453568
162206483
514784779
921017140
853782972
401403559
3474485
674657323
420406537
328022391
41411039
56852187
311791341
208318088
358737379
566147880
216927532
421907892
639692862
977860668
84364889
158576841
70026126
4978029
118064883
979497278
997344522
725128457
867368302
35058810
584907176
143779002
933941483
995871088
529171013
68939364
451308301
389535702
954450635
631697641
948042556
324120729
432383586
92369380
757003960
879289014
815319367
808877732
145842685
757450721
366239487
266754701
807421243
316814408
885882325
749290850
298480729
677700187
361273593
18390456
449452000
825669787
465074736
749543191
464291882
419445678
327714360
790955624
264485983
77371068
649864107
159213791
688746410
491129550
796058113
223035553
67368107
302129935
117854641
9607403
944022287
223754093
74982914
811772029
600627344
540810751
223667907
639147002
249320111
809331029
908012658
516327255
50908747
251546161
320423392
519310573
195925559
972393507
883624550
120967993
205398433
787038422
264232681
19041683
504819993
462943515
153547211
701355359
372249538
611213086
623137185
400783891
638473478
769767673
338805066
737538842
18561350
891132496
962644013
17542022
676684994
79258441
804320220
53062684
839933928
920087733
291491908
141913716
427501850
866876848
401073295
595054362
191533834
134877566
260792764
699764934
98159570
210389727
952035933
489030706
224654228
535773915
630811119
235427945
241896716
130465000
893421827
207908560
490140425
480793413
378919333
151748824
684517229
335391466
108583813
440818832
204578863
887413623
943451148
52999241
527751761
859350800
724230258
463999570
186200791
166322278
303157177
667098305
150718027
343815128
577073265
540019246
399049350
133036794
227972505
380415820
472983255
547137886
831509929
663568703
729163157
874509889
344839978
827665759
813110053
595332641
154005767
948935096
215148236
576770985
275796622
981315379
320650160
760151056
373502758
106709110
851563321
634320722
456836355
915565129
870097839
790350164
200478121
427123914
807407509
972154363
164128555
473634461
85672809
512028337
453856093
932134883
100959222
985359927
67550306
105872463
9672414
900869141
338696609
264689581
186879556
174182220
347178429
2226743
925833581
50232984
991613251
119787765
426647784
581533841
670400399
829878569
365408881
694475086
400151108
403811115
302409821
801693997
546922107
286975003
7234996
238115217
16731774
552172661
69300289
732927180
904074374
737326289
427671211
801787165
568189368
29740185
304115626
877641785
91333495
53684352
378185510
739536299
938784371
934614425
832597921
552647030
906955700
921550855
545703291
969393800
73801681
327974155
633656138
269621127
931356262
505187602
442483358
504994897
380301041
78848547
489873204
539191386
467555822
829893740
560472989
63937637
128564595
617875256
636857805
948102557
881017768
204773969
455021444
43905189
423320331
335782375
954450598
866008023
404883091
179113358
680686380
525375873
986522773
255032616
230290268
65089619
691909542
783714316
307126748
393907545
765963531
255804933
66958142
769089285
323115525
489090331
66185601
917444028
531645431
300512674
480557222
782646368
311940502
496640243
105604821
350281094
95050419
445047916
968790722
872671256
992122915
996204526
495468693
782253705
766848784
414899340
368867440
200125148
276963126
30735525
31349046
895132089
839610327
554478577
493237208
358272546
390539478
835534480
390195141
915837989
409721059
517639566
295682263
213833076
111452781
317222407
897507070
251813145
977847584
546962386
699110267
815793356
470978725
547784739
66786519
33157517
271544186
602280133
249323510
580983259
422192869
522878568
709268401
30675638
461098244
553387332
105019068
578952711
524587645
447925780
633073625
243065763
934123464
213715985
884545719
321903929
120820876
812858034
800421225
404531004
648765730
987438718
643030433
489444138
639167738
238897117
74326279
551391606
485066814
156859921
736984100
652567353
590446419
111623068
682538020
629579752
965244631
33672249
163437776
48471186
450317661
613008604
51648483
120723416
257472823
317905604
580329926
150555576
539141362
26927322
180923984
559413510
504660538
696418317
219737948
695752020
288832766
911527252
106386140
361048364
273043206
325266092
470644366
175209470
718277113
670593931
323282517
989426163
815362080
510392284
113303128
588897306
404481248
938380306
270699572
585988205
745315521
772308111
47502450
612808407
641778440
358940674
980081413
214978758
95210
632128542
708674739
717303667
131253536
897166297
948436297
13350593
6631849
789819804
788919773
487398072
117872755
192380649
528063766
437288859
21731571
520760566
487966993
570037832
42782208
948525311
74356369
590025653
611358056
530794819
418060912
107022305
735183222
331221087
278160351
685355679
997768474
332584690
182574292
291853542
552621237
268103763
305415445
339180848
395180134
60187894
466620586
576773937
638569273
789107962
511198032
21856596
870790433
158727886
439082345
871378918
410486678
909789795
210980630
763676233
877323714
881178604
844621271
625020346
824992590
922416242
913134630
698465157
422302759
620533286
554705475
540646745
253450720
497313622
258145061
826654118
102568443
401082105
91508482
252418356
988333824
625634784
844924360
250450236
915082112
159631708
696213413
132461497
861889493
42004233
950501058
603626713
966556554
551850787
650570259
384052222
796491173
341746807
898089606
34353038
535942512
68588827
843504327
490883906
994947090
140452726
798539171
414534959
254862268
36590843
284995396
159904836
793550452
982455472
997654991
585928411
862965850
316346695
930706543
510645039
524002885
941938521
177633228
805840340
13739463
58704453
885543948
691014730
616695794
119177520
282521323
610746263
677202559
597323426
204462272
785702764
720886475
75240772
947435006
295025561
762147496
296441069
279753504
923580576
428962403
443165351
801081157
610681238
354092769
545251317
58059820
132189746
479524005
820279256
734678935
289379125
766744914
846800282
630667141
53971516
746744304
8520559
110155910
340447189
405886171
589051288
132843227
277472632
362814568
825025213
16175586
915905577
624330556
113523634
884859887
623807027
734043472
592599821
881701522
278483807
942749044
752409675
185991187
386015323
709073879
69821714
104889406
384469012
51255584
70063580
27322668
412077906
666828363
431137640
529359647
340539313
971598532
78443864
261869260
988717818
952051095
269890136
902532774
267475695
830312341
702662262
350174280
389290420
75152843
854599823
345092763
748674860
377073753
382175127
414007897
201550034
523818094
805088614
854454641
148899425
114091211
472792756
11506167
619768874
549118133
391750897
80395346
758278744
944735407
117677671
847560337
919348982
750145243
653923360
374164593
213999188
361538279
931352095
109057034
524647243
912908355
773890905
170300746
706562804
108274926
331352011
946219320
59088683
973437115
714837325
705060773
137692608
118842710
529362693
956023113
210581904
333684515
45611103
511356617
846839411
787533650
396399352
250319534
526526670
285067426
131899742
359524540
439535718
73840111
877960787
935214182
427672728
953610038
167340078
331218731
224436944
83847522
798813193
290152982
860947362
735142808
724898535
30550559
664117733
191279276
229542859
847178344
547841822
613521077
652836128
735722595
413966943
863719334
855190232
192596345
915333096
862726206
749167935
855028111
739568469
102720131
646006787
937367126
484576147
233472064
477751123
119279585
191026919
665173613
252731876
538901358
658621915
432648322
618369976
518479675
586508327
201522831
255424627
54075392
780955965
647592594
174270651
165411960
204545136
917965840
323218111
134780641
262497534
848575136
272492388
80804174
386036558
785008151
33850642
705884033
965585987
775980238
234266236
47404489
203808997
506582828
196405433
23414461
511574453
853430800
574891776
401743164
668642199
949693419
43848499
271045495
637428080
744588649
884568943
600659072
311964567
559655695
615334817
238370094
518415815
675312956
456638679
12100820
767764582
33092041
774174799
249608919
401384668
86069495
425201303
37545378
27370968
368781635
412742387
417922459
485078715
556296613
434495562
592311565
413521933
862031151
319729222
960034537
34877502
45231906
179304127
250491009
165608810
306474234
29991435
155564983
181821432
250753390
519702857
796032649
833321402
914486924
120510384
936083508
798462785
919641684
39609
606863510
389767779
456787816
264143609
590814534
39794212
847543853
73108763
883372134
911181792
910526400
592972270
92791604
222193626
725383819
810564524
428346316
140086212
545874661
837752166
358974313
145595891
349363423
684802584
403283716
618331006
978891788
724912302
613047629
105056395
690527487
565659802
489142189
691185954
587715885
680966586
187177862
228474724
930696685
436043952
11646279
260789865
140483055
767773773
790377356
845718969
483973360
436370842
532437959
562939288
295207511
636794683
434490928
983611379
191217771
152137744
831577605
572699686
75466851
666402419
963666762
539766745
583628678
613654266
336030442
836405463
134393402
895310843
531705451
985093026
303518948
808752315
510406616
69703026
652162559
1753599
514548989
791724383
189455536
614583398
207035285
237362596
218493168
239886642
971816592
695913248
86649946
932869474
609164984
295917955
481247812
627326098
128859306
289316346
897486407
632058179
293031990
766545535
83304801
471098312
14953314
625987707
826761415
35918591
780869337
802615871
116049341
278955526
816523161
489031058
861818632
776701638
29275764
561027530
422441313
708527765
710924699
188140395
548865658
979152965
247801822
630430540
779425332
824126851
534123383
600896914
402836921
672227805
797744842
313754419
326758258
135408537
293982970
521040540
727928820
168920966
733791559
695910273
391934745
187002602
71294936
201591262
219187167
297164740
429423226
853502356
85283913
813853519
235030299
591695274
749354330
728748735
93619053
214862108
175735508
429082319
474532416
346018087
212038104
913260794
473251026
629005649
701717917
726312570
798350365
316929759
47267218
581486104
271244083
507606877
255213480
739735350
679512465
342372751
53433328
323475918
842567321
93273411
144119191
519119787
512311700
535057522
240836791
430913236
69584385
287156157
267996878
508544727
637284922
987587661
889373095
912374754
81025954
853204025
7137746
1766154
118926704
159217894
915465682
289646900
163744981
280185177
299833474
909157805
638467722
217924413
76711631
367032872
511217661
90676863
161544106
810183625
377105792
351937844
496078330
303839435
534143069
776331092
914382038
619022310
111192928
863068022
525279164
77903214
61792134
324070530
886760280
116177719
865209157
791311207
38134179
985086644
757919507
902443015
906484754
817776780
616383396
834413154
600975971
145815380
222251733
489902705
236334201
758710760
898388684
482118006
230479273
662619
125545486
2126417
185934451
947767990
247336047
481552298
6518562
200813831
823646997
678464022
404734443
167094070
720240954
743630911
386904665
164125304
515789092
106653219
107630939
35820847
851464868
975244161
29400649
747195953
619392083
87339545
596847990
244607744
82763503
2333427
343759460
795254173
221198566
446512440
813900420
882754836
150999998
265772943
666620805
755309932
342582307
730900588
240362446
436152631
293236158
647790072
762552744
292767962
384034046
390296280
558843973
161712925
247970638
903106707
350671928
765424369
851297864
135749755
906539795
256565949
602501082
904636890
407711972
213996481
247405718
377039349
772274851
782959086
957272044
814991930
479284121
64490339
531390526
132692794
343351727
926629277
545744126
206057242
667290778
477623839
793443660
547464076
655195862
289348151
744066266
953665442
861115663
939271616
685875000
293034123
982710928
483652859
650490831
101858241
436463519
773102101
147243713
95024050
270584506
591737277
544973243
94529358
478059460
107608415
667390210
727359854
530452702
478867208
217881024
25990517
742628383
643877307
339244979
920346567
393288447
686781739
666302191
485612293
599640703
971486528
220878507
920748298
956569343
975275588
639586404
268812375
345465616
663229994
147899967
605195111
840760620
850796069
511507425
572996355
28341526
977962780
472570324
643228159
741845387
626340435
765552859
112550832
41617705
113666399
767775953
961052669
915426090
304321320
478271114
888485582
8757989
16681144
634873653
757487275
902234170
139753161
929761190
27769849
719376501
464169649
728719304
26002311
304929626
903731313
790932711
852345618
766060200
332177788
113739449
181044399
743144535
672496471
171430155
145459493
20745178
528827628
294006892
104956655
172391801
783223648
518272674
353794311
69827137
933894454
727945971
116374962
686158024
852682313
460238258
818080246
982458202
210719942
121128793
702498537
504943399
447683934
575028967
831271744
730830993
166846387
430371064
208387235
353710432
135604160
781800161
79045449
189282567
309267464
235947497
490915285
390892722
484235985
276325629
661512326
105419231
583310535
64683765
561329609
444111691
245834391
472806364
543510249
488776376
172745457
550731279
588015522
718226729
659299162
368934672
644407189
45755375
295364500
345074632
465998832
162479872
872756367
885033072
274782733
154533113
784438773
232961885
143243421
539618475
793876541
490894127
109863848
768626765
415451475
714102626
798786616
556754789
4342832
959249228
99522586
43195293
926245724
142978348
395688737
395755771
337770144
34343420
840521229
700835674
906796349
316907221
454717256
696991136
64560738
822754141
229078858
486234771
556208533
200523700
417512112
7281983
725066706
690749927
957841560
659288638
250671405
351856918
914465865
910577036
919749469
782211917
86148190
700255570
468845036
53489001
805789793
195113928
606403387
276304575
196929389
325700332
396349879
621715125
744394313
514041541
917164785
560357727
957879023
291739946
702150786
172964560
347637018
243039089
671009615
658316437
864786387
826117703
549641291
188963290
514147945
847694023
46883967
90367856
754875048
892569556
739239317
74640280
608201367
451202288
205532335
301432669
132130123
844823369
376748025
199690459
598648698
159487993
800415422
888766273
97764850
112586320
176070952
997032509
213295293
213529496
227850748
139968151
773052282
763910564
730928022
275601214
529268378
221150701
162049263
284020465
562531002
667818283
49526300
108850907
146533439
171724249
590055694
720516212
157986286
710768892
749813064
568047426
92661642
984368562
367562134
345326036
536401322
972310362
880502938
465641714
840501929
655942250
318280394
953503410
650897021
17040696
770814920
174409949
770171439
456489015
498399114
581643954
343446857
889227050
783867367
46461955
913740198
193895206
728317304
822222733
152302123
483614456
11111235
680718023
225383398
471775976
104828823
142167376
123328620
266384141
899532477
575686029
929540904
462367358
996213853
26076342
834767245
371249075
213262355
614591202
910956619
7679658
612003712
590010973
659278670
572239714
383868370
257531561
754648722
24866995
115906825
345052886
52640019
458054049
888846253
102011785
445689151
558878595
640633482
738991730
390601136
598400839
923411664
87764925
21861161
815375208
108303834
426571189
42616396
521210492
68681502
749360165
496273223
300528559
410377438
282456095
489675487
401656737
75428893
309771413
180522365
589994129
328892394
774704596
841144367
241705754
542387004
545834080
884657826
635969817
606526331
100509700
638039968
877143593
219549732
436940672
754785550
635535963
781382810
767948297
180045646
209095234
497337500
771050081
514512344
115790280
566718890
673090255
725037666
592009740
983423604
292772791
718358248
86058083
887815124
277527546
228534967
156287781
146024421
314800897
645624980
272511737
158253055
343368665
118121218
816243231
301944874
605840110
518041791
151448306
603225939
254645097
814927827
734090468
625788458
678024230
743967573
769949324
608210721
982391642
66769653
775436209
344757992
273153892
385596298
335554046
967860484
443400096
798653569
488320173
248439735
984103448
41420794
231540164
313103777
781130289
93643903
522443364
270620931
834395441
382192563
29445100
71454671
453488323
969496563
258930929
401557067
383664550
805352129
630710066
787692119
35458864
332683561
336237434
729257794
150603225
29064720
268721559
638434941
942565003
523745380
504135130
339440503
796321595
309164665
303808609
249774078
203750059
165554448
143805434
761426845
921800961
980174938
612708546
795964128
683158933
820263699
570941230
19335881
56990124
72634718
26801214
114777069
496221912
745055565
52924301
902573216
272624901
523391052
575482795
752802367
714881073
330686860
879787951
533006275
818971155
685241310
27586222
827421404
516517235
919278831
952893948
605034280
643083572
790810436
817241572
239072906
880903037
260018390
523261986
505290780
151981163
302246125
813424249
153221825
490059382
601431604
779461935
620205230
200480394
903304005
214533297
743248769
882269353
918602496
410893545
869738420
618973987
444774880
889778935
775837289
788071400
144461331
875158294
49432247
507484393
985333078
527609462
566847510
753220313
576346067
567356429
948855906
845960365
545339608
1333627
636321321
95052625
502431450
278595911
792948678
195368931
422845802
116940552
201445288
695958690
719296127
555460095
378204280
84919293
607186648
160200304
108226260
52107259
945173793
445625250
755682633
689704238
590961303
905372174
468019832
772682117
719283425
272297784
473924463
462149000
915482714
48062520
120748542
690575356
661041396
26479101
456781118
50341516
277159055
693039450
698515910
256209331
816338781
642208744
906250466
130375939
265053303
813291776
550533936
509922214
921661250
124729860
76667149
168073782
223013513
488476364
860472487
153210545
794305089
852089579
992520165
969126767
556170456
231455655
706604952
959228051
887351769
224826557
359120985
695668085
653538945
346341228
701492541
197481190
988135627
756802387
374916784
853437628
20478101
911632210
456034385
204456732
779866207
549700165
132427374
931111943
504474555
40087802
294823722
332751520
440657379
249634997
929727679
33875331
239919508
217954723
714578275
868764499
655064323
975491044
563999463
920327675
83306602
411457034
922475790
815441452
556126530
505278421
623929400
155344751
819613144
253307104
608851003
355284327
658466492
306969728
392385156
752251784
264660830
721244592
327128036
506916072
356354281
105712682
201973757
3528335
324187657
120312377
308894397
223964484
427043654
67382339
896835011
492311982
582667868
816438790
273613510
180653860
238198187
93803190
739233549
782159743
107335399
115286716
630037653
591511243
187595542
997746387
113128763
688572634
524093376
220825148
859242209
723934634
111218950
913885472
786051693
608536906
480250730
61724556
374733865
946842700
400261980
690707692
443635019
487044669
621697803
887314339
980054421
743680041
710981155
209993359
638088710
8157925
691490252
206875634
664332819
444568151
242778352
703796090
793795816
578267118
584351879
660037113
681516236
18350524
2681233
248808986
616523517
815709279
786943433
506235948
753035838
785161696
886571065
841237859
759558652
433650462
713386756
605421451
117585528
478753218
210451688
21808248
720757192
334387522
60703240
532032878
32105366
362576511
708049565
7945333
595455329
540417088
209083984
929203419
243492572
544472767
491349306
3536472
727159147
445126151
238607831
349827000
26036522
302713209
685821510
946009013
341252592
881547746
773983464
295236870
724034017
747495841
542613449
482686949
572208132
841569031
437515774
661125517
320425499
114743576
122036017
880148664
70555024
345820241
87689440
148202745
499492643
852827138
151803952
283986327
676169321
443524653
313039345
273557428
404717758
711332941
422682509
330886846
465948985
114069384
243202682
280075026
965881723
784147461
205388480
159455044
645909915
287848727
546821671
804258880
626266431
484507843
920877197
723774105
920945272
711789934
148596056
190550509
852059155
529257213
371849670
330570079
948327240
519174618
138680008
977905689
737922891
380441929
183992022
695463640
836820621
957563696
294988384
805778782
293748572
420394504
871214674
791037101
131100592
695166999
515609900
879804478
947358762
111052036
12278397
435280462
791380461
548368768
982079786
857229200
760622503
6443188
580641768
432961763
836013531
45538414
932722798
171562757
751837962
375562406
800694949
34442240
443819787
149877858
409488259
128090061
691474976
558623794
291090491
616720358
860243296
809995
508255711
462259498
73861001
1271613
499090193
767020475
771572616
960124698
68642742
650213690
782635407
391494974
148374241
781275836
136835437
212448548
340719233
347867795
797965777
466399763
555460445
515125026
994227207
257451357
478076920
905825094
712539621
581622897
756659580
756839916
619431676
742017526
574675697
138064775
997009011
295756598
412184755
945674899
442303817
258488544
496399496
740329171
638452118
686359949
850286110
936118179
665836627
859271379
811296625
606633367
655448174
925276108
317492064
187902710
239029695
89509005
499515381
820929270
256269635
931390651
621856352
678391942
660320581
864479444
677355639
76324624
159809576
402117604
684334385
722870750
900443889
424013382
749918672
387655039
142441444
416947034
452467693
13937163
563045937
847867786
79696706
308331248
938682979
60593132
645928086
55892500
14939751
299939789
829212635
719301953
221078367
852403981
532895514
224100096
882254146
119657819
994049074
895561874
747366615
145859204
9276773
471538191
564417435
483483365
888291423
240751813
228830432
955587644
114944764
930805391
375809984
294943495
644526889
369888123
476723665
41957859
827868431
798685894
751349065
93889953
267868699
338947001
595996905
184483443
524905776
346473483
123390395
821498203
355708591
614843690
117050183
622844532
941359672
451061027
446905504
623602554
912778628
597287528
878012142
432297848
694421411
285080424
566776089
641133896
300059244
193541271
454761010
747279780
20494390
521683444
732343248
303604457
817903791
834300838
239814209
751035589
496266251
702050695
947596856
359274531
239480131
654790610
362048229
48701973
290139147
252462485
307432699
86247958
779544067
988330571
667183898
944508874
581201728
61163667
122709993
269842652
798893097
753599222
333902218
194688073
420885724
67530552
417397288
52872403
473544408
248352220
921926852
517800588
478760580
119535308
683874466
65537252
936499301
244087663
20848354
886704119
643196180
252521288
180247499
22198723
433887646
968335995
441715105
361779298
371511111
818866264
460701711
151623262
250380673
70335129
919252505
558667153
619059750
196733959
77827688
149657276
460279455
121309341
345487899
411015633
898410268
733627774
118834732
821997733
685493526
296413596
826664560
552384499
130329740
16202691
220745570
255336581
613912686
111608180
769224549
768514137
422461820
584025824
220709870
234506483
564916292
168637104
228607907
936713985
319882126
595415285
112255091
927029154
855349857
935557115
171306555
707691989
879806045
735384175
447715478
325491346
406563387
409137396
927859887
965968527
6636019
559151105
8595163
961123120
362219059
619947120
50683069
687835358
473417687
889548689
740816304
138247483
621121830
67434341
207238327
585444792
136330027
469245797
651210052
836149294
88799055
781941769
615707105
506111482
578179458
129949713
400356081
359668535
805039533
158524079
173280411
731734961
745241465
205014623
601163264
114401914
254039163
787268524
630424044
491619817
728096728
831893656
58125041
584027897
744782415
541859024
556106394
73809948
295864028
330584206
598822986
952770533
919767645
962895979
642564802
823679831
82631400
306290113
8727995
771592097
575662602
700179377
389520495
424283864
225156654
717444851
887542573
642054949
822957027
941601205
940373668
546540881
591702321
345000142
957699718
874188322
920556115
407683719
366938489
602752635
343387717
431768762
989068319
726862825
442247034
317347680
858984238
590125978
311648789
138212750
850595275
685146499
37687667
663137501
845350764
411039722
959514543
361426283
221950148
49540066
547058514
198143380
916969830
902843289
279065845
356500305
888062757
297017411
318482350
677904530
931919209
259497696
141699768
99862571
771663645
626483905
275863274
167581295
686744909
539438479
309793261
327889258
635158880
543000976
23162505
488042450
220545436
876265754
486122649
403588271
645934642
292343397
546688377
490676476
678421061
622861013
150833980
128132398
757366818
2462416
460422659
297290958
459137371
423013312
223775308
808476364
313534853
808701264
357745140
408973313
145028754
62113219
509382352
559594252
995301791
224795595
362940117
366431393
164463638
568654954
625983731
969286865
354603216
157660285
331059563
727895027
756652106
192666652
587862895
409681577
338075190
264704141
280403654
292691971
163739955
581186223
69362576
42245772
180173601
147755772
784217414
485282294
502450806
415518828
923787003
168285288
353749195
364317576
81195264
365079706
370133478
986340732
862262086
916689671
271091627
59430751
600730353
354088576
819065981
392614559
811189836
905265326
108788986
801349675
495134435
974298416
779359948
48891066
274728896
938359036
505156420
902166432
835227912
747306985
882626865
726370368
781437832
756985231
223847210
561300253
737534059
39070501
326850607
921081582
827060793
40210524
833208435
955925875
612837812
691574425
531812183
335592769
788541399
951158954
175283272
314663602
718851947
884368203
249706244
272019177
348568834
659475074
27547413
488224433
868355892
825855657
575378435
493688653
102448847
631280332
437289570
530984602
815006914
659116333
972752281
892127373
92775843
664076373
810706868
409957499
235115303
269000704
256966596
195398000
322027038
181752351
588898127
357550453
412270076
73331260
797105502
314361370
116545061
457248785
785938923
934292491
629599885
132440239
150048171
698675728
145552967
732808492
123887004
353571493
300233871
524792565
724071576
772024249
283777154
834151033
415954597
782389980
485797259
489044576
383792671
468468998
970572276
889602745
401901735
595123394
647886769
221932742
723350878
383842313
523094435
905466675
318115814
960664474
144171376
725117623
395366359
707627476
648448773
136881999
801300654
550202213
854114718
593362936
488814929
274321387
719496423
857896616
908139973
37251088
205928797
942125869
49458129
437007153
542948558
621247265
500030428
163798888
466283945
741720584
735221589
229849120
317690500
928018151
330159067
816197036
300457316
407397392
618277125
540468803
811374871
663187568
672731847
835151848
255753290
215585366
857092175
344720711
8902674
106005660
732469078
446163862
198728163
72484696
319093355
214554678
371486684
41348470
590498205
944982076
658344511
52214975
796330486
173334146
889450839
412120140
700466237
38764474
761539065
884513459
847660787
726212956
641232656
387862661
816933370
754354545
476016992
401758511
380749515
