790930319
334607722
314121422
244413340
127612229
726027752
632922587
5162317
430242951
666866138
75198208
426201713
935685840
646121732
757380327
159266409
230338177
817173257
432438226
191587013
486589750
752882984
487720993
73091401
495519699
26613945
490052811
180461797
633931272
877195919
510431484
167184404
538160323
91025775
932987614
652203544
728844330
855658887
249989724
881403699
39784724
292264779
291316464
500758099
697348680
192328201
121288601
600319327
175530474
781147044
685850622
467254777
833993801
919885767
213330902
147418719
859870835
521815655
671022291
157789462
248522616
76901182
696253475
100787537
707744095
148792674
985277921
1524433
397967813
703921399
816445571
131113874
412207890
444920892
521017253
586985173
515850725
604586506
348386395
198610850
308419667
661237514
28467522
976136710
550896291
906172439
71049542
544714193
191811516
922664946
770892577
620864810
417267369
967640392
985492819
123088459
895212476
901180076
990364697
504295437
591760749
292263263
595754974
220757165
467507131
930449557
165478028
721435859
408154752
239279983
130813378
90489733
376489628
550044109
943488885
453515738
655874285
884420305
32700968
295483549
745136622
23446506
546215359
247925962
143732003
943753528
610860849
126597676
347987556
816329898
136069972
744072843
229568082
470284033
80881799
29719092
420155679
402641261
351039334
257780630
261402687
610267088
37392662
85594186
40957613
348016843
310519311
519565190
481417199
461932633
624845458
820134732
959004070
315503240
425623094
784016341
321395745
689007005
141191152
612734986
883747341
155527409
946830947
921865209
329926541
76407562
138471456
458730638
835953927
926899422
373176618
242052407
631869068
637640816
931722036
425304830
512068917
622079764
599463737
551516882
357981550
848460773
950356291
976050545
807531303
288286965
353663193
147069580
407096115
535945572
209128456
715683257
582414403
455015287
471783972
472034563
784800328
898931195
20450041
747512681
982204725
572987484
2245312
534011756
765433779
51077371
243412576
570427994
422094040
621300329
224726490
106218933
258757262
903995014
367852098
672226183
888377551
909241015
548149443
664062393
216180472
875592330
358375944
108631121
853181257
468117166
126774206
84162436
979897765
345813264
502166749
554743107
154884038
706238280
31545266
245440643
328182139
268192831
808478429
380467609
295210513
118999665
870318324
825880105
808323347
393315635
426718160
38068848
30125486
26629364
833870236
969300955
461774921
549858907
800294580
961949163
273269886
333938359
23449019
133832369
820228275
105397958
555817229
260823946
597762523
70258107
54729869
313975050
56367665
778092541
586022457
349552764
766957732
879378369
892038426
279044790
392096423
991340582
109538544
33008032
149072571
477373025
677381334
30980128
565025414
261785059
986174500
209415095
132112133
217744139
94825648
113882904
245249904
889359010
911384360
806710070
356276799
310307233
191409314
847586245
518108050
117837307
880354475
666070724
652417401
469390571
48562711
574344818
850979189
929727659
774842488
112275871
605355611
667349587
763574728
313671309
369394140
630904221
786461647
99143204
906949920
708635463
298809046
333826456
512524000
737626609
332346350
510899609
344830369
681535138
133544725
140556136
807478516
677867173
410023439
953489525
794713115
718386250
56326722
800126689
24581300
971237079
48397844
982262908
287587043
611208819
118846540
744978406
761109428
251168886
352819162
853847289
442876659
700897131
717966108
67015226
563183705
963291429
245491678
990878026
829838788
52956503
142821900
161054385
65189059
393093517
542150261
915490298
411477690
274928327
589561486
784752760
398847162
231537116
697905970
941241072
952543258
194168638
572141374
881594368
655490853
862585432
583363326
655534609
807599104
677712667
603683271
868178698
848482317
291855133
815894724
153543842
19292960
713619804
76353003
10635720
357181543
622654647
14041413
146984747
910963554
38804658
329070808
474483815
800544862
441147800
858191599
81651912
783827534
642209475
562361181
74587963
71073170
70382885
769140133
52693985
305034039
853730325
455540628
974221024
551118656
129935322
814326240
372490585
410733808
27563881
761406854
96477871
179935333
894993704
974771661
745846910
465503988
823970075
40026238
606041599
581157836
523288150
174789178
924210513
546891067
573051590
708659761
337091139
604028185
662011575
711149169
571037897
779778170
164128262
975387759
602195198
220118396
639237503
30012576
429399809
262606577
696100937
329844659
315521158
320376675
842493215
778693066
668081263
462935726
197653187
618280296
760749553
62920018
778777425
315635014
908797430
605876428
902740954
79382814
562464188
79713273
874928422
329866747
342816815
398924678
635701439
221247928
188684459
149551743
447586767
466615777
970525796
441932511
943307212
593584452
720192194
54009436
656721818
193520453
733697061
526533903
620810557
766831608
790771581
844838559
779512448
980662833
954941365
714192555
737559056
203912736
946637009
494580966
454810956
443026951
905102537
218175956
428278220
832567517
856225250
336905508
557611101
676868819
701437404
170630191
633844623
346723647
293303814
103937705
946776770
346865188
13444563
854403259
753984612
979013216
826507212
253115717
318185627
602060126
365804321
508965967
961835214
684590850
811489191
543374723
424463489
292570856
133159647
457220731
637327084
641007722
684040229
147207647
218324481
652708487
837857153
320759075
650765447
765987469
76692821
994697982
697496036
646800811
822745714
719850993
681262175
443768485
673660185
84207106
332111235
780743739
907416361
749776927
941612512
425367867
973508263
704445751
202019336
16913437
566540099
745065329
652050232
544445575
396483348
216684825
317622666
703823110
873634027
879202626
259339120
58618774
152156605
322045053
336577584
801767242
675241205
250159394
320432217
656477789
861163086
64004487
386695206
659896441
847080424
492831123
285314081
877829882
519375881
391440315
876018810
82747907
205565704
819554131
228943023
911031093
733485802
669622438
309316345
948589258
508117793
695977086
867792945
627516310
103205986
296114788
34256397
23215842
899734586
715961849
420004839
59530303
122104544
381371457
580410416
331770416
904721196
854831790
420574452
94708690
66391645
381857637
564203960
672652737
254686589
167898246
32060519
673820110
131116947
647918406
221211153
763789306
98700211
173459260
977625097
717748247
326090201
426666391
468903363
388725605
719214985
630089328
817349269
891956564
577229251
993789454
96444373
107821580
364592842
490599544
382859356
418771329
26374327
341866215
281572884
643685255
964843484
992887885
663954514
685369213
163521552
55049924
554569880
372788217
858053669
499885319
27807903
153415343
785834912
231185473
659514796
941140430
601318564
114804816
758329496
700604443
586854473
325056526
16285839
12441075
575461041
168647596
440237538
359540006
825870115
679345333
818481721
964350197
550297820
509759536
356604345
25521582
720972480
861032002
520523860
187113108
215377068
983277815
14320635
896759925
417245592
711392324
862825695
473163339
118746534
663244043
943984080
885635292
682775639
729141347
339553093
237932243
432101355
603743532
628865128
543788921
183420594
497337985
693849637
978321343
841863665
525399606
437926364
403424247
61265603
760378213
796648017
874004578
152301748
192492223
443611301
903197843
520535380
896581948
567923210
270053927
302182262
674534593
75538495
215411874
500632221
702212534
667396995
921313650
801304353
163805853
71569092
592094973
504820900
298408338
825195216
577714270
282198564
728338945
383693288
734229301
936977138
793101235
364299890
450473436
36215523
911105489
131247739
849745567
343879268
25680498
456158790
304899072
185492015
932589858
707354592
147820285
979856482
825470373
769483473
527622654
205859199
939908864
501724177
215095173
728171246
180289114
663041933
654701808
49222331
329837768
339808434
470608034
802428572
300934764
916702221
685029283
786574631
670288870
551997531
760236563
983052655
847472299
445185940
618278028
177010823
66118554
992867341
752133302
159281586
666700976
197889239
327218482
520383019
735218107
674064406
865196121
384196809
897697626
770690877
785727364
390251711
735632699
691472866
691363647
290129178
846021820
520094673
369503334
294384992
364425813
464228023
372028103
884459266
275699390
196372894
403905380
591177440
686688044
50465071
207858540
601340502
631344893
374308784
122794032
947420412
151831034
877443331
82330465
566144137
257070963
426314851
845296380
500782928
270544768
376467363
893382399
731974136
85793561
595748661
243822168
425741111
711125865
139748591
557518539
132692374
969811940
123997853
740414351
275541280
268925287
79365068
706480729
804856714
572428637
638011415
406246473
375601169
113676059
753800274
488360609
848538381
113790231
722276908
139314075
9965053
118248716
612445895
720081128
720464317
307638973
61634827
961593348
565085531
190178939
19612366
830643452
465641582
717880912
215100734
803509609
5924197
898846862
678230235
348424558
910077311
210463148
98262942
702888695
854948984
837854472
786862258
289828371
239203864
193045686
454429
281978026
162601586
565613846
361456860
815714930
695687029
484375657
518391804
844371251
179013509
868726125
580700125
832254097
507872328
611071998
754195475
85161452
856366244
635202593
188998726
628334658
40481455
666100019
129271739
754846134
740099699
797272318
684477760
401141895
264091399
716934279
305766448
293499097
489185567
329636902
925836368
161853775
748254628
310294734
729949935
364110995
515958744
992400512
287528982
786806349
984477641
772774717
139084070
287347340
392264738
109174549
200069467
281764574
231576928
251604161
619410895
952327892
938631245
322024851
909498564
758050556
122716314
544228406
693689653
901148017
70986912
764395412
619579826
691675009
327135491
839749103
943613588
775274053
234256548
472961319
730174355
335767492
660977399
906551314
466004892
858470365
660071387
576478606
759788082
684967531
486214542
216736871
426576719
498296235
251412641
114748824
847433741
41145171
988717446
765571776
315280856
815286984
480939154
482973729
33780140
534215509
642254842
608854229
399584893
440279402
99371458
99185854
123817643
591026035
608597596
746544400
710072833
797585660
127221731
18760439
626514248
569634663
78685022
955989016
960847242
929573819
979561878
912864394
284468535
226094553
556579572
741214972
362266452
326022781
761951993
579042434
571067154
350405067
80195579
68468616
65838936
537958462
70124081
9719515
377733014
217124212
211083242
589664685
103217593
869229187
184200519
65369275
117714408
792159350
632205659
767296044
182821217
621348568
513406587
866381726
390359642
145698777
188365313
722242217
251524048
2546880
611680586
234383399
741005362
65509805
230415818
492378735
502182572
213859904
86717677
870927920
225448732
537908219
940453711
856180455
834720027
79815883
324759916
484982185
320276725
605065007
110423121
388689718
646885914
139637837
544994424
325646949
651453774
407272373
322934080
302963
178542467
350120521
394627584
709068997
650272969
842870102
662893649
387007963
715874440
554460315
663917596
287550551
395245625
881402782
759779058
968713417
820276925
633414793
686762778
974763902
877647363
121857984
505550388
951056211
110786574
888931022
429708651
307177879
174987831
525997511
746136949
214733189
324879668
147545965
277551332
714883133
42163791
902500261
419404321
501931611
903411134
575413128
130045430
715179
446331438
24383497
432974319
91750156
309055884
568481268
734422349
14151940
913235405
117179042
759128192
766365039
682313793
552126902
743810383
594683125
650188751
992754960
417509802
224358543
466772883
663280535
358196801
784421903
410256330
227908741
66764541
270064616
944207238
300041952
829187197
552634597
96823412
607987705
605424819
931119728
708303142
103087994
451256039
348783700
663730364
550981069
756002227
164186487
296675333
3108887
613161752
578143686
205416886
515247210
964469292
255253926
948643692
831575872
658870853
132080638
982503777
46643746
546673205
607341335
791023520
687219006
973095120
822166775
610360252
386661927
724832415
427918638
34351320
899083857
689264094
878296175
811667584
97775063
270334033
548540670
645231173
837740582
2619367
100383122
896359586
18238520
779416805
4016043
729750817
556165278
777997972
590944173
704604253
729667756
283449845
871526980
51995937
8325998
508295920
774696903
818065432
539013727
665592604
886558275
778705896
978215971
217885175
894984877
852555735
485081643
958057940
906037666
662494911
606289378
360167068
262404757
229326487
3245416
392938153
374804460
585321378
255681550
603630318
495873994
355394747
513334902
266026800
525456960
35280793
376038322
971561312
752795746
974577036
667041690
6528310
636896555
63196948
186000579
777945297
649562106
853483052
210436318
164556887
511899126
429040572
138208607
856552713
596777163
570351121
249147213
153151562
128393192
422941353
625673846
117329883
890486106
222192957
520440756
631939562
772112611
652528429
736770848
735156040
510817727
799741161
831489059
903573545
645351124
103160688
771413199
147476720
661930122
817257452
614389403
977863261
859007578
313646632
681024961
747891421
492168414
633090594
956400751
84207287
745119868
465457436
481824748
977766461
697016130
996561918
977478158
489167128
10813617
923524380
110879392
276493371
205630839
191266249
346003421
564490845
559187714
935951760
79361787
793630331
745007188
322142984
712098460
143439963
81914722
165083798
335555999
553058379
778963090
224554537
669108788
369054097
53082763
81691244
573809626
142712240
299265051
966926183
11237308
916403610
692683268
464893626
352869844
564014241
433266122
588074859
974094242
950603421
809155499
379912088
287842816
348937550
877030595
97179066
913100446
600539443
488098146
711440752
889147972
513302156
300336608
24758324
215019537
579430733
764001263
797607168
797889742
772153710
271816381
168166936
411262663
177684156
619430407
748015471
889915198
490437142
468589535
545140029
634033368
494973918
943460194
879656201
646019801
182297677
296194710
268782303
238646602
945655192
899498510
443534222
588023132
928368797
794702640
63889664
406210397
161519873
124603345
858058544
266937498
527813871
81895973
282747234
769563938
110136753
805845153
307126652
275624712
422076788
233024550
715303415
453760155
726431985
96784355
685588727
638622531
418413928
286935898
702517653
506633140
642707412
40604941
205924036
322160686
512073447
42860195
193130260
321194002
554794664
348499395
679450989
343460986
767785869
929943049
289320876
928133847
256819600
336952774
769550317
108686411
557958166
309799132
355378652
428515890
513489004
365467392
779201739
479703605
2912687
234817115
357544715
187552113
515298149
623754328
210345754
53007435
185702925
767349311
70079742
438189882
403198215
167133541
394959262
550772317
808969805
622788535
604219933
766718675
479816824
290480253
238237070
596871394
481094008
43238001
738487193
906147360
782625923
277421949
102848273
215708625
157767695
226593584
157159600
388465348
719298998
691979666
264155301
287527602
228318478
702401090
176089645
710916408
355550318
459026782
865048328
801195419
731384036
85762694
833212000
852739971
37180356
523736256
110716925
868500843
3620153
997066796
683530912
690105133
689698064
158374158
653501296
800953599
331131061
94827039
810085401
986090519
939314866
831859260
879319697
875554674
164295730
225104121
200378901
903044168
744722886
718539129
565773810
732667074
298009701
984063442
218812417
381933316
736014763
536856710
710695865
406657430
786964960
815881940
376344183
920080576
253058607
246402039
676443444
993721083
601703667
17449739
710000295
632230791
472240200
906108716
315698935
881760552
85582066
485539366
923876436
543526849
261798499
737016585
815691432
600452656
174826573
200060754
765343875
895218151
538938730
576120777
912049620
259354599
609604234
214137709
523115760
100956747
449317119
584681122
795517322
272849274
292697306
146225792
730798124
180490275
831808408
94904208
521723729
419582209
962941401
117837038
435364962
723814892
149320537
984769764
430323463
213604653
954917877
687694156
141913555
611441556
166983270
798098643
367828181
681872734
900263384
254702809
449980852
908012831
452418534
155349731
622170351
234452568
104928509
346314315
44723981
214036304
682094699
225437165
569518232
487362975
842147148
310484678
351664477
986101699
605506493
325142654
344815782
104185452
802698044
180042939
146742038
822130695
157400612
228386365
709725444
165491094
564119688
335706748
416113634
48698087
468508529
689555509
271607392
805383292
155996718
29422905
839422603
934407652
641582485
237829004
921710538
444580670
24173856
322857616
185943426
494749493
957238374
132590160
453497018
331154525
647597388
738967067
647020168
688333904
959527819
479910269
109118116
10911993
574677328
997088405
107063047
382659043
481953703
599786950
609620494
126096301
487844184
58098553
659992067
969957290
707379854
431629635
261966696
434261575
95310961
770961818
643354684
464794441
318567666
12445202
635607874
896191045
495447868
894913316
386556965
573859214
620759867
447825896
187247046
461313791
620527584
489274684
792563895
128782674
239380315
17885821
922690600
166108886
783214377
94031808
664578580
452125431
600532593
892301468
878665477
281985753
562503902
608291487
657612735
409832638
277628082
659339093
256183187
289775904
429999783
669796047
588920679
573845038
726265447
322027265
59821563
231118431
959367427
275597015
992934224
291833868
383854880
488381898
915822189
932794869
781290004
435412731
223936596
585261746
637589243
452106016
215899518
345891226
15223953
752834050
777357598
481356982
965023557
247146078
513367895
158262249
762878260
341396657
926173837
261898307
466453006
591500875
522366307
111571870
220568860
674958598
93043854
279736188
285236028
744258182
622949424
176455608
969730068
937678521
793952841
894105613
341750790
436977046
99198609
75320690
494768581
706573634
308066448
606815925
547872413
259799563
154009491
54073006
66481026
700555099
675426851
754906378
210917958
825004636
263997513
147654811
936646451
418194543
141400837
726857721
157636358
332388739
877352411
789847078
223526650
203356065
62630293
140473860
779352156
111891864
544218606
450376719
971827784
48373664
667669940
81430272
399354489
546714152
436952082
328328830
710315125
102245647
278836031
341099511
201687470
175682994
844957573
121034010
304996080
497535394
263155905
13885073
845733283
670101393
493641920
45650198
944437597
693515221
686772525
482594868
664121873
945685533
73980718
633865352
508007160
695110261
757860228
349607102
58045316
360639520
76045341
828407626
587207166
386626210
795892229
972771757
619656573
986478973
453284112
147429395
721897791
432511610
657232420
220733752
544244611
635439817
794720999
115552761
911169373
91717048
292958993
50864718
749411340
615677658
272367717
108637022
61545774
19234260
168760613
772168775
127424390
743411049
932889368
519524821
489584227
125379693
268640605
221028621
164435756
782604538
406075261
285113500
568163158
339180172
516754717
367770218
810919059
95012566
238011982
122413815
132921889
382321020
995689612
892431262
439004098
215200544
99506377
888924944
536991443
577512372
851410240
800467334
676833321
963864205
43108060
995350356
791830324
260369497
402466038
387380004
960548990
851289536
145092032
330137152
336152873
691967734
336483791
528477164
934296034
490940148
186300144
794937464
434692372
264613426
349386081
588130197
195646285
228326014
492385124
381679051
710146
46872156
788556645
641246528
447400913
912239679
743278987
417502435
272572293
449722738
514159493
456453922
722028501
502001990
348946840
99306527
782552539
150877295
828768779
112945260
892022537
734787399
191899430
663324771
225645028
15545710
919544508
659825949
820646627
805752482
568607209
986688127
672091137
669687465
46096334
616753148
547148784
552112040
876287391
264009328
739277112
943920490
580883149
5299040
235742229
851843284
188674289
570561305
492181597
738262714
220548581
764327421
193119751
890578897
591711687
371708071
813560089
382792143
143037824
972394826
743239885
994402759
997361766
933820001
488455767
825607045
986905293
174989366
610622177
467069967
318301864
540797546
185708918
354711469
963196040
572217991
935882999
749626112
940009679
64326370
232623073
630344040
184113265
263960528
453824935
283306809
579544340
982454389
737345435
665063606
305889148
227041693
610353787
578733965
748441021
168975822
339325229
700912974
627717211
255721362
304605146
132413256
855302598
400461317
335372468
192830012
78171536
407395717
956760835
640445157
748685421
667331110
820041842
148559343
924898537
19567968
682497637
229661794
776474270
526184815
727929939
851488460
957945132
146564694
88782063
590753048
792977630
470570976
297975308
318033892
71384206
360373411
975096478
174370312
651491607
446691264
214407165
563780367
249696037
116449891
200565152
553612845
233944775
79715425
161424
480914251
350887989
569676307
320754898
526463439
119181092
707426375
988513686
142783279
240640748
35908684
320809502
500327173
204691805
461097152
883786121
466369006
676336635
567235350
384466730
952079661
508692899
504054219
32816229
167304820
684420354
566348175
331959577
435894682
191766384
151964569
690070549
109302518
735708485
703689414
181080440
882356079
495652720
441252305
560627052
326367744
193645605
871798046
785389331
940938137
286375040
462697877
705230648
838887340
757808402
903244228
765052874
889692501
750703406
862872410
91198024
74188440
168017116
274685816
714880400
786644838
579538192
377950590
713485722
23433407
862754503
877583301
800827198
547100477
890087839
565640011
86024636
40748611
836773697
892844667
963965051
657586843
196317762
616852318
738080387
859002337
635746940
898001863
124245038
59874019
678308863
900727485
249578130
884652624
291566981
147057318
69316879
295784429
830760334
169303552
938291973
219588320
720634493
82766916
329724135
305349254
701765921
870787959
262942611
699848832
513575920
761936380
674683814
646919001
454287472
115917678
257143548
81920029
581713292
225804721
56582802
979251289
931197017
406392025
361810601
930802109
39691112
790415726
50149474
500505962
63976583
795889681
362848331
881379909
930240780
461662416
582854969
826340336
894632165
881724394
897827054
259707295
400235858
672120380
878984326
18842308
782133329
765162057
483711030
137037140
578528314
806138562
621783088
235142175
554276990
986854625
777374590
462811683
391566968
179797968
557892692
571902014
552031033
744858265
804110892
892238481
546362579
701211684
106602749
914902921
797484017
444439253
821186373
325620518
233734004
927921186
513132300
52392930
922058999
747159302
407632994
983113258
957888003
578034284
813560543
95802732
377485908
68143762
936347990
252207015
840791057
640977132
183015763
495191116
35434917
893961433
670096188
9614457
632261989
784144630
308752800
749976019
73933657
145804065
618113620
737938361
52024462
952017159
523632104
583174302
197248319
343913156
182046799
824298700
478758095
626793666
479802203
212079020
843317074
235723940
542611667
723304496
310305410
552768143
76784009
597199671
283576781
267711357
897681521
926000016
923670716
661351202
142046039
325407157
782752093
607320721
681649040
703378654
226465813
253925032
832079972
164573714
689469262
398545836
239373462
690233692
13308459
376514775
201388930
524398328
624146351
817023610
631041027
290369981
755845817
644958711
391504180
51372174
844996133
148134644
305585668
431368388
896582111
976883840
37478073
785213757
929827841
365369623
185166589
220680801
426752555
702679092
862058133
657618275
95278568
566165230
453447690
552294497
102769611
491953943
812706342
971743358
714306453
628157453
306928551
128241828
379363568
549036681
892638834
766255689
288935707
847770457
646069313
716052252
445872781
862028791
192990084
52241886
62861553
448213017
343311456
311410264
455950600
247508509
378420815
565977071
747365110
908130948
103984247
934100387
802909765
30222633
829150439
225433493
556114612
649530296
68774262
80020244
336013157
962457905
250892675
93195511
121483743
231490007
23712055
249079617
901773883
717661254
64039448
536017694
784678127
871044548
850484644
198462139
41940975
379678675
899657201
838172036
170774079
403724386
881890241
809801803
903313998
820201562
311298314
767541219
986931061
203490856
308631257
115449676
372027330
650658258
315251882
823138070
655258714
86934842
562970674
194851759
670174603
122522864
662022445
632900808
701871692
549951399
436566789
555381308
214637968
183239295
68119427
173046583
349732665
812651965
752245795
763073327
912548618
750445670
500587566
569430815
283397987
873154993
71446796
433691214
722357480
702224455
172414998
366837848
938343635
43507474
278423961
468930144
690136957
575440007
286528374
110673924
255360652
109633549
531304317
808587682
222019719
570829431
262339337
59465963
255313813
358238235
897083788
24071952
893118935
166812967
657534833
195166218
35131535
310544822
704669617
217572410
545856375
413930589
640048352
483802750
548840040
505259013
149608649
147207096
271685481
680762817
664766654
542645006
851296779
148092369
791769056
104438951
669654982
166760272
933948270
894118241
431047380
175009244
99372362
108440358
550412430
883749804
169573278
855819406
599156450
94438062
24191675
389660337
259846121
164198373
252376184
176544800
539927551
637809145
548791203
294040178
850869627
591362891
665809793
933833962
939869088
618231080
754408707
345283926
636756182
822281462
253478935
975987392
873151425
695404562
638316748
412570393
132824385
577079689
810522720
437596333
296788591
143223278
944761282
412226354
529096718
937657589
726003332
109362428
199098314
303988406
288308281
462378296
990464891
936266270
140587576
918487865
247278545
172427146
432524010
920401206
806387604
693883996
664463489
650176040
644404161
595047104
695359881
811919803
338866639
584678967
710859721
943480472
817393003
551380026
463521163
553071204
24800668
730304160
802024709
70601875
379937313
733788477
243809801
771313013
335053655
133225073
291206416
23981285
873301803
86530589
634616331
382778554
92930121
989823101
414562671
66241273
582269084
146574418
203083159
640187728
830414708
476467543
484072620
958419177
8874236
967420890
260755178
863087092
774118211
49470437
71892744
678082430
778285854
521934545
566003271
773752804
205153555
102507867
721843852
607809468
321856273
451504251
863743775
254908608
840236799
804698368
802765004
373895521
916842888
6569469
297627072
720577341
846280540
461256895
638977330
674618883
784322780
673409532
477508685
552415114
874451050
911478281
388037231
340458328
392664411
883543320
543385881
233927398
249553716
771290582
480779179
685642265
729827102
894260794
339218396
949773949
939835461
658420088
634526195
151645437
174217134
26336297
27794074
683692351
760053399
573600058
597955962
671850992
16836704
289826567
653637328
691632148
920665297
20097891
937589552
136815407
877079714
355177573
377827520
802896874
173267273
663412452
716610104
79936441
181946813
884504728
446339120
571243871
271619749
673785213
624079051
733265800
608186253
760012026
350025545
47434957
143678370
153021178
830100561
679664015
577485513
871985140
134156874
366187037
451996082
87157933
694258817
567930842
837512761
606597006
265362854
406879525
664053310
488155568
748698378
155709011
920795185
250217832
107459866
782157977
289705469
48683362
735590935
120969307
781345017
589453968
427652703
487625544
462619584
838787450
528216267
301831138
921154850
183592762
92152200
47391445
626949613
39962558
624950180
68625807
396341043
915253175
111473337
478154394
351269648
839670303
564590366
351352732
818301123
198186280
587268404
665244376
305717724
232927603
943119806
476575606
877826579
367926088
267711215
642302308
52048604
54004374
135900775
801409026
884728697
290281412
91995376
335096615
473352355
776745112
254346097
280429537
498703636
309601874
408615894
104930455
182564886
690885904
14489706
87819948
780941226
161133355
492249410
97282690
542929735
602046032
409345297
532376568
355935530
847839311
100975876
685475011
450448640
413656816
1
713143709
58605732
161188205
550090076
171431140
646762405
462812654
423824065
231488203
581579578
95655156
151935177
85087874
21285542
378304351
26083926
118296430
64718984
954422989
611760875
965733243
538265306
561745437
625901720
889637807
366119053
656572210
109612937
46188074
844561449
379120461
435623216
900004490
112082965
136795286
531479874
288840262
122450553
771208036
161097305
958552856
345158149
760813962
776558689
207539931
604852758
270928847
232131081
222676184
733980565
482611916
259475124
942238276
297911991
584280638
72179324
808871793
257115673
419232378
291198062
891956659
637535490
725468076
471647961
122090850
617364531
255136957
18694971
940321502
504646439
162160423
693684108
81138247
161678437
498856799
435243764
333860833
650128946
552510622
19878666
968380729
718107594
18404258
443439786
9758648
728428391
342247848
572685409
434362331
366386045
344697676
393632395
131645339
884217939
463840389
665978021
184764413
293092142
574989354
389488628
786230259
237429314
170358435
648908743
336922898
510940284
280529600
172834555
554890577
573517431
221078468
386422958
121019128
214715675
206311809
621789715
306739636
832298450
442390776
487091320
880588031
159178459
102282270
878437852
723360129
404576354
949925688
435956582
154773288
469985554
280595589
586866229
427200848
99653497
328351361
483458000
658553768
862207294
30343210
224428165
469403463
312546806
946444993
69248765
908134223
438710030
160224912
898895210
93780771
460089484
289031668
767863024
522376547
811167859
360015495
717475235
103532943
818177965
243582286
527640679
645008448
94138554
326074064
315683885
199144148
456717480
110517442
321314326
753667116
814559183
799532351
739413508
437098725
679544102
470037887
29106100
528814149
898550527
371469094
498977733
827933741
266917122
712338364
98022641
325852701
249564052
552448760
567841678
88304057
568239890
27655559
463110888
69614086
646011221
676554999
564196042
61078147
745422775
305057225
726569690
226521821
105174829
623319844
470328989
377663834
779915725
865393518
49180169
645775759
343656599
148474208
545922300
399893489
128666444
493293177
504947322
193628485
771204122
891281580
822263270
352507739
948468071
988251004
795642378
578997376
507472619
303922517
19448498
384895978
393176588
990236807
694097507
16939869
460506244
694839529
277088646
860099099
940203611
247730390
563960185
310327791
717756811
198386262
609652011
914739712
308978035
529427609
624633356
357558405
459183323
133870286
662732401
151071224
812493918
480805058
669962942
769966385
541332236
636028659
268562265
414792099
79010769
114168691
366025700
802882001
895777150
774411938
645955059
956443252
738336672
363242962
236955157
458621648
491219035
987532163
177775829
405793015
261806263
802317635
260090713
775049054
661912927
726705290
440459193
445755877
95014603
288909818
834467509
263397079
835365668
612912557
232796221
763414410
245794118
707101180
597854320
5586380
765854611
474591423
167192822
710592705
809809276
204952365
532335760
718915013
766889968
802100127
500599716
586323228
606329348
170921671
932687099
348716628
423913117
354985841
85587320
108947445
890955928
92656782
768387727
829439983
385817015
982144231
178211552
333388971
680278094
166606119
67551830
649142618
521413292
780356144
734904701
768010497
160057919
411170612
723755345
526443863
425038562
782826616
307827853
407540900
385741802
600178788
863133227
226615402
817042430
881269613
255577534
341884957
324111950
928380358
244488062
970871246
840869727
982834387
968684774
556162852
552530258
674293425
447826758
693792160
456443197
915149472
304163304
707831031
219750966
33553439
803371750
214465249
570827703
58245102
313026090
766325385
216040153
898832447
744367644
883369354
29614818
460163590
601300174
964646013
154637986
346413763
750219029
774590018
895640392
395335003
822808733
252149175
242302327
495449401
533587791
501854522
686026071
665229228
169881997
788780597
516657442
233484756
97396059
877424403
244106433
771553877
779461312
587186029
683076039
944974770
601394646
267838218
675578893
43560780
207598813
9850105
823365992
310581758
905233231
201465670
407251074
521555890
855565466
78317743
981899605
779251288
380082116
809961753
426633473
678261252
931375981
855939129
582581455
470257451
958449243
330534777
189291237
330733635
863422309
121130299
732748951
5948750
224399658
25276197
323532027
350765912
829528865
577911821
528493450
607427131
424870160
451148828
274176505
912186596
995078134
26841162
431710201
498264627
605281827
168761596
350914693
638805252
643777052
624696158
419594091
489566294
419117152
674884571
854849001
714266394
380751805
940609902
639861087
594018043
380366906
371191057
488455294
814937839
415570537
566393991
943397849
390686220
754602877
142151239
62324148
440395669
892993711
875867738
416707864
936496265
288896702
275369833
712256638
79330176
730972981
265873254
409354600
441686889
225564373
832087886
227270248
134533870
298990248
950652024
129879797
735091654
184049796
17710225
158249091
778344309
972368580
987875022
728964437
587683806
225951605
767170530
855153255
745542847
474024708
881925766
212790034
620389282
531743658
639933292
213711825
844751851
237758301
414702797
641413076
274003005
490637722
389807005
490951395
16652906
248728962
61976837
788422831
480591181
497039200
966035984
558534794
699756577
843931753
181798570
180491718
767177724
59366158
268102715
644935393
758183330
46582827
323854521
897220567
167240575
928662648
81276165
793118108
874114580
545670161
815910878
90187901
795949732
13871223
930614052
302282396
312349141
982846334
356839610
180945415
537331375
461233410
738854514
50281906
430513171
721997772
665997174
208637020
48581086
120509117
445868045
218102125
702147431
241141516
614222216
136768800
725995301
560985786
783585066
10045686
32918774
533247632
845471945
448488854
37184534
105611830
581857180
426071741
729266725
15551338
804986677
791249346
707344420
655607100
14434159
17403598
554122468
931476135
752837996
413669081
237911757
626722982
953320238
307297169
294238350
582793439
414621470
865444670
738731758
865276077
476292736
798337923
652863360
623595360
962108541
545437131
489108694
771506263
82993413
569993692
639644726
220151530
146458771
405090209
142564461
80220372
35624039
137910570
481021678
447639003
453718569
784552224
259988517
17071012
142790996
215915526
9752045
788869913
997227817
370031135
41622002
123239990
666463721
238738873
94364736
374304301
526237166
781515783
821411773
124566855
637200616
488629383
86770445
840037499
603676093
644783818
604849433
704818147
67825989
703781023
227908051
498837795
137628875
33911121
487714560
685811147
478723966
979828130
793984728
571565797
191172983
528818126
660957436
587362956
113332275
947459684
389328037
890909329
496309970
325157472
571590297
53061117
268679955
173554270
886515784
3156111
945856081
865918577
686672266
3014317
994603393
175645568
61855291
698117211
981316173
584937204
244630577
696393539
390983397
18605493
538947891
819008974
162954317
908035637
10843369
554028529
261821802
19491620
818454075
323578206
979192738
209352188
850272007
176322321
746765000
770561463
990204727
401663345
798227790
208022217
324019713
773261249
945600181
333465609
37942592
449330817
734764397
175462321
207077331
442568200
793599023
767750880
385106662
243149595
44291922
123863936
263386512
258784337
850624686
454406249
57206263
866614079
139978405
89283957
290016046
67515376
392117622
233580748
603480114
173682701
715576
892859084
19800065
316617517
457987446
768210352
843877783
57336906
749280606
233588936
655464116
434873683
2446758
286651412
275612995
915457715
54671613
871092215
450985347
319148231
100903104
332886707
106095716
170028380
949508334
855757922
957868364
951466593
671730446
741932065
53120860
244899491
973799908
133356133
66142429
89563598
110201949
842160666
516156405
574189023
805569506
759605511
979789248
616323885
490725056
481177073
780195233
908528996
501655768
602168681
818633964
761873223
346627604
660670487
599152030
942246591
564060354
693922423
724463180
428475242
275859057
593255677
67755944
647792681
931717364
392026405
262159350
815458858
451299088
136490888
354797467
546261383
870601436
158824475
955612685
791417044
737179967
106792840
118431351
682214503
781127813
981124529
554603177
621641917
592608044
726149207
171805002
351081996
408544162
898991864
146655313
685096488
866153843
868112130
67110920
13456223
951781856
741235088
543546142
786837115
433170334
919744294
654563039
618716005
26484354
260872399
162807944
695002763
211164830
195167598
183761331
406959903
828055199
515409981
250048700
741472901
434432274
881782986
524383700
968002691
948253186
966681328
367748990
892406889
102486029
720008025
964566785
971011495
656830370
590487366
285912529
675635737
487654960
551164717
564714504
979017610
478338804
449455197
87865242
664863540
588360680
605953051
858632986
477389380
974438085
716551107
67369821
72030481
41734397
613427814
512059182
718333036
898807458
174746600
376330827
428787764
234289286
878130365
61375940
500183913
281788667
433158550
643385583
964622707
854978175
548071866
618716803
231129122
413404768
846510215
711897976
303579491
469913815
714547138
261223430
393152709
493049431
879039418
722559275
876029345
601343794
884588630
54577098
362383950
159063065
740370964
253103547
780931026
837450331
386766642
623122896
438154990
661187732
955334739
827148172
756930271
988610204
195455023
396163280
585793294
262222071
329207768
211871624
99655717
996024596
153387152
126306914
424461318
870461728
869063072
291678751
196580793
244531363
301342960
277361469
369906902
119805716
226524746
213616771
657515444
727328006
593539122
482453565
744760996
343018107
888294968
270082069
205813112
171428900
317445741
471148505
193865722
714035542
211022456
294878502
681774704
240344431
273968885
774951415
544045398
825032807
793576207
856364870
255178494
602365903
665062355
953417604
615590163
756533938
571408447
668152686
168267432
599766580
391113958
846949469
527051867
433278712
106373667
51137247
401204810
806727924
270248609
584912894
77158826
813380527
248020811
201753955
718511523
474103227
577613066
521158192
621037658
539613832
304092638
618369080
850037845
132602207
657452923
938642315
286466064
860536080
209949533
586374145
929063941
355544514
655602619
681452567
429181857
349074957
940341170
319286199
612333072
275093475
379345457
23132594
804587471
526624888
755686046
379214256
30727165
640025952
112060584
342232312
52584561
920187896
907921049
417902707
914878487
448031020
237528432
260512397
272708303
528617667
364287468
236956982
533177009
940642315
576525575
409223908
973528377
456847267
368771408
903328848
805571238
65724617
475439636
162790968
499337172
219183345
967724200
620848384
270607917
455781604
580797483
83414463
552419558
136573729
827585859
526551039
521944272
581970708
534609570
422495354
745064063
988219100
537319212
148785814
365881327
429132447
824558956
566480055
964296594
846240936
186090347
51562523
247145223
639048853
151888663
610886705
302153959
654190553
870735237
539384122
574234171
866455568
815593660
870769630
496516316
94052669
685449833
379390958
291763237
604658648
31010400
234400364
841432975
930192009
557868811
129893847
698861603
426175840
683044856
498409245
150336165
675142694
870238972
859713030
472325203
748425939
984910426
220738453
161809305
812591577
987795844
51100195
494802960
652792484
950917021
808783366
966246510
473334260
56502759
276285081
131627110
850615812
486044501
497977425
871084088
405474483
502398619
327031303
449583608
530000364
424230945
810360824
86303098
684077064
940254390
577754907
577069354
397731074
89062661
315598049
711878583
391656351
859081209
535930150
408421682
620977014
316025747
608236880
64614994
283013095
877144672
990610311
541719311
181935364
667935880
961706811
907418314
783837344
824222268
641046696
221320495
693347572
624897032
919077325
733998835
852720745
314518711
208642875
969773024
946519768
8382319
604769370
958341536
755494885
944049877
311752417
213225775
108247830
481088929
175104911
258963928
737248599
200668403
212575408
987292434
807325481
4612464
801766475
510125625
75749408
537138126
344200798
81176917
635275625
358239705
897523507
407822410
863950302
521962284
197168286
684058373
795068938
645344881
588602495
710978835
683108841
229696598
339074551
539396036
720313197
427661385
840257848
527017490
819403377
891894999
516689696
737306469
127383773
626643503
541310297
532397307
591602372
423238168
900912702
807162280
723796166
209266188
705116259
105737742
640177160
207396995
883576957
311016587
985457333
26566180
357612195
959304108
976397589
413893860
409186931
751888627
522181774
197661375
90159694
220522963
787091145
825447929
777324112
727958095
234379458
340312847
235514086
980809583
182316300
935890619
440705883
566607405
407890365
479855662
784727727
291265985
475525496
94379434
389512793
723181584
257794545
328699404
428329021
381135214
109468215
418250651
851655847
119868511
556897226
750636374
955714848
205981411
653590188
650455565
904807729
907802048
514514233
579147167
559917277
77330876
473909552
132008347
896681098
962025399
773302247
785604327
508641290
838909151
788953984
986248597
241817053
123953052
918325718
579718320
556560125
903499860
238995818
578218980
913123063
716689195
627831967
198901853
822058269
736747486
641193305
583003083
139616002
213661566
282970994
785033553
579509549
887128935
244702636
676669135
460159094
10757227
633596213
376749025
667401392
707478920
601874733
455280490
921139478
605148135
538518488
182386904
168797031
880087304
179302472
881233023
861082572
851399770
528922388
155516487
773105109
139457597
736456162
929716232
774222410
763791838
913471712
559367796
445316078
37298959
699794704
900987155
376123517
606810593
424563017
438841523
914431384
278710806
586449547
70674652
611615647
454412673
732803357
87882407
320104721
985929089
845986416
92960479
77512471
812883943
750939292
124915131
613975365
286643128
280039027
432922907
238920234
879599416
300589820
727992918
500383336
330786400
605096819
535778702
87781477
285719091
957458058
311624989
11696637
166428331
353766346
13045049
862092892
213449647
862351639
555082369
321435395
380204594
205798899
985767399
455567045
643371776
530341100
478745416
483115438
378348683
575006010
644975831
959614980
808151000
800436026
629390346
633728841
377388017
127600651
670290525
96876988
394877973
960320905
340406302
623614198
267455256
829792591
407945541
167299633
833061249
367922826
171336278
636253074
128238746
210734003
897443627
687881471
771530625
296627899
521387866
347972348
923094914
546605759
508368190
440080115
858162742
657224617
475635945
942438786
247225774
63840259
422329415
127487483
66899355
686475833
374737064
401901632
833309189
893836911
750030274
770573331
594746887
322788495
131550831
507876889
561698508
250988132
652038693
778510023
883595109
781131201
436833360
477673183
753357320
560310304
861369906
682751936
358285858
858970878
622882562
463036102
755578899
804923217
582233502
97080145
981030175
974552237
238288832
845713177
674519247
430924011
720766903
618946952
839139242
541481981
158854690
501044880
674135797
166006702
158915841
341924118
651086357
651790566
450573337
193181019
491724760
887516629
196200137
998080683
109656951
198064672
938829368
648085988
164451396
824624148
74236842
355620675
385191108
171678473
120052472
912852491
357963971
720268202
214934195
468829292
418904881
905227553
581233411
239473004
282026477
114432554
329144798
860504158
280260698
133033495
156868179
345971691
734579793
288450756
978679713
34119647
743093126
660141736
317794442
953648812
930489552
357756610
144985004
634582795
499633202
578214014
162223630
703720831
988273269
150523093
520478587
197563251
394190094
494215937
378715448
292291895
200007459
210874059
631157292
870572797
468842821
21864018
161315075
323151839
551446826
347155090
422226319
487682006
971028409
855219383
262423924
667628784
762904863
703653487
813495900
773235339
474871645
731631669
222223257
685778479
719117614
943605356
76332934
234273333
102447432
269948667
629110384
88310090
773631994
775206958
625718398
440398407
919349143
251189962
534680774
665521242
122735481
655238938
723468923
632266718
722868917
865152531
295437311
407325973
198448027
137817112
458403735
14735697
544106905
430827522
613907939
551654070
390839702
607372614
720057850
243933925
771806393
764838391
244870874
882076819
578770552
958417362
289447388
681945734
401374263
968321745
359067530
361431698
801589118
236430259
85676383
859269597
152684072
322106009
922943827
152482974
850926952
624960893
684807410
670540372
439468965
900385012
806552752
640408274
591629112
667816868
316660384
592820254
404911442
791890808
862320549
820748776
139307316
406309346
777504804
910599062
501202222
735202495
136838005
520408559
253111669
996767576
616710899
800173520
80284405
408366905
63721194
466074723
339327338
541091230
41387098
460445089
937901297
686108645
940856762
542672663
163649052
748900091
654217781
648692004
77081497
735129227
751528507
141206219
332175370
640432565
773760038
673017385
938361049
860907915
278353112
668957805
483639364
780871422
914159552
744215671
532518300
863040871
701012032
534290027
50102496
611693449
579423573
937600042
305362925
75167974
119496475
471677043
237261655
201192124
886466917
132305177
393117876
629359877
277254960
453196903
275386462
683281204
220056228
165928491
871850711
971494088
961025375
679213473
32694951
802927419
672840316
344525424
503882733
305013799
114291651
182978112
783968325
231830903
592866584
869948437
696095777
633073980
971634670
465787838
418106706
812648002
81441797
482888089
556041000
911579179
58655337
817818052
911794396
490831893
477653466
239629615
593998643
195898422
990281946
858772371
382309410
444513843
107451688
469237789
487757122
617049502
70418983
467935104
695182992
981551738
992740271
803233017
124187876
534854372
559807106
43442105
144486036
465553659
576040889
568441307
948413008
784754576
794615001
372401525
460720247
927559468
2730578
117206069
986848846
353152912
346771278
709305712
975499411
851580617
526402657
372012257
652055219
204540580
98896534
178728429
377641093
854830421
561381275
759050205
258499568
776996396
793241762
703509650
886366627
68926991
356225145
810627253
635055410
982557152
635739651
384928803
891015873
851826465
966744256
264816999
246163717
286612181
826826194
60488688
178366468
17972028
594640778
401184595
291271282
949838405
531343288
794739107
248140933
502857355
428840139
996635617
248721391
458098098
228683049
364935343
980190464
791055334
672586057
928050267
550624316
553542463
48942975
902103568
235930856
991884354
443249268
205958395
52283926
794742974
256960265
758550687
656521384
794509321
414622405
457787175
506886629
721551890
635410575
299466765
394829616
890341214
310475035
677215143
737131019
702797620
180011750
52267184
427173464
535902535
632145822
629951746
857408251
847756949
249880124
218075705
872031701
31113077
375044524
159147530
908376935
343752713
885175639
673424874
134114402
10486918
469235914
922948124
551191956
744569396
910522004
366097036
967233100
824606804
905391563
996887872
723677745
507114300
713507631
793260108
969984891
93679905
423911947
891034690
398193127
657559713
841675133
633391959
99674612
728602888
124589813
190059229
630735771
259202988
778678144
603961711
682288365
509727670
934587363
348965545
572927075
991731239
56577274
41831026
728294791
725358050
444554070
620949186
365991945
146505488
989083411
809385386
979072528
320494462
415261535
268591620
256368436
275690717
279251702
544198739
416638173
81929357
523142813
966845203
577580782
80420612
146817988
89899637
716437676
413689782
108598587
585245030
590140089
169502128
799657424
643856651
85525021
601499091
977148643
640666444
676344533
943306349
109609574
51923156
802085027
317636431
831199968
366362597
606370128
423360661
656159031
976485779
429103532
860075827
339408217
378873918
852386080
379048173
731946703
650900024
664415118
76229157
326824401
447780542
60237767
250691183
815694519
911591004
1326686
654819013
266889141
898521012
925511094
367626268
768986423
190359262
58301362
236146128
118730973
54415929
160980767
687222631
135088238
660442642
80098937
986250919
863554117
911350446
352049503
395385374
749430830
255273869
327366179
807499760
476263895
486035974
567967213
863806622
694862918
957470629
885979672
712873585
612423702
381453768
134995840
720194300
420685413
214916521
862480240
246287951
264212181
126722403
41750623
295865257
216618808
905776565
767451366
496534440
693880605
255892181
931363200
914105574
612542343
341981103
665097423
905946958
71652531
281050250
551048376
641147604
271388250
976368252
826623376
650339763
474555472
320103514
199609882
940295791
145741407
279922351
769421031
309612874
177088783
47060816
461793442
259066612
895040242
120844487
879050203
964592289
144485266
753464994
198544277
3802226
759843930
767235826
975067465
903501875
680565018
642005067
926043406
353139529
241886474
258440521
519844438
382137542
826530658
536947822
887856184
809433499
264579699
318528596
213617351
81042898
913103830
370158983
529502931
684120944
290428029
758417709
742918222
77810504
450004139
475257429
957610365
876296577
252694367
628882458
4708562
551072182
700272069
607016466
224818637
335920744
650281014
589987619
641081451
458053423
647813476
732359716
709433718
316226360
169388595
392640835
619388967
976813300
952193411
935565475
341173993
638817004
293409472
102375955
559534770
995440015
387489944
452418138
522494442
797255328
258276037
656689011
328653969
231075672
526073260
91098298
994591548
224351616
937603577
18568118
93903308
523333010
994323982
918350921
51812538
305994121
799121288
399439634
465143433
921325547
403372757
180911287
765912754
642399651
801037414
387788993
190010750
887039228
995791501
552434484
252925362
558694112
352204407
882928987
577284591
794886905
943460566
781630272
893363023
261121914
355534720
397273695
353285314
430731292
553277617
632963390
188086785
431796364
892446913
590979525
99275910
297970836
542102965
291477611
806307525
13179369
658623004
638990100
412468002
864315523
163787816
973012578
883886634
588042523
655252156
347801317
134882266
202669845
248619759
224284184
3611388
4355285
816035308
953537799
262481899
109864916
448749112
523578921
414221015
94907200
250791438
386075457
324653564
967377828
953409023
754266220
298398695
342946061
677760398
762628778
311437636
194276624
481860931
430799686
497234293
364880866
723976893
74570448
776403642
655852865
953505528
421852830
879312576
802377765
498224358
753825149
445760774
292936315
424574221
60847682
883348004
861651221
610684197
516661728
690104228
14843515
162872654
776449093
759099235
558689313
872835250
413002484
676200536
124015588
845833048
206343285
168559044
548267557
531096774
179848219
462793058
408569675
812362732
13238921
873798622
646331392
275796641
441067403
361205801
239930742
55628499
901990078
526181592
687242707
762607983
176982260
133656419
774406452
867838273
934536437
41701241
780677802
464231124
131823210
780735533
491177274
731825605
970366086
988769084
862144546
764548547
121622462
754979576
452399394
76307646
602646082
722399694
456911161
187420135
304053952
675499722
806415935
345503072
380328504
218693760
831764460
146432456
716020745
695011330
252873170
274063864
570849436
555370658
92927003
654459064
945562195
162041765
886245639
187843789
633399224
990836502
567836095
927135791
664713957
851463526
49948906
97376578
642456989
517182592
828580163
436395030
415792359
186510375
24628060
952860665
974331901
714860018
745000605
137960735
972861240
623950714
597153504
19230122
535522699
398746717
759698339
96716427
218889702
607333058
741620536
876228713
100494120
312667894
334278367
180021180
49289329
648396555
449269266
855306171
156512301
741301642
184910659
977553434
134694308
390634267
837244971
192965211
135609597
261176534
947052388
577341594
24912872
409504492
58811980
987652818
339996556
335455238
181606032
548741328
593783940
947996467
233817029
370340076
277252690
983803491
816193068
293487989
109722922
657568062
385549458
426730858
935592154
986131979
530001585
636052701
248604692
831415112
49280386
419526025
637171185
920328973
798366106
286595006
955579097
976474441
500029262
223979595
365004659
339712544
49866622
447255787
179926234
654024516
935533844
647351041
588232962
86806117
299240525
559460637
450567637
751416204
288977563
901038022
395605408
213502271
462707354
480921768
514220940
657935931
317748838
35016169
183822663
959761350
359396217
447398946
553539895
737128293
831876722
629898621
812463854
267893882
84580727
334178431
896774168
464390172
138469914
680405575
566812013
650773318
52143182
370850549
267038750
954465093
111008082
852788936
84877439
613447420
49562468
756006071
814322386
364572023
277112226
560666975
627877145
331362015
78182911
596504413
701541548
254698443
66184956
71299473
763538671
129223150
441716125
327100174
962039869
384865438
778631427
261780552
526604448
760302760
759958937
485881958
233190928
4139085
156648290
528287927
828080729
926874846
778193715
587322826
664335342
533437826
130062491
353005415
949463769
821532059
227116895
483003493
88141923
822679945
474960107
991740571
95996787
273140843
969490784
432092817
83061647
922237956
785931936
953808403
748308292
860570429
71292448
503036986
608725835
237008841
794751357
352572753
709390755
465841183
580614269
946532041
471720302
993062397
514348435
13751992
87183186
199337959
351996711
459501964
720718709
193018336
304036850
94159059
81338875
759917871
439333530
902667261
316490639
417723967
897285003
696501579
82846950
882028508
40791973
727728445
852315547
915033195
184743428
339390137
87924180
950083811
798894677
47184196
151474784
900168882
387988595
928162098
96700310
224160024
319922148
210806838
640066892
139590499
592632620
139965927
206030073
552351062
94755131
964784006
744025585
385084418
495916710
528751029
329685621
175413653
549457612
483948109
420277435
492563837
297357048
785160238
834105072
61846727
528944451
547790649
592875453
525222236
760290864
72926224
110066595
332581881
875033049
938314617
460119688
960444687
608489370
759473972
98055319
639122648
755580746
527037273
91115377
628483830
667297548
435429388
551110730
566238554
355365772
64788710
983832513
140655462
456161472
357033232
197853727
678165663
38499249
882506196
885672488
486775299
397804767
542560301
844598050
887117450
496457114
236775673
842476473
115794647
549808807
531723988
980072071
43942079
758050868
542846199
399204887
932989988
156041368
658225362
668414373
900603863
979322317
540481065
134761155
772740
63380310
286984992
942993184
954684673
751681047
272159381
529716306
913798934
452784421
792388026
14866148
643031919
147457677
411683161
521941363
309749177
367251390
458146198
212104827
282334252
800274851
506541637
968146820
290004292
776215614
992597651
561858498
409094224
572346122
505782660
26136780
807709138
906356704
774571480
518566133
922307726
457681434
498134213
621216479
868342322
379002558
991443913
887192453
287297600
717151612
680016401
70015922
397009088
799146981
993369755
380734671
737285839
31962908
246229653
624638098
313414885
702031549
54459056
377679778
663812563
706369617
970322853
521101601
719630905
994611180
475281532
706798645
559134789
182222047
268860745
995449629
870467093
979104513
149778467
210432410
110284475
578785738
640690601
693107169
369044831
804957372
592137145
335357325
843087982
60382436
941815068
140740707
975894536
132623024
786307365
151440762
696474092
471285138
881138702
48372287
252098037
830440211
554189946
15394095
992092566
425098000
66419391
216173695
370041717
705761331
822351913
493957822
828262271
731875257
450594898
434085429
716343095
917086465
5007973
399463662
464378716
865153891
997079982
204014594
630936648
213706424
170206726
53186149
41170490
60913233
244148488
293404714
636894182
968288485
866144539
984982712
353759481
75427498
769229235
656479163
641973027
487356646
314088939
105389261
509697988
361468912
323461416
167545522
597619621
470408779
171640017
672429583
489823378
581710959
837936550
793566527
207979227
424563104
720321047
978129557
104837428
491467398
395367436
954439998
210571816
420032441
830133964
242484551
629950254
363990806
660281519
740289724
617689525
421862082
4723349
902520659
90285173
968039997
265117412
7040448
993193233
112040050
878253691
958867614
111940502
551696710
616248054
972679063
837386030
256113176
65900335
443464303
482949977
361334599
349518851
395610583
523735322
678677463
944158686
427745050
956668066
846562782
302727170
40531277
309365180
177578642
325047300
70006353
360168967
251245357
405307983
362968924
726478479
462864355
211723119
74290614
230588350
507840296
702000672
387772860
663614035
483641600
616326912
489823693
638534900
78600093
12490889
99904163
555285733
324610086
103321130
364655592
224812405
154968240
69284107
733289645
536511785
184680071
600518656
636032644
726575840
232961589
285484169
913107457
287122873
874173414
738869119
372617199
349431286
360703416
368451850
322777667
136132716
677242902
646419079
428827602
345436178
528990935
351613220
85212749
347089327
265664577
328873176
487113783
219991570
474921838
53736019
441328989
26973753
802147440
24802232
896304797
295951083
876240310
549496947
613913340
221321457
403532845
950555507
414534049
666608262
227023801
555379720
120369377
449248112
690397032
582689573
105773525
429088101
186136011
783736652
711118899
230979088
619045094
403459316
203424844
884822751
993027675
851803891
800288719
858936596
597351270
943846569
746417131
985221305
887805067
61414325
113346601
543075769
422791853
535384295
741446663
48466859
259039343
458536356
440459085
834780456
300406439
521607979
161273947
474969541
641296360
758524749
467426020
587561300
364774328
302527753
808199177
326190979
391384392
332597068
602160086
237867289
36827937
98433788
687359212
734773084
161094529
622992097
163383071
916473377
175536768
258353934
791938318
688319061
627813643
405853353
848644775
65052970
472218083
934885382
373041928
744829504
756719811
43480887
621958780
924923354
420710604
53945039
121061948
694286505
842023255
229876512
441615578
544922224
15646279
997677120
121431509
81218648
556787262
330432495
995804535
325562106
587514178
630730427
286722221
463628027
449845855
50918876
69035011
542873995
890697989
609895759
806899289
756437641
659918761
268332219
811935561
735453092
146987801
810614743
516972370
857029864
678727842
454894587
996475319
208508723
882637605
266804722
874237388
106991361
978240840
553336009
190740746
680056039
107799897
168435619
194332244
206203376
335165056
807780236
682981701
415878611
303915978
301201553
426986818
604383936
392682675
212335253
635390901
744659032
862116965
201506676
330831636
953049600
4089390
842821606
93931287
220038571
510785834
397691126
109387659
986649378
952975654
402128366
138023342
19288826
138513222
370144165
520024432
959536430
741304401
181749065
509294650
860938057
764460999
70124016
98770638
222691080
368369809
157832222
467477731
209056550
630353237
659001252
956350397
737652747
974938633
911597494
618664473
353124944
858770688
114389975
104968361
154135351
606165773
468467760
19614363
119070901
762658743
664348335
747851139
263790793
110733892
923428357
523135833
22746098
302293343
604925831
497284627
978632237
707927507
518242650
908181322
448500004
573462861
952603742
697838918
123303805
850453619
48245010
401706785
146065981
398119544
83837405
600476021
418615888
934577251
424495689
101977263
739980927
622776474
575760574
884333764
602931311
121521024
479665123
498020669
61164210
141393970
828398787
953132744
317841295
483449852
742612708
591542158
925735035
851588496
478125113
836520409
674836294
938222952
449204482
474881869
260879994
966508468
483574788
616858563
540602073
821403645
374904370
169406388
187999837
668513254
408738215
207701134
884214831
545523474
302826898
882998442
756781913
162626271
208817514
742597121
95598741
323639758
7214691
946187115
113975185
670883983
26132168
670387961
189299749
585041328
245471667
696781674
406352990
77893734
342264213
728022610
468006064
411477943
263427710
508509943
136298640
659677808
147991986
268897483
894816528
931456081
229762933
412626191
707102016
720194510
522347508
814646686
596905164
262509079
983434569
903920112
646005679
306333710
869968984
622190232
715836024
590083153
150654053
691273024
102007213
394061197
467615142
948863583
224372750
149925648
882176735
531638962
934735278
659632209
478350793
909860865
773436409
11499017
798160231
898002775
390170927
441411196
689771149
452496432
582181071
667944481
871724902
246462394
519664643
615424412
740514393
32595555
174923698
243438333
728141198
566868090
373493068
769371260
654708131
803654429
562675859
983852365
461882299
146336296
224109184
23847472
110553004
899292670
604949611
907702485
410595014
374544837
854557148
585182473
305470058
541619198
575083689
174071289
590839877
974226547
713216759
407216558
718169734
61176779
287809179
708946208
836690205
508349978
890612208
988206120
540811983
89725897
399643297
756881749
857728292
880495807
298412009
264609391
958960214
66918724
530661227
400734372
849719750
51555277
21090227
598829147
892290429
707579432
296710783
963677574
225972655
774180263
550205083
220619721
398018991
694648605
265798139
885110538
754691688
206792356
801040004
276932013
813427309
256234474
902997939
265216834
192257039
876406139
60983133
114533
682866574
425737799
508424431
425149776
426284173
207750240
449907887
913762599
69340843
868882336
217893198
258188786
948140900
610997682
173259317
294758003
516124047
321964399
676480728
389389227
236037495
95096213
71657947
211261327
555308451
509651204
21178817
720811180
239792775
891065890
488460943
360891421
135759407
168997196
966625041
504366548
68820510
797945208
924366279
275951764
806465334
900800340
434332318
288241870
172301406
460639035
25302784
432607338
621320745
442829156
85970161
880151572
497152581
153504556
902781405
246714369
695522329
720475951
279947296
56588626
595186182
128514929
354985746
498556307
208532569
967680194
435631831
994136351
479915642
984472669
101172393
226866555
485747907
29060915
933388362
638741042
871569757
858783508
813188785
439260653
231961144
347019094
290892684
697659578
250156826
822324817
861545211
379293551
617453141
673017385
456421719
760125001
330184185
765369141
880040170
732136320
241744475
250984883
772732356
60238599
60346391
421336725
670370813
135605993
270272574
210201434
898358604
923990711
461452198
91395298
583331965
879403420
819284259
830611948
699773676
875042558
934872817
715825695
347142167
347408585
509696650
523895027
260764013
180620305
949193061
733908857
750190223
435828373
168177339
297662107
518530519
402732882
485911168
165293903
166026784
526491845
110014182
140607063
45399185
654235494
190053980
162928985
641988634
89039834
744526152
726711827
340964563
569282243
199007987
750337840
507403012
372757302
971934784
863921041
167256506
83065669
685451071
502167623
20671799
942318174
518115070
565480137
616255852
841666631
7186954
304956875
469398893
638924763
642766845
265625952
361944212
176602971
265003319
885344539
427499499
125582181
359929961
68974331
