821296511
193369471
869843425
895702076
821472279
493663913
671664549
585382008
354576813
864152559
130483184
854076107
916816635
829379969
148440977
240089368
490468149
320316925
960152358
768289938
426691273
42177782
578970914
12471125
249080299
630154165
475806275
879643057
663917083
874304712
939331328
299264561
822939167
247158085
285293327
347184902
781989518
246217724
833057550
469469906
347886045
912210667
504311567
640321287
197573840
50193808
104875102
491730247
540660286
266495662
525413287
774391773
539911263
345291750
960041247
750386986
858530407
723266855
551752869
322496876
556548272
968756860
186396682
954906454
504876320
906762716
718153969
440194121
325699870
896218845
973026008
336077081
348391655
166802119
279226470
811898489
922051595
587828985
723831024
68720071
850897739
206474223
713551722
86973092
503330861
534056159
470193754
124459537
920598696
926997572
855958104
922333189
248867497
960269763
241339645
502523409
682759327
17615889
9897296
802179300
873506631
921752539
724226554
712602039
851482787
273363655
393475907
877602951
428677731
353021026
7493405
137378864
53977847
856537735
843317649
654707048
201705266
30718412
419396547
698996731
528140853
88370891
728871218
942259938
748423734
239857574
331907715
184161947
957642973
827014799
868873569
865441354
372034095
236236394
337142594
459462378
16063834
573051264
914516113
89538165
935888727
600078474
416410629
582342712
849147887
482004744
310607488
644302701
397000914
951864329
187545126
551627373
785805372
296534001
60757517
848831082
4447136
40031789
788048769
625548418
980348500
452204329
736477078
558796762
396334028
873712472
422403150
282559983
9580238
820019523
650597225
758825437
565583548
355240995
878864798
416967091
509402313
960346084
182959320
530360531
185228336
146576150
291254341
455633232
496598712
908275802
366751753
440942525
687697365
566013788
390863331
140292090
261809085
965820106
415462042
712182400
432127740
981609108
398565150
14866175
949475902
843192217
34578675
185533802
732387683
623846880
159137392
646435545
421163369
14818889
406204978
214622360
579187960
655262514
737013369
28365875
283585881
422543979
6035140
931392119
552892673
63341
374042050
698620887
342413657
441400566
71133230
304693745
922736861
639580769
653377127
538513344
875222666
799053545
272658966
634242845
517068144
128039257
403446972
933839124
693050894
452601816
320149359
891125964
668715516
731342303
445100065
784315356
94333168
305317424
429667023
187407116
149774717
206750790
154614720
894650589
886508532
880420340
310999871
598812603
98953110
914241128
13034248
625250760
935583494
352614650
868011579
715186368
215473004
556860272
269558680
402886086
76105632
121520433
44718590
676265366
785416927
783695845
278382374
217918950
617658779
519372804
100948037
526486065
30267299
821118688
939993405
162115598
266040631
686351731
373784602
650118845
1034527
98761229
991372258
676002426
861440031
939471915
451422594
356162570
39106730
882149068
81132287
770845607
466629531
391215995
737203290
726228611
904623434
119226258
717014322
337171944
288206932
349060614
668745880
560075464
969842897
986994428
397175785
105872448
577491251
260542927
242034773
214715832
915224687
398912537
915883925
544643290
739526170
605722510
400408618
594238941
168447166
344252869
622613846
619269911
233511231
264852295
914651250
98369295
154785494
600625921
125709934
153848389
959333056
906088041
174790332
730881820
194884480
711888905
8159597
730002101
410405625
408857848
929311029
146178548
78682345
882423548
788820930
251016400
476593853
815270154
589494291
884511491
44192016
920941652
793523780
342042028
5456260
233536218
35768420
413972495
411669455
836494592
793216392
724724310
145133627
495117284
293591465
883069630
109194818
66678479
884892111
595087951
284166183
537602532
428009188
567849769
884148673
236381196
858876315
355662198
798744
993431761
265755771
452575912
659624604
173245071
755801641
414867537
191937895
527602447
544313443
986119117
532146407
935835852
188422585
197952463
661751128
414971103
944678401
736478603
905863812
514337846
375406367
275366952
441200626
548074534
382784330
361145026
356798573
232928002
327267770
352769977
585072241
601146187
813035057
226398439
656329092
313180118
504985993
566657528
246741996
981017267
684694378
961406978
203934394
490539578
754529027
994973425
692054217
176694749
1260801
610249250
128754650
663004914
82281517
41705132
71107965
823386212
888842987
796173525
299699439
687996882
399627949
518697662
922113331
132688556
556452178
969346994
512309257
564551873
576705048
500453850
216279305
886592821
88704873
744668774
471432572
357792695
370005350
665815444
549000692
134490011
452230760
248633689
195752916
542938581
195933546
477644162
533923141
314340325
44686423
141036503
576169885
41622637
861435962
379055852
827147269
16446963
732305122
768206591
553422599
597428786
98343587
31907650
820602041
250936131
545426652
110964487
123575872
91839192
97894157
978632704
990946489
91228773
9359009
932404340
55329821
413632558
692517536
538781505
402464962
366724849
852056016
980926570
642246716
658760417
829385383
248112741
374373589
477936441
267504107
734655789
215445255
47833832
129139046
754767000
734118831
71418559
137461291
167530276
791477413
885625465
850689650
101051988
914333416
119190794
619411963
185886673
367135358
719228689
829983689
136017610
110627809
890812386
379551991
381932150
138608280
211378800
55165388
168347188
685951294
440435585
864613065
158268321
493360793
186341301
205936372
424652057
524713716
658699928
260154075
888622950
489209273
357240138
820442823
580575490
209681815
353408052
232476890
538274540
764861051
646112932
775518055
932883743
809682932
88462640
65609685
476513846
761979896
93376166
977463795
278258770
940153
575832317
487681072
507002564
106496284
322764146
579003243
631576036
648516078
928182194
9175394
30075638
706949012
948409139
136781677
266980679
1888780
369451803
101859581
699981925
821103660
898387389
480502865
569137245
45025024
847013778
358296716
438957301
453442403
578514677
159318426
616340401
301714979
695000999
148839302
54779808
469769000
479263375
499140472
879869683
439693767
435119690
793196199
192797279
422156884
965204560
534605338
701722014
436841574
78813513
583661886
140334616
703193424
726296516
220021394
117556631
585219948
603940564
962940323
42899324
852665887
837043208
724393526
923199984
954965572
263848497
719384238
837094726
939218391
575457026
747752835
7400520
766143461
852565090
737777424
317031015
697915356
69261051
12297401
330975737
350703199
928739979
518340853
818948934
509982852
767958344
973501781
646719254
817704218
98343549
929225150
247858048
90079531
131621310
217175573
643656829
311571210
929124998
783151974
532732608
467746826
695973411
864436031
913076372
492073443
737520178
657125378
273337414
170911086
259696760
48833895
922539908
552255503
274427689
190385737
332304123
182893022
577734043
706102278
234984596
423566914
243113103
655417422
774328713
204526257
39517130
453581179
397899318
825711186
937251669
897874253
767715750
995027013
729828878
569877105
191862732
187303804
578625312
590471638
241521104
986478510
607560660
128848122
533208790
485649796
621273237
958925503
750617010
471320708
771934907
178552841
785193048
618286687
789660167
988272452
432927697
168597050
932335091
115064555
2952443
556186861
134528239
90113691
113488124
932485664
779224768
623445161
125646530
3429852
624560400
165747749
228230917
295202919
773881847
855397137
301996270
598996386
124757396
25239825
637537890
676275065
802294230
538202690
106436358
654111665
296618781
379612052
717341705
493160132
508907994
928191071
228855634
597155938
589179695
453491637
340720471
615885019
768723888
45904951
517689394
651827693
792570907
804243615
942284082
508741621
945036743
960909893
686193714
786081104
503433335
89395527
508371632
317128834
141908080
215232092
221347896
509969087
972359788
682641220
979822059
108761653
140389350
850870891
322354932
654482254
453434519
949091427
629343533
323861415
615686111
4560335
942596449
798923504
931351324
214236128
14302341
337403493
764994847
977710720
364428844
270608089
552097907
428402851
572566616
692200278
351410856
639717687
327864543
732601048
874063797
36516765
371474035
665093043
134922008
781307766
845956052
307447315
787288061
985469021
378850903
977834342
154781305
428561383
146286524
193361202
491676418
949948559
878857165
485300754
186790283
871800120
156685623
686439828
501893906
448269421
671808685
89908389
518130760
651651250
513015007
938569007
432848808
688020145
657157676
407153912
673050132
447728111
397735329
724123578
17198233
508148905
758575507
490060674
498258186
31108018
560404504
950769375
732867454
435771138
387759388
833061497
146467964
347429474
302906462
126160272
896324004
921932754
694744151
600508106
829148992
880048575
160811357
299746181
300041351
784208022
205547864
599976097
273494534
255999185
832024398
800487346
344299656
753539868
469050794
775685617
983238631
718351346
387550058
786282946
774221822
976468573
448936728
35334843
282615053
179808255
591595039
598343790
182378789
834256092
759352608
578396224
570777143
96336737
862453981
580664591
760748482
905713016
381784256
252222143
394309649
254929886
256430634
584970406
201136290
440112316
539490271
438275494
219758169
848543620
473761399
266263440
768472410
155063988
92060613
357038033
330427578
998211213
406519491
58508540
129458865
364943066
765891392
331616144
587033481
392868672
980032400
81222767
89673253
524712165
758587113
768536846
648103232
416193932
313801250
429287726
940259936
103521359
366372726
358347271
895642797
668810119
158319381
749091721
956613050
11416673
276181474
639287464
531589911
291465958
836594813
416091136
763789560
583041323
976960062
63896671
272357163
542905770
564127328
977739170
687049035
877929851
496267831
176436976
102510049
819791538
458238299
134025734
815761990
69646988
495864509
196428821
124218848
129047051
159389716
782895027
344467396
915189770
986790029
765174456
747836579
559938681
87966974
215570633
782674321
923615622
444859406
279776556
325156483
675567445
517136680
900065272
680115168
542068427
675010124
660713068
321898932
445237431
945030715
751106639
744070463
165980689
207937564
844111051
157285189
603827895
883123041
386105753
145408265
392980647
986824848
475777479
479780504
681502410
96295969
607418296
827078291
532250452
49336268
44097124
755884271
75638424
996169491
236841200
585717322
801623700
129771740
569921167
653473737
353080782
545726294
759166126
735723278
284338629
474897590
502106544
578166054
747864902
509263138
163239501
806699094
180630485
796209264
60793665
100746238
40403210
291996092
854933435
230746432
230057108
109061919
967656182
255279863
953934794
368228550
286817687
646221921
379619732
74414540
37318028
972355103
129858317
976387485
623489229
583528038
103092001
122397856
911708450
511192983
755965569
521445921
144380491
59756759
398471542
370815044
769336672
782417677
195606440
302478038
811216959
378531175
769978250
171146079
10750203
271989394
559768673
264968587
126336878
216376600
231393110
965241218
933155106
56804894
903479392
592867926
275818358
124201293
454677076
73398185
869493751
923099005
342311698
126780458
295099913
11107519
405790061
344378558
485549997
959717614
388344393
107756307
626510030
889977531
892792976
316886466
529619985
844595545
515851274
649321399
760175318
157342462
739966701
671559593
343111331
693400122
301270397
751934976
416194160
70884964
166889971
930606505
474520295
839454088
356117904
205411199
742275742
146422226
710836747
795910761
524645522
801819189
26405215
617226077
615875730
19202717
68570253
27273812
850662084
232700696
422608388
961774240
21373921
617284387
804679497
715388272
749199472
868811870
800406603
766476644
587366090
159594769
716799819
71834202
303402288
419892774
592897708
343490096
262334792
294554439
422183866
547178229
483080455
832002926
580144534
37320741
534080008
741997191
787554877
421080513
795411491
123330285
701543920
257101634
397652732
721676362
407784872
490648638
938155922
317384300
634068736
679411929
890074927
680083706
741085119
52000134
591972325
570446798
110613565
945040604
246277469
475559219
525090710
93291711
864652632
251594518
799239565
624889873
517058942
152404340
261196884
847737511
294471940
631777856
835040773
104421115
507307746
603076868
607533222
51276048
550939439
970301678
564000405
678632466
570823632
984507237
433721468
290327132
375159188
12018123
721422539
898608745
4800071
940838829
835886043
624022619
633230931
335086591
209700008
417587707
786893068
345955504
867439804
509033776
642467488
165752558
918575375
566060474
324104897
454066855
333311405
230380839
277761446
677249466
570293750
405143601
582252087
665456809
741357231
94270549
88857461
654564331
651746006
145863337
519688249
144454028
279160557
114514701
990673081
283247864
318051541
357786040
447352714
661842596
272983456
989196619
295497823
722024860
309649557
67346500
928308225
877950858
883097000
801904849
478590080
996533189
445856812
332658183
513380154
49076028
193716206
586690670
260140487
709023213
439779789
186482837
488194248
577757283
629276088
768385451
110301923
760994446
116408972
509896860
457091834
137721984
727104509
974072094
708652252
252605511
979429427
593162538
413836190
792829715
953077624
39867447
842675298
806533398
898703253
626765035
668264841
890130929
668455362
387251119
246148632
313119801
683302527
897784867
326619533
567680827
83632024
586913215
242319711
753788699
243743020
34742109
163117002
1461011
846233019
6814782
291414521
804611766
366698408
89971859
120076049
102777088
89273693
556665890
498814769
300646479
674625356
91369318
649949666
405038167
229308778
739488503
704648962
979884518
838621122
118823907
322992941
774812477
419222175
93864962
846204380
258953149
219543825
210827475
336107639
342745860
626274965
206366614
66121334
368939135
667436092
71252511
634256406
333076271
839829401
921966590
551348897
320104194
822894280
555758603
661533666
970958482
403705067
147560515
678264792
697319259
489887942
359832486
55100517
410348434
166201016
819891395
112957530
648821115
497590214
919601475
333795833
827438542
269899422
765341696
822673170
955654821
710037621
486669498
16682197
655833999
235097089
896548495
412412408
250594662
671521011
908584442
542584444
462936325
930958471
597108525
489574968
687164825
383047294
754684435
138394569
180114299
730848413
930779323
962312046
842325939
220376429
202740729
91790182
925802298
119038619
814759327
865594843
674532033
223368137
233686771
358984047
442973427
805248846
489850465
614533368
997187412
424273955
857467006
278418995
437200176
346151110
833430552
380760977
852992193
289823835
306616670
189454870
472530591
496535410
213876632
628679333
477409325
816517722
647299287
149211560
600151973
230875418
148525528
464550655
16703649
681693090
790587606
43520334
239996021
827078674
585209582
597835396
636852474
899511806
34252544
594207150
323987883
432666861
74276504
98474879
64261789
321063248
90786261
320337883
199731796
808338067
357964917
804665348
944817321
645942797
69743781
803718656
462596340
682927850
273958447
93311300
526706233
488465804
584000542
485433822
573245601
297053300
529177593
566182519
381259339
248861709
684788931
26897711
353164692
495973840
348934075
195575562
72998390
765358109
130404010
579677502
99055024
268511230
631760438
427711150
727309011
553996045
748035457
881399239
888621715
632607486
75058361
54596232
359926107
681816205
3993059
583134251
374545495
88736735
69774904
316134468
905702587
116858882
796223093
24603453
38940410
625355027
503165142
680311133
21398921
540171534
534374284
112568455
486341120
434593271
197472907
571385718
241897379
232700697
238365940
481248572
93387337
267849429
724895002
243928493
460150290
168994332
629645348
46424138
860129576
698204752
940375478
556312287
118241631
365140668
539425976
487690724
791258241
103072982
508346556
684221356
115921524
660227298
964383742
495317370
195505947
356568950
105819362
354952273
537759303
4455007
540496671
177194721
861141994
334839833
969194906
448471169
325129627
969943109
104424847
31624783
82379874
51238041
982174809
738135700
363906075
393064916
888468986
211700895
65464694
5842398
316772087
631587804
615058011
208958012
549686030
913926619
729375816
117021906
834914416
14855382
209090834
408210880
17781168
700413230
622454023
839097520
255520579
478467910
502575991
373923945
762397601
546546963
655797411
877164979
817655581
949240784
673227981
400391803
994910890
564640387
57171305
606976007
667118435
762914693
724156915
26614583
782464031
783226980
611588193
241408066
89687845
62872850
502227274
877358737
458375399
711717382
311866188
500544546
135271498
284422096
465049321
127385481
408126615
826166949
281906695
84583282
839796201
747611882
157437482
245708029
268742836
266244615
825896679
473348709
568244191
570287834
799963065
497282950
258621888
359093897
933310813
206370085
268971737
296574588
942385713
788552871
924835808
210944791
535840164
169367528
419845029
591944438
586690195
167487524
216886196
707982701
427448219
983196586
41150108
592005552
611826776
200476535
485575961
284873942
137855500
37080187
790997316
490737746
401917369
948717089
502533838
13474737
328524793
451410116
749643198
821885887
667542638
414712431
23980762
759973767
610524781
37885067
940738218
697610674
177724224
426508853
666157907
124945037
385317397
735298203
53059499
747988879
680364356
217338209
488877864
631890697
858620479
378250024
370038961
520519123
165398184
29013825
867989254
511820459
584568971
272230236
842402631
228292489
165454545
741800482
292401425
261234769
337261800
353516787
176203457
106658901
866189355
896123580
846186823
890009344
665650270
988019740
840963642
641335685
360183661
154371111
90826331
103176024
502394268
599054521
52435525
200137923
452116275
54948266
635081354
430996372
939379937
740556626
915024973
988294292
153593853
617869091
679315630
941570224
388297248
194742205
677370902
203529503
934065555
569174273
884377781
844401420
664954080
667114387
352384263
454609464
490708629
638051479
755322727
147084324
600078664
595601295
291353005
56358008
161357863
427901273
225659995
400551595
811669879
985215945
163201111
530603225
38077392
599648380
365996534
450466317
287833764
269757021
941578152
72680918
521131293
767121805
39276470
259061624
699202222
890057841
752859450
928301005
52810936
249122597
480791347
415195914
446704953
375700463
891899385
623358821
50639712
180911099
574895698
726204786
147547108
235692190
231537124
871717495
974439498
141224897
200245957
584581988
473192417
398654979
875175783
577049796
770170027
570839013
964421730
766295482
53845518
404546927
305656119
539645229
779067444
786223539
269046395
545823203
94303680
5637090
901302364
860309459
633723745
68206283
247081863
285775558
193959596
52657171
593298626
523377445
96373936
685349544
450211814
142791725
566827532
258137859
895556274
549315403
257620817
363506964
636052738
589762801
596213849
531265554
996950669
232450028
295222993
752595802
7599450
445821783
538900944
573024464
817204056
567319614
478316739
399328548
469357501
763430429
903131321
920830796
396252639
468259936
681840699
16761073
677913764
123437962
306958999
407079328
760061071
76407144
221018458
355556112
972572658
731755306
652009898
75195779
719306060
80488388
204119737
835354378
852524218
379929072
98363442
476182518
775675124
871512984
68914545
240025764
47381195
919082207
698911885
747478012
99025130
359857369
526340364
790412392
931354577
814675475
710139123
994670886
750517681
875907604
702742355
419981272
21813076
681568121
46538892
197237722
732380932
466888893
783550103
455153974
566147789
938053157
903228442
863713717
328280801
325918538
370491488
483409213
203125325
167234041
407481341
777776165
751485153
357654077
753456846
635141030
179135854
75548049
130831832
860285463
510320694
926678409
646785071
887630908
753175327
118037366
810710198
150069693
76101009
730630948
405970004
424727256
764394772
465312604
571723056
94981198
36932739
233736312
712424663
356366219
143766329
362994111
901678241
445303633
431982035
629916592
534331739
444995422
275821339
89899465
390146428
761938203
479479878
729449014
549855085
745984104
352523410
480131885
978439473
809026092
88840548
840209072
537655942
672562780
654819654
46614797
543763605
26924089
533360007
275962955
717155930
221122079
164190935
745330150
98761747
232216789
18329682
190706900
690620201
648937277
764884014
183293057
474292112
50384873
753318758
537720135
65603389
141444088
531464559
411019467
838265308
102366625
93188013
185524187
42408495
662217093
779286952
80902303
517504971
265167987
826993622
497027278
814736077
176549563
36993344
180856259
547624350
414558510
808313038
685174956
1958778
776755592
684742752
366809447
123900628
910304672
249517853
339897114
733167782
867990624
669370124
277307428
236359951
613443529
744485954
878125580
24861237
57676557
302812120
642964924
564691910
327018258
265905039
823179406
655465937
604769326
183838275
17236416
988985262
214156326
565376783
612175680
667211401
514970791
93288736
611480431
680390983
389404476
281596437
502377877
503409540
687085568
893708677
343392677
87637926
746160049
329905838
347362317
895741266
538123369
925301262
568206608
956177027
263021221
311677356
520123674
812301113
382151155
461580808
460332625
460476231
211086097
177039906
457590911
883658113
318906991
689897904
770217321
216564843
579593991
878442393
513544320
524101680
53947293
485608289
969919979
974162012
779012623
312595402
96879307
542606207
272211615
657199615
342448223
361295800
576934193
928003683
319097536
10960590
677073122
696834684
170621036
161816368
659142907
413709886
804139343
330565919
937244431
326836720
543009089
320564673
320146183
417976781
40346720
252166337
742004044
81373013
764749288
606474037
550665714
605720000
297970296
53075451
181147800
327693487
996114605
637258560
958380328
356583480
275064024
251718209
162414184
371240828
309013639
173786977
610748495
104262794
900399755
368329672
585657583
763956516
182919480
73292852
368882030
534999465
174559001
584884509
211978666
358293742
344884535
858331801
6609708
946190927
81028103
982456272
741529940
372292825
934747504
60076670
904916137
421957165
559368687
484227014
116822026
886744384
989426622
18786410
703262109
732740958
840986599
638416819
593055555
919988718
23576595
171691920
18097311
922299659
650546094
745860755
885704646
176855815
995644346
167895332
858491715
570374345
325671890
956359808
153355137
404577028
935561903
161974856
226094891
333737494
360323935
56684115
825831110
122560700
452486178
579955084
103452197
146349740
635061736
348497580
344163723
588774435
842492900
215635439
917299946
294836473
816480623
843288142
518950046
714626050
316152063
668563915
869680229
867967861
245684484
845813636
958521849
305029795
542609649
938533677
254574115
10594551
50195780
563625057
11024752
661064380
818382951
160022332
124830368
423300331
574355605
488177464
163707796
67570648
291715417
189528874
797852400
430099558
916992770
288792131
862071004
566725209
132706747
239517920
809197758
207884280
534169511
328750785
6153445
909698081
272812408
349926712
806533119
428700798
788497306
323203759
187333975
409889210
912015213
895976105
862390790
497886677
427863990
522899830
265061927
546488154
433337493
250569351
571672792
651278286
59529611
178324832
277737136
875851697
857918438
232715068
415579304
278752483
828650663
183347457
468336993
567541765
231151033
268795595
475431285
424158988
796520261
635740444
456615820
726796790
322407547
908086182
790422295
996264508
376082632
42143022
323092742
20238597
273445062
106709063
362098849
970150758
596377049
571094077
146806292
895878886
279704675
757009967
496947780
433227948
58223144
104334739
59669027
509648777
546403879
483766671
385493521
102510924
78974623
101476
419161632
514835875
479461851
291077854
986016724
296215566
540541976
199530974
781240976
918515387
791871537
908894330
978516384
788134980
871219397
544486050
526252773
589223580
67744568
510044874
101868727
792802693
871509300
966686773
913781205
729617922
409857923
171124155
437643979
491431774
859060728
651200596
202355533
530321177
559900800
42489902
481145754
696469815
551604490
558188936
46042694
923926620
427745660
892081838
693878130
701137166
463044325
513678100
859036422
602110156
458897941
887852059
989208023
1573866
475924493
884818559
571239826
762773125
58151383
306326670
864007644
839638731
631058242
957964406
2662130
263317590
568482944
984595047
444080208
517328868
831092591
339821059
641995579
754867759
900605360
104474118
763921860
853285422
878862650
47660562
946534464
631443721
795552289
759540871
302602983
355504180
57541925
143086530
693992025
103764070
151828567
781349779
948570344
729964225
304802051
690434234
626728810
617550850
835711483
145226601
113798756
617191555
947012952
537440530
242534012
159261911
439016754
619805278
214920978
392103083
304156953
473376393
577470004
833090602
913981827
866478290
539395899
764819236
782728387
265722320
410179189
690209163
841035086
847398151
139804409
187983577
522921684
446174855
146838860
80200357
682236724
393701308
549364976
37799560
963051558
273666660
219313402
466532498
955982729
222049252
436950858
981823977
375117493
567224886
950351385
380403856
215668700
479805692
843332926
672003087
466779011
7246372
171657377
149752131
695068707
500901755
168939550
919431273
489521819
80546201
671071286
683237230
444390878
129244724
462416389
496399774
285512885
596773740
388842553
800552155
138555030
257932913
929905437
851234960
909306679
197142388
872495737
517725585
730316463
316660845
305003776
547485513
643683380
364807303
698171726
395602633
603097359
731491298
59922928
793550659
601803379
838079948
900646875
208931241
774595577
540538959
849209492
340886582
302383877
229484434
212490724
88279191
96817138
648277562
397802944
884795288
830550777
976098686
172769615
175379402
776723487
128828440
948373606
461027853
973515394
130770109
252027584
429399915
783657840
665645614
245485518
209243868
875620254
650546077
51140298
320488776
126635696
89368474
633887199
349372926
590143912
12738573
687795792
581562626
248220559
622077385
576844780
823893723
576749710
432771034
605963086
484975871
889572629
916723606
519601496
269488352
206375622
105008605
702588024
799317194
129630021
409376030
787754012
489347667
844944326
714609694
911937428
863648260
943718202
807032160
146380330
557426988
743164408
761141244
759631312
160290918
559914330
977709188
188719578
557163912
288659916
316226575
808915268
454280152
288283554
298476313
981346096
298840758
863683173
613228147
260517354
23636951
703291434
802954824
559643254
391589894
286011281
824288430
415970401
40114133
701143390
564566393
11750766
310434121
654227929
937530577
166144236
686475096
646939892
710248842
302321667
133784711
742717503
591063957
632551155
132452032
945679127
35702036
271891278
309376041
378784872
779458771
23877800
104442498
829870390
184257178
755640391
661792918
971815471
396173588
39251702
250972362
582549509
518115697
382898629
280336081
986339618
810094135
577619369
201183987
883509063
382900317
385629082
317742975
969350590
253537442
245255043
551199618
160797055
27480455
411093865
872347064
147709264
936891896
536539763
847592143
699489373
552688303
135856378
878255192
926037854
796538020
352459786
575941287
925178262
944358431
478108243
562225759
101349370
856507920
274006614
618859667
425728919
890147503
327209419
843732073
985535724
658151638
733772593
569438626
802125946
975606619
40253519
615213120
334636274
991401276
847901646
91632300
675017559
487316573
258778906
949561577
810826826
829222437
331190288
911213717
37232208
407151672
79803772
240644178
330052982
820276406
730069201
234905818
100891134
288072840
333211351
101017074
136084551
632831108
992625028
901550777
958059710
209754094
51946883
116194920
599044709
386113660
766904710
293308985
173186748
721092388
810953882
459969853
172124661
390260249
733054877
746536288
771636829
114408836
988012219
594739437
385048314
771201632
723530663
601262962
73148818
7162733
402774555
303020575
995457776
463088363
898639508
926455235
708711301
521787334
792745566
152609641
552585902
777670049
196769174
88726502
592364235
661373298
642939290
193225197
321578255
235142421
301725289
186981791
569177535
918849275
212238602
209658863
45815359
172130825
708045709
128994528
751846778
927695773
731465006
659803522
654316362
631978996
743849537
865841324
987047263
318300443
914529932
596961170
246461488
503090542
15650049
59299824
831240977
21800390
818308881
641867059
768238449
480647939
513823807
290690689
294690201
480290236
321119360
700991574
424631426
357821029
605797590
886540639
916767941
787367402
437163620
930448099
298340577
553786050
649941926
196928090
567326085
390504410
910663874
926071893
248671256
299008754
413345678
555142406
405712257
663008529
527582259
881866148
301092226
378581139
957049957
784976712
49208817
464027846
649387574
205503097
733249372
946591388
623908809
324142271
582138971
590181611
328807098
158891396
190009473
239935536
308589525
276171092
884624259
673703069
29201615
179249393
186999393
504386523
6182996
938207597
508352399
771730103
991207431
552899455
28356130
336381950
52002930
25385612
246255208
649297666
849365497
667295746
266932988
600682326
333048496
281006621
121519230
843857578
721972884
481965965
930270289
140129104
288108045
544112703
465333277
864346164
860915443
417386451
873533233
532915838
222675255
381435203
92142017
720194750
317744633
942372910
870107617
110695184
24181440
893783926
147647208
599439995
552451738
663459660
959583187
6925677
80693316
949570078
115359255
737634293
281869573
954204728
206563257
879730648
219008257
501085752
250699607
579218267
928341718
724568654
760366804
520497425
460054306
87208519
117844445
404608206
868172941
810943083
725144085
509717099
23853201
375189488
977459630
200228707
204478539
590642736
28585188
333872728
979226416
904754770
287718028
393410681
743884968
161829337
496047263
878500273
472487395
391014840
15821702
302763074
232141150
932254238
41542398
919492331
797553624
817167817
784326001
836446374
211910571
878295360
820239474
307181993
662587300
934892046
646925497
986430130
559264146
595797387
179685267
255606464
653888026
681948311
578106421
320333336
550751895
125259330
893699240
393204075
720553106
396087941
444670413
80299881
219798216
464909292
877518129
575880492
990530144
216035124
477768675
292367912
761505365
496777384
815641950
955987505
237140823
770827436
881557908
893792826
145686150
768641010
405111611
642455162
992758106
647894813
397019394
442147972
511736013
176766365
193443862
550392530
302660386
952946470
933423634
927715304
538635425
104733334
301502663
875713551
632328797
865843600
843913863
881916230
150739471
499784509
476046967
867929920
969964868
468095930
650859847
621477561
395420463
970832053
509140221
396129351
458068994
362061663
128287213
450134742
139504555
23180346
247140418
336727695
974019985
684000597
241473471
753042596
899661911
629545292
941623484
105111126
521303671
910674462
285993711
295930829
457577873
714968119
242255750
474839849
193586420
814102183
143742103
919601873
406899532
514755663
991128952
131702928
267578919
155432498
673698171
214897594
92858872
60843506
659886353
44919698
661118951
609561910
991800588
488873536
665640446
674087557
897488225
395189
957199777
74597161
656900215
763332430
269280397
582405308
104711616
171143447
650560574
412396280
207101042
162965539
274106813
28725869
107353989
960780337
834921704
285306924
204349156
187917917
242033155
183256039
815156243
589253061
380371000
730827877
221864865
501541307
669733577
941452420
439641573
770934672
605259832
803235729
473688649
61651300
675961890
264140331
963565790
991423605
186824513
907632805
561831684
194074764
77059688
846196466
329654610
804392343
65488108
479280596
278722344
743223647
416904796
574908001
407771641
778402274
240500273
986868633
671289347
136479730
588808835
987002392
839422963
517437505
340679862
856536910
166385623
601879417
372092830
786536729
653729237
533986948
668904041
194760698
818731676
513553374
898959498
765143895
494491148
266157366
966097873
864234352
742440231
241502217
537091689
536773848
400650463
17332681
731125459
899897082
179916228
204472917
434713759
74977660
348866182
119367781
223504159
956976470
928516595
33630182
143892210
721229868
440207413
977799728
863024796
986774392
970424889
182434332
971635000
230732536
496924895
234205542
775196729
917649543
263295317
512917720
511287265
273309802
941130172
837321125
868651103
883257814
26265261
37123977
650213201
386456141
705509605
393412683
512145514
951834112
936078264
651369700
782644175
870283347
749246762
763434758
17673172
740519927
310692541
381086282
914657387
180512475
185029313
153409040
140821223
450596312
333374723
746783976
856762787
148428626
392430388
240985336
476898982
414973651
324427419
558155167
793741118
608534700
59225858
791169796
355642458
167891441
219123977
658096157
143723709
175883691
972105481
832480237
936719836
168819445
132825763
181307577
141209446
497060241
42324122
580285940
403314644
447087074
281128259
960321098
967845717
550059304
19558630
979742130
165942414
397134320
24001846
918891695
142379835
663962936
374467283
6130721
962570632
10228991
31713766
424348614
911880753
487054587
362061474
312549609
914524740
861409303
675529943
296183171
404291993
414521111
997195501
159326771
251282444
361409826
81246944
432436668
886634501
600594628
70213070
172959611
223296039
67665802
217264284
489471244
521588794
269047283
683898359
946593515
435986937
167638692
665054310
157837159
881879302
711942210
461323904
169679039
310629769
486603374
971283253
796424718
580223807
730602662
665316094
506460295
512054086
255882800
523768289
776811380
638412989
642251393
549113179
426321396
228877585
415740376
208264887
11463482
100744833
599302233
672530175
56464721
277696313
611991694
598478567
310601744
518861462
928680480
196678418
186208045
293145868
128099608
108430497
439388967
783008735
664369129
456530138
810930029
568616540
345504441
7679808
591921763
664682145
527719886
58417931
465271370
505697661
479676309
700443048
478208848
674811149
212074381
285611205
974369121
895496009
243714448
209074349
410256058
579132391
736169141
17418189
632380254
778062428
866995186
124298290
131835246
389034403
946203257
724187128
369657489
407163885
64029134
217492268
241764966
440244116
752578992
309460262
14515861
351329324
996129446
171583218
436889601
340361225
870239607
480062534
344768364
626648710
225325535
451914273
737457221
535337303
249450128
181227534
446672868
76057834
155768952
126655181
54755082
494210442
180221110
338654502
219886945
519417086
132435240
557797731
393079444
816663484
590389733
582444827
11778224
52877481
214683869
831721472
603151905
256105389
836689131
805608205
497142880
522034469
758191258
859482049
688528576
667586845
699055146
572869724
95742900
757901583
387268213
271586735
511711886
330921209
34093940
144231340
765266960
185178760
207875405
275547968
403790786
339490872
542091351
302934251
254837880
208537273
970880530
519848002
580529432
900709388
312541781
228872356
481498948
459662921
38822296
112896414
674473427
53595395
557045907
95848267
985400516
264348282
133321118
74402203
225694868
331570445
302485555
135479267
912444736
263837402
679478031
517136376
924410928
253561076
647248329
976982713
866599850
406884141
542619763
795842100
601342251
443457190
943775485
585668020
52202
881807854
509845054
507706616
980164221
134682650
252397622
45969263
551728012
904760327
42562547
206125313
596259400
962399792
840475063
362990307
207766876
837473370
451120169
424242161
265148342
218714287
908586348
782237996
230444545
761785907
440162012
872844531
103177528
445699164
394083770
395475861
344339128
328183857
673412986
784883187
300043271
138581197
398463586
274711657
441315565
985309858
801017568
188910868
375182480
853268028
35024640
63771677
850342250
124352850
210226907
104974045
823078682
248213723
595372233
907901873
424072833
513798878
130884454
360690266
490619395
579369240
314174420
913188864
292177301
527767271
756841093
394714102
92001990
29945139
901091517
776276933
963523711
971186518
358499893
505857887
580054714
888871364
719513436
742081535
62583516
462753633
722273991
717058721
11055756
431498532
828667764
51709282
268273749
819571979
43556932
501879804
273715158
230287524
764451012
319018220
503759581
672988014
160688964
311823329
382419257
618317792
754218581
775114999
836949090
713247415
730074396
219186725
906511772
85136533
569625550
404003648
932554432
518975709
190477272
640969485
22915058
35649720
623624056
280481853
448962920
65929543
954179849
43214224
566310438
45006665
50850091
858253715
876130722
179192381
259950994
708438614
951943339
935243781
622862714
243472063
223440175
29091939
404060419
535873084
891615537
516804033
556257639
479500674
455429529
971556807
862430498
884048994
289625385
475090651
927130178
526468727
264036502
74202518
342094549
622333554
549433275
73231171
663162696
489739219
733577546
584107877
556879194
393469782
131817036
315240708
974325914
168358184
698810489
615939085
813245242
678482921
114568410
609079977
150188213
979797962
223055018
449295770
372660776
824356605
766599876
952996576
303638099
215779088
171950121
392997209
705009245
345043804
218129366
519115952
275085878
72129222
959688839
760715305
270544567
888357966
884865233
722426512
357113026
846507736
835268465
211814330
226452827
579530250
330776313
591991056
294217547
134146332
449329250
689140549
136669900
830355582
812154850
790043736
355390875
290545383
790733066
396429940
594728550
157616507
995580346
382663401
431638716
344984057
663412982
312955038
18877249
777723615
871317329
688621126
233839888
873301771
123119473
771022208
928961058
719523519
82369416
515714411
434624378
279997384
99323453
985130578
28132453
315381273
830363375
421189443
590259180
638818477
13150668
758134726
905498677
445973016
355408835
154343399
879600317
542169795
648603123
106682132
722836988
573561173
324210940
625096457
193562322
32990651
952258211
778438364
376092444
965831043
531594254
428158666
16894904
315365911
912425149
754410026
578941706
744756568
732289753
849669833
94278766
230265168
651373062
723121681
835636283
207048002
561836742
142167466
78084239
320731387
98738963
687013322
993478057
873044832
224040123
867877892
519729537
248057297
511335550
223090911
221203164
515860062
352516370
507609047
215385116
546654155
810630968
2345355
672130405
305622349
134312109
232975926
107195003
183934814
514702667
71851214
510092207
280805810
828106787
671310238
463188858
990029330
606653279
77116602
978760079
15982552
863520139
418826017
739828835
852167662
578811953
610101197
725552288
100356930
829842128
336041296
163105549
314301310
640764073
273452566
660156470
738015546
22974047
175758450
895794630
631742472
433967172
823038494
531429662
573096405
214154339
989892665
265705452
47520670
789260894
186575686
510740753
176565485
427198540
785456307
360798188
249606950
119987854
740907910
273743656
904000218
866366797
422473983
167772350
947328217
962136873
221163883
843335093
246663166
857660209
751570761
128551054
285690410
804566689
933359738
663266712
619963771
724528574
730333259
284988822
451804693
301606215
755968620
335900159
627514223
274173401
983176578
879069531
830686422
64439750
275421126
817210548
284242911
122041279
480269091
809459177
486158616
942726
246370369
268094514
750776180
127479210
160896129
965088073
770138622
628790247
270536961
871883111
760997243
701783251
838910524
392703516
349757424
711367787
994686795
253751200
126825406
197644137
954551910
180436322
98290840
349235669
142061075
393116151
351079345
178377152
760413154
415109726
189386967
599084713
697403578
408540995
642375210
379957885
410197505
531024347
582360338
331303357
869753979
552949316
417514679
950400027
512266816
515058682
52637761
168338466
118641172
633729835
487333681
943497218
608831947
821650270
787775724
681124787
818739019
696388789
207824180
261876484
867941982
952417315
438833214
869577539
130131672
946128401
33641554
539266262
750541333
578653938
988799839
653221447
283561305
875654409
46375516
296073712
44001603
839943536
661702050
667883095
475357050
203419818
442685552
894326186
47739789
393831621
881644349
748478002
737376079
351057755
424407241
617644047
507710433
166621363
269978761
736391558
154153641
408310156
102486046
718546416
454597334
373041118
410827192
275665158
558969038
725393517
972755900
823442849
257552208
641885320
821663555
142953864
603511434
898795797
579000866
441038453
710447179
792934437
434457024
540449493
141701770
818957398
604226105
534290343
798090690
519050058
653575392
950238489
62505065
77048656
739977088
165385306
260375381
378733489
788856238
579647171
728406339
758834119
109504065
867203440
414390705
6957506
392188849
630289555
562940256
871379712
759495694
23304467
511931854
850120368
990763150
313191707
991812625
647091714
43609340
563219926
910244582
344316902
808888160
958793371
293466765
368450344
472240679
508452869
791341003
746113033
71054326
205695337
933211944
777982280
938997460
120975100
502544250
834781448
848215541
33417028
351050274
252457815
88818645
551362346
907727830
521781895
913243406
471625545
637182499
946761823
385373014
437944244
833974511
405285382
359877129
140519840
949194987
682290554
762004112
649920968
569974011
758918229
247319538
579124940
481009819
938805732
586754904
99970579
135975397
875121883
319374757
754456133
135296969
332779435
934179779
611691793
267966737
27523130
528380907
748421141
182567518
707477474
798972273
136450499
806350328
420123394
701275739
794459757
6377658
579066110
969177692
787455470
706878315
27148853
482188328
594405834
675015645
846764066
104100107
113205158
943655705
254590915
892524867
286365024
382796732
330099314
19051042
547916248
432117969
381616704
769206676
891351056
932520076
43779434
272443292
517237851
397360192
772654981
703583711
279496980
216082520
703899753
217542942
378393764
228445585
761882871
229634508
646283835
710207476
158153200
894114793
245463520
693718322
168242617
365052426
543743796
952981520
73995053
463185184
546174199
352235962
875961486
982976649
318931993
196389768
26341496
100249244
193141654
605878247
938689475
898973720
499205146
378836612
