507597763
359864805
241273408
378458789
665156081
217318443
516283723
564604948
482555724
665156081
959963836
536090772
876531601
593589567
799911315
676553315
613030709
142319765
195141304
182333276
687311344
750610534
130127664
547846165
258962657
1
210123304
85271305
271687554
904607186
493521302
271265562
360210991
492795107
833162783
63691171
641532285
670324079
400475448
989531650
878229013
805226567
694523941
983080505
152617208
971026261
250749859
2332206
1
1
1
464658029
474468191
736479235
471602421
559729224
200917465
445793078
489186805
200200175
703567393
153981914
1
522563634
691500679
113381591
800921315
686686497
555005794
832485820
1
793228405
617177882
675309979
777659646
823566427
93192820
638091574
127935829
1
944452941
247759686
316646579
278049516
157589808
1
61406646
39460892
743797540
763338569
429839566
127635128
115767080
