423828649
765909110
49822267
555791836
68831119
15902321
792645359
169037512
376231188
356074492
711530346
707771499
443512068
191217644
874098879
767517502
54187368
984909814
537615590
69887291
550933865
236314381
43125577
36617764
971786136
677791559
974998338
675596753
55504066
324363257
508235668
386221042
706403361
375910519
350821569
38405918
571639404
338647793
330779277
884520437
67593806
608414481
148318134
623953600
678708685
377502592
16035732
676569895
101051870
769385803
496095044
697949275
297994109
718834122
758792002
311113661
699157506
175946188
595418210
276686952
103481658
949521764
593176958
438963424
347810338
295919908
954364424
391827735
855428603
557645102
975433447
291534278
169703424
38265958
255730140
615143205
550944088
983333771
564455911
129911453
47134988
376146314
397759504
563424400
352367473
868940792
543761531
417602060
512191904
515237591
38211778
122208993
596710608
947862922
828736351
555003874
693699004
814269187
799452819
750286154
920062269
613743629
120034966
647929505
607233572
719315011
124636708
567420277
71910989
439893422
236331711
50760549
774594633
744324826
425277083
134269053
442207529
481834115
659736944
856306290
523889299
242396074
40798689
342367965
132061755
259420163
739531618
202087204
549657746
673901257
984956854
317839831
474224726
521680814
132992574
184780971
587210227
921223844
275468182
60850703
444723495
284171285
334997037
788571749
162768306
172035783
548460241
575037046
637094673
727771814
300423353
38626658
219765664
360029445
459300052
767458810
451538744
136908146
769408689
13704473
427835268
62084765
406302608
815708200
336459519
537858196
111453015
252702375
64009667
910488406
989178053
362080212
7452484
833294306
52496322
611219232
882808917
846788200
747775363
16065261
915776458
769925481
220143586
247595287
264836204
402838334
361409582
693381825
568690910
910488545
650356712
922745866
34040656
602296779
146287600
112484585
357079255
457310861
825719118
978409384
977510627
152168738
90334318
660652879
57005092
125480589
380046610
773050226
392875422
271007349
902173255
135245414
767105397
245892970
971070899
635930319
836862372
712897631
111218749
429799428
261180478
639382962
158023438
225516696
410487963
235022989
552558419
626612982
963226796
773916655
604076766
3056139
982414111
492057127
140143360
816540026
964072127
351985198
318062501
481299175
859359152
556845349
375254191
537945193
135666929
408006546
702362478
7907210
992039996
871218343
384764675
94861911
316446833
890311092
977382715
224889321
576446061
922446857
288430918
953936953
413229306
104759904
906306064
967555612
913917865
286619089
495029967
933280738
37703633
446935498
261933409
756849156
3277471
899677185
268980039
748899195
583502070
78079303
431469073
624157542
262707038
78812862
577525962
101578798
700255085
129699945
945554594
573766383
170230105
471281033
996855789
837004799
256947132
862753034
517158277
618063801
249128049
26724116
398459879
634498689
367601364
626629017
698515769
407528811
229954406
360557689
805405094
690597818
697005226
602609344
126886709
156024356
519440031
162979351
943208756
527952585
971459148
370585477
63100216
755299872
513621423
612913521
632707803
127909990
584698541
352840546
105055181
815358648
970936557
672038110
376604161
813309058
788459450
546858676
199700235
438028486
616793804
541202161
285424010
959877715
708170111
23665865
279520942
15823745
279026690
493141721
184707354
651784531
161835973
400555830
389966599
271126758
665565549
533557755
286909443
327033967
665181528
794835990
645241091
242023379
150195887
752439386
341040101
64954816
938533470
800154839
145280598
524437224
75201688
246532768
23286042
367092119
598799404
17679352
893585632
983317718
392764116
95210974
193766576
109781956
877624730
900535514
650826216
94407753
228306348
99470654
438039543
605678185
58861192
68187591
439431501
175661556
343977818
944284111
288858131
169607827
268166800
653966660
431272431
279309360
452014816
79981299
879031767
915229463
445715930
932567440
243496105
200534829
60223279
850912133
845859667
42628864
550270922
194176249
271465464
724266275
173955449
608912329
42351707
755482352
13306030
581540741
35690918
312844451
108893879
292931214
111542630
139721738
951515002
623967945
385999433
586990922
996633690
691995541
514278910
836230024
490840013
854762236
122016146
77555285
305922109
409876450
899385808
752622505
514968619
821638589
233877004
547435486
599872607
427923631
355204267
260081237
799195828
813738205
952438507
350062171
652782911
825512312
864941455
328033795
690598048
449465342
10748868
533755477
833652744
145131326
84672618
912039960
696018993
773809838
484370500
657061177
202941745
396756973
289776059
834080056
843547159
666582253
615959476
367178769
580807072
257307305
788816838
938864417
975986365
463045477
545831560
555135210
838985460
874461498
667404363
413126971
345308169
796665494
459341228
907466778
986509341
804228169
997940150
610828120
613408345
889235667
872190212
584465214
948814330
126145900
914273334
988196316
956370998
219082145
757538989
500633857
376263777
603786058
938424678
9742179
892665769
315670787
745545339
767694581
585784918
956562660
856141536
254763143
132077173
735274622
214571112
617019454
327359792
633337769
730403598
155033562
290210920
112827334
557816628
137497078
908205186
239510670
496264841
813808184
538902276
305033114
926558347
505806085
886538450
696980585
484206609
822504847
427254714
595477462
139395440
225391926
679404662
996512157
510551660
701274017
272354450
951273480
586104285
972078167
979958003
793765078
926585215
840124132
588651560
730892623
729674464
236445637
65089813
316826325
897508545
803948872
698732060
747022755
739683213
176383550
847120924
976506557
70551023
88943059
690647145
425094583
352771534
785429281
866266902
774662568
219249954
293263455
329953788
57441295
551721343
744003977
313126846
354992247
402147370
629606961
112885547
691252493
103398574
855853890
467328380
749820594
937388210
95206283
33077513
822470240
622667592
915306804
481454978
36158137
238717791
459546953
222063518
257791118
681267337
72411584
434375469
741945119
4220721
918524000
515707602
538858253
887387791
134499202
996673588
324854743
336382550
216501270
349891489
235634962
726311409
823387553
258504636
453407556
358856478
244986652
781009385
398564613
889406175
942908756
826160650
570843264
820002046
358580631
58607069
33699072
878190465
938891039
467616807
331196855
245143657
970313126
310625817
760118507
545094721
44430532
349661559
925895947
445627840
378164666
703929178
383731550
660992351
317604652
199002019
197607738
654643855
925597739
41575623
116273268
122273425
802197989
512204845
760875483
494503196
367428016
752692422
418390368
306635769
182427259
674002746
93800363
899957670
23679202
428644187
294391143
585759804
738378743
121021890
356459744
425486819
84049063
283374439
895284776
668282105
48727815
147040245
816207872
110989333
181213336
399503113
703124831
353648062
871578590
565594988
950319692
521333558
943867694
219915129
210111906
376890752
653184737
677153119
925045651
130552571
282998928
127788237
135893100
620025558
340392042
402385983
662066744
750800346
22175564
487656773
779313799
586523855
897416300
957174760
526695251
900603549
958244553
610634472
421207775
402721976
208354389
652797261
696121470
249575399
203309313
314652800
761218702
420888554
844342181
429820831
911496023
800543609
842432310
386195852
426486294
307549631
276481686
56237813
896613496
801244125
491905949
964738667
159128528
226820767
24187036
270415770
658852041
924575438
216293990
616478901
424014366
143210141
94070794
209564339
821547077
603138936
241994470
116955114
372547623
255255487
146255815
570162103
22350033
112755857
192012239
930220147
219151117
750604053
60283079
711526305
582305541
969503412
555887909
641762683
353117947
726157831
469265425
871193165
700384782
80104164
573126012
46307540
420730405
318645813
401488710
466458621
443595301
815639281
557158850
891444581
314151170
52049495
732660517
630988398
492287547
887094215
804985474
214977108
860434604
544432769
465424568
240809309
325876913
767130786
312723889
985887283
46415455
121874312
691029091
420776625
664237748
29458115
938518808
367209635
173528708
356989936
972156162
592751580
107779862
245078567
851371166
640903663
526825192
867154665
933223442
768618067
674856817
836321956
584038940
616554129
87637060
272257551
923521854
822289030
762563015
591601028
645350889
503161747
979630265
414802288
698035353
515094498
906008826
945998955
473138808
843424092
88749314
594368663
93570968
455887562
182676671
324813438
45169533
289566001
479686481
162125113
751049918
53747174
667742348
81843134
67830550
1409950
38875226
346771038
540209596
571746875
669776475
486443254
989599031
306112284
894149210
964598936
936925007
680413880
421999702
373507725
116929274
49078735
500985296
598329576
492598528
120301220
309393872
776148221
37891235
620019775
686476478
55269126
630536806
491394567
962937828
74459621
937051284
111187832
734975520
367813718
305999676
4517963
730456427
102773964
519735479
666413357
76781044
362731224
214607480
425905054
494303780
771567838
236074255
502322358
249290534
740323750
512118899
534542581
476694718
884000207
575299249
480471890
680045597
475551836
565586000
715237623
233538526
199127820
28529993
108263806
481457421
596873139
608370705
754571362
298304471
669715178
441765239
969541108
45448168
606125978
530426245
381012434
223894445
613729401
330826142
643526808
659448838
911290163
718952440
577565881
398185941
682835076
698183206
651837433
631894267
492148454
968014040
347917481
938389216
648241248
649924955
909227502
937947601
231198712
901962716
30318845
27021175
210489729
369906818
480972158
783201831
52233947
177675673
684242485
832517430
330013088
404795959
669443931
652861605
411492278
937274878
965632285
55292784
223773952
885923884
180379642
710129484
303186349
521569414
980600924
739801468
284342530
636291305
697223589
949272704
487632005
689206567
724733798
459784384
745774689
687190279
460050305
713171590
91766398
411986167
195581603
223669580
677150825
392718072
511452041
759569
845820603
107662209
514635427
962959749
684388130
456383124
843854564
49574530
836685238
252324211
388502650
564054142
268213025
400751363
154604648
739380743
902222798
435034907
823439735
343177835
629834003
692900480
788745585
838068335
339722942
824894228
430501967
859473349
450234705
773299122
403897846
524755147
800558495
275774337
542179726
906717594
106143672
585388134
671776568
321364931
969850934
516219053
420832997
206529916
526295762
866742786
232449888
142943715
729677726
633607139
22282443
243899691
279077853
225303638
388042802
510377858
768606757
594547006
544159356
631910764
563461362
658802516
116391106
41049950
694951906
504217078
390238162
835762935
676332314
124367786
123565370
422362441
988347806
668091989
299807033
781008170
196411589
98817016
107431243
640798380
119907451
873757558
819857996
174644348
546931459
962526585
808282897
99750332
769258058
447387297
661876225
169230679
80713038
181115489
335919259
156265901
748515275
19061131
234006258
336290559
684869655
883616944
988799190
667754182
105362285
785105623
389772473
91460225
403192641
325601154
640941225
753460104
246728540
647621200
89688995
356651915
833804373
316667078
575167657
367258707
159361361
779906944
460473769
707978225
157106206
102680389
664408242
51359715
236742776
735564865
995008118
529112842
957653341
780732475
698092391
831458299
840557635
200613707
756171139
652285717
287355741
160345579
93967665
198032705
635750246
671180098
188204458
858637372
651395059
120471620
294280544
231026312
133948263
720259768
479083612
294306930
678372075
560302915
657918300
375171743
569715388
249993500
771326707
898619954
812507188
744295492
779820536
526786589
856151572
128103017
150505827
434209349
304926773
347378007
293801911
334320920
527569210
53808997
206851473
314648685
379392645
673891370
807561549
28617186
703033650
25488306
672989209
991622032
167369606
525952809
419979825
891970020
404677596
574444145
299736715
993630679
806052205
218151283
179670109
873507916
792770684
18083207
690495983
754787619
55823870
174797889
705238891
312648391
505456918
403369474
531899762
385686716
845193821
282389883
242406167
416855940
488672585
168983710
35070735
924787396
571412607
683135427
420571945
91202694
275667521
280537730
593413837
957798158
301447853
662564803
886479599
232598133
142477814
306648565
188570802
52656744
579402192
169628375
56071292
870112793
18624990
148957142
395599023
411902627
762388088
48925730
23955076
856539044
740613471
549264766
887511538
815554552
60520404
527788446
274741605
741841224
259877275
359267816
937694708
677613692
611992607
19790142
458121109
246050197
192667903
322842312
647746886
691935847
444327758
693965037
545301279
255625807
515873374
859975161
570115103
413569518
774913792
398598536
903884373
153491086
519501900
360596072
453387093
728357810
74891773
182799403
607465047
238543987
45165635
710663901
51178967
4194615
665191629
887969034
518438522
66886893
747148336
713611180
423573225
29883131
708938157
325420877
922002839
316435785
610943110
395930648
480743832
852457194
205841963
174322993
15093830
845227070
482944496
402871428
435372400
214852542
52011259
616516670
484440499
1780160
733310028
484939933
503000541
461425094
529330373
183797861
577505110
807055992
617723139
990969584
937989586
669053488
885816045
665124817
998065082
130220385
356449475
326151029
199219614
95836042
190134414
415298194
5072851
907377465
26404758
347798719
506718790
262449307
828622878
912389433
442390324
867060850
490596153
7187373
704137209
330387748
100416003
206319957
561822772
982262470
785700285
719308315
765726374
950425243
543608930
388553936
825236669
718173509
751697761
593406549
207730590
74038868
556872007
816304578
961592593
131654396
647173331
989752579
798145090
129438698
668777058
509526799
982064580
488419778
372717178
838787489
254672286
137863671
421003746
160686662
622014896
490772500
390712404
790487881
978647217
503231810
127397924
448906281
164410953
349620275
411454320
510975458
127210987
746084073
872912538
301484628
339536117
591143245
944233543
264309244
837987147
883049834
701488930
198946663
967635282
442444322
369876223
811282102
397597459
303665664
376758431
230314007
396162969
124708477
9907796
834192288
645833833
371942506
966109303
687855136
725063521
514648549
631077867
86252096
886144310
127774973
18399121
905181451
210003638
249204372
689060324
984274448
504501828
292523772
606692789
541762007
273037704
353440685
769940434
373844389
721468803
482432510
464197620
804441472
304605400
775719476
687988110
481471788
523214331
145091362
411633726
98076341
518165207
22639015
669086583
570476035
134444222
865071950
145439064
18792890
788992183
717966213
404864240
452529266
941266808
348944846
570481708
43853287
74612528
404639309
452140950
157701687
131537125
488417130
679111863
984518034
206273382
403133470
658410227
15509789
795556825
165007952
116754707
728630999
660419076
890288579
836426225
964181027
421795102
260434103
448960609
451225658
419582250
737948018
847263785
500910813
615889420
352595325
641812243
784931156
140343325
348180610
25774483
755385764
226924054
926820488
360372057
945844491
410284821
397389065
654569752
275520830
364556869
681753730
895901336
964345775
452557895
354808838
931039536
387804686
90840388
759593320
34749784
424334613
564977761
686384091
828038273
481702303
897646806
958397816
466075500
415466288
306056440
123535233
986578175
39242449
471459615
912901055
346371806
73611728
339044833
918367389
399642756
515054689
308968327
227348619
932791183
429570443
56619249
4742386
302767718
840514606
487421318
299222262
795310391
626177683
628454912
663936545
670097335
816269041
824785818
941564575
93465279
939113998
109851850
80885760
345517341
302779178
966070449
101450415
194086400
609117152
544394545
534791211
211783294
421113607
432564148
612683302
37758154
341956396
269042159
436312134
785175622
892647801
979927930
717246461
422166970
867859893
5993805
806055938
849457844
149943223
719357
99306570
995208633
242896062
897183576
842568246
825381933
763237123
664900310
511829781
880947203
133559373
885221982
746389554
139660046
209120680
109013350
733099558
910296269
789448584
823743850
220490483
195129157
591981803
194071285
119650934
81535227
76430157
456955284
100031125
793267097
297051765
26411494
281300877
512782035
623472965
455186051
410346990
434177851
320223509
474775265
32075711
737330415
471384656
585703949
37832159
525857757
278948283
446362374
396620960
566362222
148143274
147949379
183656482
163397147
797035151
973130312
442054735
853537198
925032529
201734133
356579127
183626395
652110681
4504842
287862935
65949473
870157955
304344190
163430387
255124307
91004429
437804386
777329072
496209497
109922257
290338573
627534135
420816639
615587999
79509515
460857705
997897981
846254270
561168450
382315347
560586995
449314666
96713051
761033330
310511722
282024988
882133514
83281296
322142142
516547787
265943361
412618219
268475767
302307496
53995219
533816419
404188771
633835328
242276240
449091800
602771041
233536909
669978973
246611834
975719475
737885957
914115965
22834480
583075006
246214196
938429482
693292303
50673120
225540798
597448430
712147747
492305517
982749724
234202418
159303671
422186641
316841765
759626961
216815193
851180983
289006496
923474870
72935398
744629337
210031711
22465213
386819154
612059493
745358035
270340895
724536442
914868359
788193292
49377211
819965023
812894336
544640872
731679424
328756590
988756643
535177493
942924616
792559099
178289583
763876812
204803130
291141465
785010538
386562971
988724315
35748171
37531943
334668283
941593154
28922724
133719070
264224019
454676061
659808766
145519337
85916722
255874093
178639371
142114857
700631660
593063369
300617493
858627534
537662803
27040361
906600001
543085386
211243084
520177724
898367727
967772223
320817535
637497698
958833084
339290942
791416152
63879965
271037952
677599060
912225582
848955953
106487470
366241392
575243
651663521
888934205
954206892
126896155
466165871
345870764
350551521
435454253
399301823
813167841
323664650
718329002
410010012
258240935
62441867
620651750
687129150
685135932
233491310
379748984
831223413
930292663
452499845
99286130
257989201
253435925
163059382
795436397
924255295
291904771
234121147
691485609
688351887
512100392
199774625
829486877
740639894
183365246
71352650
632143246
185786280
30825405
959772436
191574691
804226417
63048378
198773284
96840352
84584319
976730009
732546224
305989374
706929058
199433665
694308494
140778337
329087806
736771503
43931722
632961497
286000905
913674007
273672095
42743225
655642579
571513079
92463064
883264079
701091768
267746758
118354959
242621284
567162085
770233597
985744520
844247002
577317783
913273948
706873716
405899216
782913446
489010005
537430480
488861924
920893058
226239404
212292135
98355422
773669023
943280100
619421407
696152435
673467093
465762617
989703445
408751117
955996093
597715798
748274098
437708761
727079597
980827656
386814537
658494061
246600246
921432878
136534602
684275656
47948699
787233374
817341612
659779726
617337362
395854637
22098023
662521635
275271974
768495656
842442691
53087719
423845995
594857168
683133033
803501823
177895468
859075815
926435442
896723070
372912547
836188618
503004088
953513525
634879660
581348799
622689920
116722822
802290796
425442585
996374740
683598347
452621425
795571020
646711040
313355989
847752734
354509992
822962898
324133514
550840274
217902519
463465174
941636804
618782382
413549257
724334966
583209296
585602462
876251071
278934418
108949558
138095517
527199873
781306938
791827574
539022250
133179063
914926941
107134243
318226734
426026899
369508523
774005602
171030470
466117786
177808504
446898437
663053054
150780572
403245318
604866052
479190726
489653119
753400754
212823616
902961392
713530566
305961747
121579140
952376671
433549783
420054170
431585232
557517277
717510256
599545810
613539903
157120460
331483646
540275161
661814364
862281152
447598834
524265418
28074481
569965470
471649446
636815158
199218436
750957260
909529062
294169914
511271620
24264626
642707014
548022914
640379654
209045690
930846177
180969135
271853285
124232296
58248795
939280758
29426475
910933116
368334056
32571239
629341887
526467497
793777983
69994060
307426383
74133018
988851166
169021373
270021981
178983839
732771106
301472429
140909209
49169164
916499703
921082273
352618075
69452128
816867459
121949486
343572818
707933143
383914858
624802119
294671537
489645382
870612492
219215612
224521061
704559095
832958243
867370349
684545098
219630436
994693721
63931290
596806971
826123093
435328883
967466273
742938521
517351236
9271832
240255508
994439237
440865133
124237211
636103368
520262977
629393073
520298560
267594051
257065142
570090898
157170976
672843858
350312448
193502244
78228988
749780610
787611272
837876655
404694168
40147674
479067740
562842071
716628908
59426631
227198248
25809297
286097191
646306548
79635534
967255282
761609782
843151371
60152638
688258559
263385436
346461284
677153402
44508617
350567873
386337209
261161542
855210326
77786159
167124665
301923318
454254128
9054778
217338306
477771428
742724053
555485266
936907442
176268272
237231896
806108779
813115198
395317692
605845591
231929945
234937569
118988636
737849196
508224071
589053073
760643053
510505656
258844797
918351936
48927091
150990163
228653214
790110861
55975397
648733810
627455366
50059379
709142028
432339758
698863849
281528610
924477914
340423722
259417891
448243046
556078522
14718465
392818120
66112982
677733731
699461205
25947364
146071602
175503147
509321671
600667990
89629067
129934728
84614345
893312303
38865320
359311250
114393569
126011442
788728723
7002061
190991227
689685721
553037165
316251567
342441469
629699609
253518999
541806022
540503770
443576379
300319301
871971894
948388139
410978148
334877030
915793696
395342173
990670808
358846805
198893749
591750184
813095445
703944046
166445368
482272920
138859835
221486805
829168999
813482921
1505221
557755497
325258451
987578778
50732702
783594056
767553843
170502178
282253141
221822651
461960415
235713793
148336163
802537328
533781114
24198698
430407126
37886104
686048115
171615595
604150182
115803041
925101094
701612689
573538223
192582100
752990853
882672527
934850159
213767697
481304842
182341569
435408068
364636036
238422807
820888516
821009249
336377370
976362494
49885554
418838315
30101658
339564089
236736220
122104412
78777674
123891645
492797057
203603765
896752567
938475333
592960396
593173168
134733751
297899767
639561589
328703650
779220694
702735740
453192145
359978870
760382667
287756616
59042062
75019372
5387302
118269891
493024664
360869824
826436870
824647459
625648019
449432205
206934269
567344494
555136770
707191146
761203379
711295993
558465293
756624081
965340561
659678801
686676115
373330184
362847447
549410837
46026406
427949649
290521767
93268812
191306950
829099096
902256690
158023078
818879234
472003680
405621022
60437599
192619886
159294158
639830244
897814720
981028699
636254084
870800167
293637094
803591686
537117090
195403751
455828218
730173235
237593220
444198247
599638832
223656868
766517164
31187515
35325875
558939161
181476268
515015363
201495672
747934240
559170226
544632229
227472592
239667393
176540230
460623649
26008297
454754522
201263783
641247808
832651946
93427879
903647221
343880458
774975967
182788999
879760189
563936878
981228284
31400991
474671032
735713838
617663689
478706634
721612294
756859705
385070190
923165424
414359157
551478361
641055046
271264325
863728427
823816417
949658742
842299790
300727987
113758980
365284054
592700788
583497872
507583153
487915184
893205045
124304923
900961589
708313183
216844035
733335681
461540297
579146247
544330539
70558267
797751508
293035255
860658184
896406159
619673542
974562585
844020293
399017295
533802599
553995130
778057743
974339875
565612423
576118640
684990381
971640637
498456095
98049554
799647985
622023030
199643790
786178147
572306537
767014759
829896430
162304553
466292181
800414936
110938440
654792183
562707807
828803002
493680716
271232451
3524383
939204882
549019381
791465896
753289023
279618838
680150576
954858040
507528112
548711144
302810472
450910417
587008200
687566209
589862552
242905616
974940458
523024069
253327652
939471453
556125773
277268746
295258310
703596030
483757168
914433833
983165436
135149692
556004220
591070914
672198369
463356363
579916436
176514164
215311996
297090922
431621562
262958552
887808270
822206477
512477740
757463377
397010510
211060134
564237445
500425594
149792201
948188385
523457478
871747720
406432922
60604306
342247985
206600922
138191539
796972639
618892960
390887086
606792242
146974690
16134116
87411397
231294741
947364214
41712282
422804296
901695229
813603061
646941901
948471070
30673197
510533041
549568490
559093166
282296159
487445062
33273933
969591817
41619293
826044897
23132435
516533310
126467704
390997294
185634912
903090321
86113918
948710364
900297021
109755692
334402520
173416288
590845825
559874972
940812434
346883154
419027974
282780221
655213668
440896594
753419325
2091183
482191953
325241398
677983097
74039957
726902521
238163152
32175931
705024675
828203946
664796344
233166522
935309707
103042897
892554455
765247881
944869739
371996141
344646367
142921491
627430979
468339543
554767041
478156199
189319468
196610943
145414573
595419153
153606057
149046271
637331678
944040526
725913703
896199957
110775461
784295626
777455244
838100557
998066713
128884407
459360426
336079373
851182028
847728197
522395173
619445689
11466222
681602542
434213754
366947303
895797957
177098711
29245518
492642767
907308652
493471125
789346952
191424988
528256753
69660162
410756071
893042068
346168099
522917394
944569249
597556414
199182573
549719831
522760113
842362772
175033722
973853274
353102001
240950442
497655719
646310387
103121735
660573031
697677639
772026904
496483374
683835197
155994511
273641941
174858375
489447844
809919004
379929603
283360192
151636319
530547578
482343917
446318864
635752301
667474920
649975750
931072293
581152628
222381988
748575510
443164290
468235234
617166759
726461023
889296023
131039063
469992507
345328989
305709017
912430803
640238618
84928417
346235981
186840222
674463138
764377131
512666821
792969267
871746881
419547757
125331509
493856898
13448308
872861340
509951083
783091269
380084853
948195945
865171940
491512955
556803902
600786263
640365649
877398902
464236262
890907165
134253108
283433927
994318869
300782801
22121341
174591676
428534854
290339690
971973608
269844853
386912518
771191587
636624002
738282753
39884995
764019379
464801528
848782846
533833879
506680523
959197673
178512132
761260902
106290831
787553549
276021467
560186154
407907516
14467679
576972498
561211456
992761548
185187802
113904637
712292331
769336355
379693252
510367098
346464518
882201434
590386708
904760184
99760660
758208770
761805916
210656071
21540428
919906948
340532926
784856683
559245134
468999303
866312252
946591619
413736224
662562118
890801008
623260795
749716915
587107174
171314917
658072082
603573017
939490294
870082716
511046696
316795069
301730827
395312691
858709978
975933604
985662811
680229367
763193540
918185156
425006200
380751115
775369763
333596016
893721757
562889271
419649151
151626511
18659497
650911433
96226505
246185211
8108397
842138390
185071978
360507337
639802117
655157520
12621404
51940722
401896362
858281378
792488260
50219881
869805216
871440571
537387437
187063945
112336328
801974602
705254453
620455715
980953199
525133912
830333570
693105576
523316727
317260383
497751178
170980015
293463596
954542433
549905334
879394522
558551243
169923126
124351592
574118296
557637890
795377066
909474915
420837520
361130748
910531191
539560165
660457611
528548585
57527901
461643905
250262980
4075727
774955519
257470530
845015547
408744649
864992629
418298749
898257611
473870579
981683382
25139858
722218918
298666583
102983688
470858235
257518943
233652097
758611873
993488163
134168600
100762277
693619722
980857413
638615750
317278147
949227757
937075913
955470019
509355701
424947931
275739060
149377178
874773600
385058917
555711391
908617505
60845746
846640077
595347430
105595281
79399031
375640098
732061423
700597669
908062483
238449609
352671817
283524118
470764779
630387138
760295435
30012353
749140086
289594947
786877065
548498887
331819577
445256174
843149097
951416484
834729159
356163794
608752305
311355547
638061617
657162956
461843079
947978358
547258064
125947338
364318416
301704476
722623051
672329954
618419167
625603553
619489961
838649083
180368110
207124606
12564347
274317083
74514538
340507415
488583828
941823348
797032047
297070542
30197415
599633302
6331554
935740385
769207270
874098232
9198208
331336088
477586512
448792452
532622951
737574825
262285563
150840263
818071149
795891742
818862238
237536445
524737226
893864906
573120415
874977054
700046443
342893559
800898903
371794453
392624710
933570473
729323036
743624038
993760009
607154605
832480542
171053693
302994563
209283381
851071580
969563214
715646570
172054720
140371594
46915790
333269206
566199136
176544944
138064541
52053143
107045836
994283751
956597010
838906446
752462757
498465447
986363800
953112269
593491796
448910578
336415203
283251519
177525977
917405556
306191074
732747828
619227263
178559321
857196089
721999984
783414138
97962580
528807902
358234897
217018593
931151501
853996753
171291103
68581669
674317004
76176833
888796440
394316991
976629231
482558591
177657658
362265059
841786610
798193619
133915646
500491782
868043886
751168491
190590609
331010773
808188345
424463834
300330709
682740646
348076280
415313017
234344479
919829241
110327389
460775121
172925893
388607124
477405635
196703671
971978505
248221453
686108646
81615144
960034968
210087655
811101358
17767950
74924311
149855100
594940230
488949317
230014365
178497970
979008840
13210965
267740427
177311007
499958870
633323940
442139036
968894437
240721338
495087344
937535161
852215576
951709785
833568392
283680549
784739476
443274968
707748864
871496219
285282299
173746868
481463958
410326188
193123706
447065047
767562738
211115984
98870002
851202414
856505221
573099503
240138973
177885336
237327737
333728687
328973100
240978854
437075716
397202200
315627137
956046985
965877150
925293551
362716987
786686400
47759538
492281901
847135723
971015880
339545779
654806486
576244243
366254926
624017357
914360154
787243243
700638930
466880200
182541332
576584074
884624638
858771981
730385930
242616991
549341931
611453889
39373638
60041424
252321896
216609069
955390603
97306926
910197869
768713177
927968793
848922995
830223027
402403868
845821354
300563332
834334322
142929511
428950355
822750522
446171883
576525030
42557543
202930745
457951194
280290083
280670268
257440510
236521318
142776907
414553447
230034207
47514882
773937444
346997662
689930532
711667430
983959782
760864848
746302246
981295075
335306531
132285518
621935361
935011644
837576834
985280928
327601218
838396422
573013332
800406749
534915973
118698802
790580200
448064232
920963452
889316258
435033340
877309761
714065501
263683809
841765216
414657830
40762532
399044347
642089514
664197115
153155828
409539463
785603227
774067822
876891652
273125104
502717162
738107308
86407681
215800271
603324016
122668150
505285195
71091922
638737225
699341404
86177356
92040151
769324027
98754978
126647284
650544955
120859091
230694590
573655680
335036212
524581508
573867351
450571639
859317071
591923979
577304444
358663264
717644670
402675681
762966965
66450170
159021334
873399356
854751304
880772901
828020255
667271735
846717084
899617771
291084822
740228237
680178410
940118372
2190431
618406519
422336876
816517960
840437226
990640951
365143743
164070427
525387734
697398522
273173316
50452401
157578461
803303433
182511672
476349471
419420458
68843022
71959364
818993867
792776337
297729472
598967393
810009408
772181839
187059850
886381954
694764567
661592846
851421848
809949592
591994493
228643770
17085596
213169658
721911024
267445644
50988322
579880902
657846156
813213348
923158911
513634657
215426001
795445762
320304747
854915452
907233570
94168674
600336450
396944345
482324580
765941486
46329395
842623410
385202174
721325617
526837490
646543264
134607139
227206697
824302984
545878038
256655830
960809079
774427371
134530890
972624531
55001725
14670380
823676904
609978906
759184955
112297597
238628109
189693744
773145998
640762893
253786756
672045519
289862447
974262641
354285015
513779170
852494055
539241808
814286908
32551431
555128158
1838225
740494215
557072508
789024525
927416769
505685857
174959371
556142247
988220534
375304924
499700280
175301491
105366943
582235894
6701365
143900555
71464362
545760879
427522281
422140654
344559490
313881135
321399019
843860390
629711145
173845605
233040187
148167919
182500465
183114841
840490320
496849688
659903699
760117076
820075903
762235268
822771218
371663824
301317051
985980550
449499442
514092171
507573659
826268864
920952946
105266981
301618203
694590339
44892078
29168030
891640152
494166827
60341510
672293097
578141185
30248677
831596808
744946077
701628003
152701898
807456467
962649599
639225619
966404586
32406728
951565398
724324284
387433574
771415272
698336220
705112547
835158755
606189226
766681067
734042072
663827681
531941592
58744305
405539993
932013838
910965185
83136478
960569701
353538931
358386572
399661980
68821974
997875454
374787938
532775458
989534059
993128915
620272362
402336672
139860381
109562739
215605119
976558125
627634434
295338864
443868462
672105559
657612701
123576121
830480454
40127109
614189550
89183761
900179100
943294817
884986138
756184377
454993204
706855332
869838819
661216850
228385171
319452452
983778474
462676355
624922710
53639802
319004817
797558395
272339920
525105219
580718578
762804511
902616895
739015882
945939113
672859622
34262427
116669107
685445796
17086434
193386111
393324322
715087933
103627763
834120075
518109522
262023073
159536132
574573787
674280857
854665231
703161463
474338013
659690449
411743100
508338309
249522199
906331224
927985069
203407770
383845042
435141704
501042634
707337378
429125509
450864250
348045936
676195823
935418826
436675442
246661440
902951133
215399167
458614849
862313690
102850207
861284465
301255772
726661079
822756762
41605606
620973861
46965709
172081091
477262766
110713467
75260321
326888643
536663583
343631942
186648209
501754796
304646119
11835443
479477704
791762242
375452268
140590996
414108634
511563322
967350622
664003605
121725158
733506479
39837964
875328917
353639208
833107848
286161718
230555297
730812233
575831685
199591662
37272312
373475934
547715500
19901419
682965144
746862152
507567956
736301528
759460405
346109093
172729293
374377074
371748037
590280711
192373775
373940759
497820517
369956709
395051914
553144186
866128374
954740647
570964095
333970202
914105650
481118272
213294349
799300970
327706892
33645253
785468671
208473599
454567868
316308442
389105363
778204257
301744079
350564767
468190230
689956882
145008570
679800705
123231763
347189680
57083893
448038081
787777608
265898670
861740803
427242197
651170811
104169761
526564242
774533457
659799823
902637387
267479838
473507518
693490449
497594164
479812376
798746053
647380629
260667455
597551050
691823664
671636479
385219284
279536981
628871838
909520826
430835690
477403649
536539108
761699826
125593229
547369946
715988400
260538220
62348732
232653016
692436928
378167053
368241412
385456747
528486442
501483848
854567378
442452241
438965609
234465158
51427580
695263834
27364670
177935717
774257624
869220866
238940817
512578475
973923909
885155752
319202785
448450969
526299309
753202300
370898541
347417523
145191161
200693117
3769330
36854501
701658218
142360604
627971356
828561913
833264155
559884601
969774298
399752951
465855578
925757293
309227182
882158216
753227726
808668172
809416788
62433950
62792935
820761279
271297393
955898828
334867387
911990857
525062149
726956279
241242293
980738459
298848662
967608864
604924698
919127870
8896658
494902950
854737801
51420147
789280030
209075167
683068823
317765096
869499793
41487283
856995756
674069581
643392094
114755465
210347713
210487312
25905096
196591518
589169552
797926056
354274558
717296463
605016389
308023013
228276
851420406
597387141
914469211
994784380
886501973
488976102
854074776
851834754
222861518
474470910
208985784
76782284
625013520
455669464
77258846
253249743
700153267
697925899
44338445
831841833
699647816
138781126
137767047
262340246
35974583
892479053
869060394
519653211
206779031
432716802
865392013
571729905
575350332
902257199
338399518
763496346
318967256
269564899
881056688
445055729
214277261
392274234
832585512
585439931
541409452
323774527
724961634
127702487
230956407
198683871
64536333
364746882
932190271
343801702
221007790
27659226
410526563
550690763
438389858
321419344
108710853
628981899
210091083
927930603
779896579
877140655
882330723
836149638
976024634
900162336
727248566
181719699
308399026
905685546
665700942
354999488
628042964
130646573
570037903
215912376
864945969
923927943
599756591
255340380
392250695
847253699
143497869
578328497
187311348
724003369
738471358
619157225
483750965
922452349
653015614
272563524
700040450
193819510
124981274
554168877
334541173
675464092
840832938
106499097
961097109
327329037
903492691
466119918
702595145
968410810
845932234
47755480
278677518
740015299
586730854
879574345
747730182
986837814
329896930
699341431
499507960
657598814
973476865
950633537
788614564
124832020
564975337
944049394
303190079
478465569
388451326
217681914
604195762
155738118
624355315
870130078
826475282
654558599
854322727
858847201
482354218
157529324
193727921
694207771
781597188
852511296
320058317
907028942
420419542
911269921
285236835
284067098
989972037
293169275
693663017
27868228
955450509
635245283
455800270
809964352
220856500
229828521
70220177
172798081
146407830
893095294
969094258
453232885
133331038
636351062
982923400
431931610
313994057
979670588
459981523
793229
212769209
964546228
847083157
730124517
183230771
500181531
80650376
41640637
879818873
519475812
70353691
121697371
180165469
180267546
326805040
532442993
650965521
291769600
379975559
234522951
202522264
483892599
456096610
868140141
578629544
965127022
92781267
781302933
266165723
933190355
381074913
232243422
430673985
533502847
416231248
561445502
270146556
221880570
289678082
242930499
906217867
243604590
987537741
483409182
897683821
658048851
434932597
453538937
928144484
194354751
139750650
146042582
301934664
270128260
188416518
77561460
865348247
646772810
358600294
148401880
138438513
299136628
480495543
394664868
393235718
700373239
64257685
68369811
542576100
745688867
10418430
317884807
389830159
387494905
173911228
305105898
352178074
921453143
59239383
767673673
251306739
517612536
823635059
915722348
118830099
651845362
436330769
534958583
361777619
307426113
656768613
763071813
192784314
55343858
101266200
195139885
589094256
569897851
789405739
527899571
763132325
902919
476758565
882579486
732820583
428432382
940339235
13502822
270809921
891062741
300945546
91247581
907714393
440248671
444509954
467836299
140408953
636704732
148817475
478272278
964563162
898761020
9724970
352879419
128997324
392193439
687877599
535357708
724685006
770959035
808635154
74958138
768802089
794356875
768327800
851745379
230752522
972612536
155822100
631030794
817991433
114541139
26073412
708704347
151460198
487198196
641724347
681447256
982180359
442447828
242210897
392257026
680392807
64787546
325822564
611189709
715571300
780506148
87187376
447506612
575610715
239033085
739180939
158491804
484209323
274170764
498324684
285581887
714415649
541369152
758016148
473424596
763897871
468906712
356576300
975571521
8610721
456662920
843455368
573517372
102312822
279298952
824978110
674961644
539599033
654931039
114660943
604495027
375273665
839255390
501448765
813675393
532965742
904697792
79970418
445098700
912267855
280061026
955258307
326369
913308043
667203170
156483657
82286466
453633445
996490089
177059483
505821340
468531159
829314871
362528176
73505537
373128881
958324287
21850953
621163342
429122141
73713607
737701284
869780551
117120584
80142533
220198701
680604373
819257014
355225295
121088840
727148649
910375562
617411609
545410124
896730677
935273325
160823778
893041811
367393811
796920995
399523042
462395416
698612290
617701274
532323603
595196768
179820914
634490147
729501363
359212098
202653697
195895829
322290944
662934372
403686498
729258943
641341677
7344259
553711766
211474780
105783613
240076484
215759537
918025042
301223128
473952376
732827778
297604836
668676791
441266993
782003620
542356732
151138783
127778977
843401061
924281044
819692793
941612489
542047469
549558752
446325751
408600965
72301857
46477432
756142013
276598563
214758335
448104627
45254266
475719759
236621024
968686722
86037341
924775966
431307049
432092270
199544944
654057632
244611944
393437365
864601242
934202167
183402922
871155862
714509837
219526283
404434236
881972351
634043751
227741241
499061825
483407155
650860215
689958896
289582270
880097060
109962555
935895926
608348160
376492185
754084766
312839609
789319358
150262043
661761033
957996704
41925895
653224173
136503558
174002487
328125983
479336749
424740082
697960794
900560701
499334824
553467750
719342123
909817967
669888005
708807581
857026665
490970125
151237965
340667041
99530981
480790808
635195882
404524250
798951737
8279050
221116734
33068189
291861119
98565054
493131576
434247270
234099186
918538322
84472707
213355179
980169653
42059520
558718547
926695609
643036959
623984441
68970098
445449116
871098853
875746342
722756469
946007066
911509848
949282307
625267152
318649958
694679211
247153634
25415011
163718259
585210742
573184888
637316819
470549154
327388662
698521253
25217374
352347673
751946100
79473932
858119556
896447561
961214004
505231998
673333304
102755393
854119485
995682906
443679555
864587834
83422338
234243179
427820230
14083762
912722450
685979563
660743794
86694313
891659213
170533555
189613461
14695124
277795669
177032414
571094414
124998129
265618098
132204912
643161691
60195479
965076834
401234648
334954435
45294426
641256622
391462960
141091041
105349590
497629552
67811813
668824305
300145884
529755763
36150393
652393082
186441554
207306859
779906301
725443998
338221429
1
