708527788
556568672
303863561
156326109
811585828
440197455
912494155
793199687
551116185
880911885
97727167
982098457
323798251
499181916
358100265
661948810
5897195
446574369
587383209
269667728
377501949
223689420
711580827
858738761
727920707
303736030
78572909
63363351
67095845
487495424
935404928
384001328
493764205
248624323
709193088
910820203
130355899
630640225
620674504
992777454
304355240
994836843
650898711
138382966
472957408
220942189
30563699
913064633
46997334
895588095
239251001
638992492
997799691
4176181
536483139
931816400
962340751
465041348
37245121
582032231
862195512
940704264
317671987
204866363
632679794
866834769
315728101
550714904
975253593
605979325
413836619
265411241
612671800
758407971
811568240
420511626
346832986
435420106
294188705
336594597
259489437
879564848
607595090
388996276
45122524
270920557
933758373
188725488
320603074
855791524
36703604
633687502
44840502
739968322
985966435
560613679
428942043
252510717
13117185
879901904
98966188
31387674
287890650
642416086
624223414
451174366
324258614
612907944
211491877
567657943
702454405
220788635
116840208
590202276
397155567
196871297
933827115
103834792
394673329
234159836
950073376
439400452
518907522
299036236
994480677
445361293
265253340
893820329
461623842
501844089
181697493
187955331
749961815
699936018
78526088
510769059
654610493
192943084
27556745
324703316
356669378
767820342
435562202
877953268
871389341
184372283
162920165
385286974
581716298
63238026
761003865
798557395
57425994
669102266
527258304
392065222
258153513
956633489
88991294
722882959
936970368
351548334
66971034
971197781
906275363
335607732
214700237
850797733
227002352
931128646
776695595
130892251
495494831
893577137
36042851
362899205
31061315
46292734
366494528
339968039
638236348
12415998
124204175
563652275
351581890
166161976
44334737
918738924
988847342
748932832
95070284
391779479
426366932
6750685
347155312
865971749
364755239
131504774
426961818
687291755
500289761
77016906
410726637
267677113
737711263
706895817
520809572
295892467
656534357
948627931
429459602
716004615
744528491
839522305
202742414
314234551
205447856
404146064
164165670
588406746
169186103
723779211
906437422
384611184
580816029
211697768
291144126
534079906
560125840
88494633
953426648
463236362
640522921
170570038
254229300
310303628
742567281
206875817
170408948
262338988
470779744
1
894738689
519131130
766807613
644964445
630586112
581167601
565240491
269572578
546703419
520735694
592662547
586708182
974545293
695934142
113421385
934501617
428193690
625873626
307401130
954286970
40696258
208418823
43619983
317190571
928572823
411289869
392433215
343136899
100332083
991619345
873553369
794458943
809400824
255374402
474027857
424512283
874903692
973017433
317383556
174728110
920281309
312317207
785203957
265606292
117050450
828569367
31103222
362122664
718918779
728247060
906636171
620273768
13427585
924677900
372427141
127279149
713085780
435715426
398957718
4089278
921807012
542770680
206045140
116430738
846325760
821448767
396030310
20994585
515667700
284095106
779478885
418638202
880749298
867489600
781699400
151107558
223993362
123965139
481156203
674773894
599959884
328139128
579288179
833692841
559668425
922268572
925387040
23255897
220502848
768221312
945709292
912946879
744500303
933076588
586989606
661742974
577410009
227971960
298131795
470133335
895696012
878374467
926240949
376057153
797235997
488621738
206173513
50282331
460186737
144113694
796721156
309851981
755879719
334295362
922436212
105314551
363181737
471265693
443019974
627088262
832016182
116808927
668070945
235921829
649069260
219342205
626720348
304710311
553595867
446121624
956439339
195702374
389798049
111015283
772522775
81692172
1298619
533794227
608150290
822049337
526610763
207132290
577621663
40927011
939182963
701328715
648778345
988823775
748240079
606639681
366178210
126048772
708602700
324611260
194787524
898585869
191413215
830806036
122534289
377539358
552347270
379238698
256824898
671335253
247331390
115718450
571906286
209049014
90912839
940058962
111336852
784581632
426474237
588414127
924737005
849200060
567792602
475861992
358677197
878979068
756211693
524253641
501984512
402405267
903956663
201639556
935659763
668854303
853712323
586241057
191816621
221862394
769767604
893767406
876646585
672437195
151630667
235825318
87707588
8316013
295730998
705317871
738910196
269592553
360431120
76146529
436402641
53359124
732759940
341116629
435214559
175103164
252787944
555441367
648306288
142547872
336984744
591360766
982483032
444762355
371391064
763474274
614193480
497890740
7747172
116512124
404885745
710867610
620678735
427292927
688334080
993337256
866085346
572883985
140375966
564280159
208239093
402519201
264543041
818836469
494173626
657919173
608263128
535864645
485037805
89689336
489291485
26879363
91570385
810024951
718922920
885464803
929263283
424530005
873184753
176259919
389536950
112429521
214246337
39568414
69580560
49138939
804567364
563815334
227179143
406961636
741358367
662066164
128192306
93428398
500616086
705447751
851100442
909233214
866503151
682178239
538763951
517936704
469063869
610989518
763591646
947283729
706621928
163797620
894276508
146340062
176053155
218286011
766872285
912887045
310176337
162303247
575779057
846199702
482945067
987506185
41677878
467332727
251102053
537486450
689097191
494264131
372900933
792817242
636831620
11935668
54534395
356450118
392074091
521413220
109399122
928906106
381167141
550106793
661138746
955462297
476035927
542141072
181822710
410779848
291364737
18212972
459970964
501014194
26994561
973857557
587868281
327622155
847265759
278592351
9201832
550350277
251360191
802065520
291994539
681285940
489503851
877363099
599969439
383949839
891932119
814957159
86424098
279448462
728563407
930924443
538792924
951598362
803497848
46231383
417151972
407758036
456742783
943975918
556168283
297315373
71894319
454498012
448794094
122552541
449242971
100006390
434030961
961349146
752504332
5811650
549582172
888581762
779375965
974276501
885912417
280729697
588317571
306338614
471070084
670550316
535446042
313212698
374836792
33788859
447384341
496072890
234916290
641798910
374780780
488433573
285966166
350130161
762078329
952373072
236183626
486262859
61909312
383413799
358912245
986305388
890254496
921344320
562579525
26087522
439251358
711351188
85018132
127950313
931989780
142219568
518639797
344090239
404453185
4596491
597716332
881395293
696085675
985800358
103684768
785383327
143006806
650737303
907759658
376447268
461256533
289163450
776732626
967000586
803587571
10575152
436054423
612734781
614752706
124078453
949105999
256916657
548614003
354836723
539958184
761660556
352336322
210362665
863191266
155181440
474432971
905155762
673048509
738719905
532810322
843410425
452303855
947562833
500053962
520876934
222875955
751552879
643162711
11196276
939372082
158450090
614677705
42374587
643329033
663985119
937418807
134868124
985097756
523911923
553422278
587436167
595696975
62943084
700116370
350013330
205397555
487186107
499717307
778084716
330989707
925385358
613790166
591090204
210903210
815639217
653124949
759220064
502987404
610446378
544811242
505573237
109114830
333489379
796243034
57824660
461922893
236420204
195584191
887961450
542761789
833725771
831510837
221590742
995121901
580231785
182948570
980013600
724949823
625355890
933101575
41265998
220749563
234197319
148918126
707146603
703930754
413631899
960551152
202239406
443018133
898103017
53706277
617849231
420067914
985273216
666747885
94249918
475209968
789881971
97690814
25499744
9930486
101042471
449005909
183564524
520910553
660797814
299730318
352227482
589003224
327187804
201703992
274053918
211282669
137717158
270110561
903517366
958443961
206780333
695161216
992666148
665961662
423193220
668053463
374207842
349723805
309995577
204881039
616912779
521498820
601209782
47222777
45617204
179344576
885613015
946850884
630743709
145501767
477199754
983182142
473846670
563694051
30103078
128941268
615266607
803401252
757432065
318047271
827798715
224253412
132533167
372673706
380677456
571554378
370797263
441935554
51816883
118497573
774047923
161092261
526535151
399243792
78932580
353026846
689268528
638728538
477462269
323813917
177676444
186509137
863847986
774740698
373091471
258051514
830950865
450930771
690222385
763794778
757092499
963858668
874944733
279960813
525950884
2650156
304341591
798177598
643061731
127433716
992486250
249445494
831843420
350335209
209623773
432385302
222541754
929374742
496071938
820314927
490718134
125159112
535578427
206905782
929846851
204426666
612270172
505740860
794476345
913535963
354733632
388665807
390335495
774329901
889598056
820849047
611291965
494612108
639121557
28836779
129220565
460435867
303930021
390258260
562005245
348077015
690694377
441849658
8336671
405174241
44382456
917178668
830499425
708899469
144270643
269961246
975050943
409537715
808109903
512005706
270201715
325512984
441232964
439785641
553099604
672590896
690567730
644660756
120430153
188878811
178877604
62366565
171018422
247226833
973855926
422871705
709338850
951069468
888595812
801890864
600267533
299488673
43132590
871143889
199197322
39573678
578649555
244979585
234712321
514009689
801135390
787718943
826287575
251533115
414638915
309237343
213998659
659853837
758417835
942679748
324022451
261415843
19956944
132686019
315381327
454148391
4979951
378583198
138043395
737856745
965933493
925982535
681298433
703559191
253458036
111781205
988064462
182963046
458069398
405147381
631136790
508430687
839551797
71230604
411209479
953790817
977162037
883905509
739633455
880443734
70267031
807251170
634171136
51815428
470366015
507684597
921701598
30035221
177608488
416729499
100386519
717850392
417833020
819579487
459965337
445184172
741327362
572050593
437004530
188221900
658173969
168374972
332310648
731770509
114591765
290624912
655451493
343374887
944881480
68600727
268120916
830044431
659333115
1327143
490736673
707727479
308606596
500926405
685425009
746718688
441071004
415022274
306894507
6087528
632656518
659705284
525869500
697011463
163471874
18589823
434843350
948609461
108368281
457275044
120096668
478835138
743867505
718592292
325819774
327085268
709415875
69287242
505736791
167081492
922889988
542942785
414486625
338093659
710605778
891625753
549399088
2712327
97877166
506940605
229975076
850484659
582729455
123053884
959314467
776860249
454633335
424134186
574820123
110169544
847684382
566319822
146927605
225410922
776839348
520810406
108715706
105994816
461487517
825678070
925574158
215854041
777406337
873816446
772100938
3482886
155435930
974189389
437233477
38779556
571390355
473556056
10969477
514027210
596614201
30748515
276760513
870213665
334166474
913615526
18921258
868696576
530856360
906647642
919315000
841590763
729934285
941978849
105126991
489362446
665063980
900701404
187790657
723834610
388346897
511670201
571458025
360453025
940442090
869160649
465827000
450779532
388202079
944386341
839879922
141868018
746815504
799802159
8082032
387738325
982458462
258372867
727670529
43171779
419178057
917955737
153941575
880152171
673101682
847492345
736786859
935587942
5948470
303040949
958067196
393193526
959029591
128258966
51247261
27248870
319213511
839723368
995909745
78843991
737442752
360339613
210444998
795085366
403711056
562111705
577446971
626250165
780632688
787730671
130199899
984304611
93604868
134687709
584239256
811025748
980304722
45681367
492943882
312793584
312783917
498188158
250738723
416206790
659383130
46058536
881972047
873632755
401985126
78378107
259416679
355839853
56088436
62758761
481015188
238986794
262025211
44235226
552916232
151132286
133567987
125868718
745951613
858853983
967715830
688701796
518545890
262381797
846496689
593673843
517892195
461865756
692846872
547461910
213281334
737424448
407449755
844178718
894362710
644865114
652783036
224327757
687655489
958443845
188518014
880355546
129009030
859501815
22376519
7069978
139431742
971201659
310589646
901238788
282770871
210584654
374982871
688494853
707325192
681043912
161263601
646417851
426271529
155198198
291609863
120210295
723028542
269183265
444401963
921566118
844868214
938566677
975564691
562419876
913996162
990649982
669239039
318862574
242239469
398797645
632719216
926396813
673709812
673924677
598755872
52027275
268952446
565117979
91156110
762380366
463269464
997137282
113631492
43866778
933686969
450518536
724327008
208985510
864791209
150246328
738029060
996003557
450394277
500460111
607243304
26857936
745535648
117644618
225985249
142136665
329823583
86031315
657500242
818224161
501909763
96603957
335159024
339794042
629583368
107487030
976151820
328833665
501704956
707692535
488680271
958157685
958737583
987134557
168873166
224772226
300244602
979135996
970794574
581775764
180328343
245394871
601741022
475568656
693959203
673169579
630639202
125697054
641163353
489603560
148446019
338776690
821194145
134947745
52946412
88831738
738666730
435686530
296308428
972090326
581994373
28464380
708397767
108480573
57491772
399745422
975848367
161987675
717763175
797585752
423225617
136673757
738285980
549263461
483037850
126932988
865717902
286284666
390714982
120966703
527851442
428606772
887148248
669063875
963830964
758776330
670386566
99765325
341647344
836679799
993882956
691587002
836395026
294887382
510250779
33932104
858988543
260431257
809805507
840983935
417886385
190275571
653205500
734821306
947748793
885728751
757423978
427991403
506900564
934550971
481628783
60975273
219060025
195389747
946550668
700302478
678946053
800734763
718194860
33833178
125913134
609150784
813768706
339327873
675017779
741598095
806242186
72138547
309843373
875489023
268631029
87274465
570677794
845001031
262221306
513000635
496643156
442339249
144377392
463840631
713630772
109069329
284834216
199399398
741106238
690783229
472149273
331047800
189771461
370131223
714046882
657473624
380828714
115247188
345992269
649422613
388680658
12705514
223139736
117333478
218512991
896843182
221517991
386031398
572606809
650227493
360046369
326008490
690652762
439159649
336376045
29135709
751932943
208311345
671823794
481059537
795345162
778667060
348079582
171170539
140431760
213597881
693858961
438819873
488709652
727500221
402855097
374383941
748447968
220720070
737003039
912589758
937475845
218258243
929086143
424737365
544678535
512446359
171963269
861811735
115639257
706407053
441892229
20291509
627116724
868801810
390620607
761778863
405367562
763178935
435665584
58754366
433732770
186530225
182399004
487533956
503867758
429648161
323795581
757516283
18939225
642123267
266623715
739382364
797849998
758534959
823028481
456569099
115530031
656564276
260847785
447572764
608067137
939642315
137897681
905458456
497620317
154425402
500581173
760178555
225669849
920672609
70876492
224139722
200443201
247699508
694896412
502831795
211915912
450067106
824077945
29957449
795344095
158717333
574707469
385569946
134134053
540448083
624088196
761899770
398762183
551836908
306305392
309187161
680950959
547797363
802415504
921775129
25227446
54552954
358408073
442317650
480257175
523038237
936999531
230033580
275174805
491386540
198395996
929312213
551332714
120350467
56059274
68909401
856843958
491819968
245128214
432712291
868652050
264200929
818852382
804689506
560325069
228533890
805595233
30370904
801279330
580912998
103088728
815217838
277202960
628261466
868543758
786433940
874114233
784617742
323497502
924372013
675967424
912556800
23143048
142930677
772487289
479416996
482298725
474162923
95868309
417454409
744732756
228313760
985803867
158913448
349222359
274596377
889272844
369405828
98727469
874205105
24123179
916263115
927419548
361311342
748597209
48296337
899996782
895073423
919457148
654600260
552989996
897463925
722504450
736065118
619387921
965860286
269071760
100925182
325955730
311186014
647028631
951796238
505174422
760392044
35041309
333995321
5457378
38442033
676194976
119485193
993065505
632456364
197223289
364407778
626409062
187087912
625040615
223380884
394359935
973595948
818982231
99094884
749046770
828166407
751422058
225447378
683498607
295103351
504109696
557146505
15494030
63619711
12616135
652222098
248729192
848180878
995290022
165543581
612580565
191537158
959699091
58061588
870110032
48195347
961135626
213302694
613661963
990398350
506545631
950797716
246858695
483938266
782552232
97818860
119103230
144054490
398982539
714826253
125242673
848543800
983922804
380560807
548590390
687194677
719450971
139768914
326381584
292919016
919086774
816893212
540635991
339155419
790320837
849333756
19288493
743111776
719358948
288983490
842853130
926125795
634792276
516331598
194839621
697911081
644126759
763438921
850885435
374452688
809218918
113038428
549385036
874983829
540473198
673997418
606704321
483329810
82708845
495865062
374897461
25417934
210334150
428074276
707305349
908967542
601222934
181331151
815096723
380513767
557070914
341778817
164424908
589982397
558354458
813077348
909883978
617192893
953612723
617138182
46313613
454704054
439762199
977174440
847408672
306579045
912004166
441396135
123114042
7560161
694886967
183261924
24108
301810726
260887753
56451204
784795646
264312875
297665133
102785830
489317188
137903828
531180971
85296024
457729775
972323679
809310754
761580769
410982757
659429549
439114862
371266146
367220019
75969975
525198497
412721585
623336267
911945914
830565285
184629813
540196547
639447342
984650321
25986685
339560336
506680575
527513359
934303048
869033152
551612728
655601002
173968534
669266650
792630290
585624021
396835653
693148561
343888790
55892923
301448269
185640847
847314547
579533836
205124515
479540675
967210764
452869064
384389385
600052323
989687842
192101899
908707579
13876971
519123184
769101465
202990665
685428413
815816073
957083093
235490991
10329827
670675074
430990536
950735746
838514372
612577245
575549230
885692212
973435005
761064268
863909128
530851592
388834052
647002634
297882000
104819117
841490766
760697079
241491001
443262969
875107064
348207240
714442729
772693454
901449576
574959203
293619234
471422833
210584324
357735692
193187167
377301454
18482343
415004774
89328371
6947056
578811843
47282930
89514233
898517784
704567626
725526493
288465832
193927207
679025293
868153207
36075841
796465485
604520183
684897841
396225375
237035126
380122767
575793002
741952851
688346198
85017370
655535943
788745540
423329183
597187910
623387997
246245109
115745757
837735961
18127917
156459776
879136620
281059959
267401934
340013416
258890455
306675569
295743070
558671530
705612465
479223777
977518798
926063289
765248966
24646743
966568912
634620844
755123808
263729379
89674950
376549319
813158032
175271894
918794412
681988468
18493866
385913623
562139468
235209121
666940839
371139902
102068463
918454798
916224540
673775388
482734902
791784752
426207063
945827415
238372451
286345989
829179163
900786719
862725977
663232501
789840265
71976590
434424479
114362724
253606997
779884522
9977850
528610360
630245346
599936097
174687867
949738409
550032722
380303565
668767894
55694650
962486276
581807989
834504662
243463323
217076046
950508339
578671929
88296302
600536411
262342784
676257549
40068736
974797381
744172930
198594793
956001593
744017546
699312635
306402427
445905083
856384506
638425471
829410015
784690590
78605153
358939621
846408437
975330072
76841925
340028284
588648442
134046532
613220882
224750531
148882818
890473398
525768123
718966163
25811758
612620687
711444388
619772554
20524716
819987072
447791241
443737836
800039500
275510932
470521060
265969764
206547494
222240368
673697248
657902170
338767906
172101307
747871799
12885135
507182795
392259084
262068736
410552228
155857568
703574148
872461108
523436886
69455473
322589222
439936952
607524868
687990815
543006281
555757437
530606064
696029656
450921927
651499517
830727399
788061980
203428552
825213340
17304879
668754860
787501742
23978881
663629338
671320174
467849105
262711747
796376975
707034069
960862876
268124971
750214129
81996501
875717875
366984707
514490111
326974092
960312943
523899374
955516257
198805815
364826388
2246196
516081926
756113119
379696537
72896930
738806593
896114612
972425256
800781480
733278850
423684852
431212585
833131701
656347169
493965995
353416766
14829172
230158314
364001226
926443329
427260104
968747032
768079397
42913897
252216954
964052190
419178682
72151911
903700334
54434361
542933150
512213334
635657786
110721472
732147626
157640312
344467892
187892463
423895896
142464035
615512601
545294562
816126690
937881339
543789560
140689872
359180624
125003207
459669969
33762443
890813181
294293878
952974405
477291224
207050931
766308916
376257958
744045898
14342373
192889065
211290259
189825324
586757820
951288826
226603648
563832262
109412253
779084007
81521579
869294750
960332044
845624571
977525254
10969110
203663499
410827366
552891651
816935917
791461798
145243414
123187609
508591196
298663628
780380630
869143788
339409985
411533680
66886028
221129304
635639
748412784
441289313
219636041
379201944
729360265
249583965
573801225
846125955
568030123
602519061
2239306
245729280
215932012
341001264
705818965
138061929
61069179
726807374
712625897
709740406
749530574
86567767
730736619
331350710
988078166
32291770
569612732
42312388
574751128
605575456
8670814
900883018
853619947
122760620
982469158
163833189
607236437
196156055
621733285
577623627
73139120
400500813
291745633
661716168
200478930
106395861
147111999
207168892
150983375
717177285
765218764
180064904
967729663
470955811
162985833
466789868
591290212
857229296
61361213
274258667
129531391
739814168
851943677
931322453
683904922
68882329
500014948
548961557
944647874
598360404
409380224
280456952
60296282
155377637
412611308
44280120
869117642
342776391
269523458
227514311
619842844
81390348
499411691
537592642
321626124
720044600
219806804
865943218
899050593
850555974
337250841
853782135
70132697
632585573
847506028
192037936
528504987
687935240
499498282
199406043
52796664
472571279
348174213
724332905
289393657
717524906
287043789
496496484
426290646
336347729
215882015
51779688
375122701
956425889
487988689
265459634
624894768
370429497
526879863
229197286
15910067
630324845
506322209
365422729
587103816
492926611
128072689
654049566
904795223
354548091
825177404
512031138
717523915
613120708
907521210
563703067
628509763
270444523
109903374
376613694
270861078
810867325
901635509
857724164
696980239
5400614
168789778
935532470
44557900
687879232
170152396
426239098
376414435
480189655
770685283
825739929
780911529
530737911
518297487
286282384
446175594
380898480
131855543
505657905
67787929
945235994
810376497
207547115
563735458
880805020
594307924
753930451
110050515
755972559
391925010
358259266
224999375
550054527
640856426
170166150
567411981
254762706
863853621
652410710
609689024
75865854
138056994
240983893
163322260
730481900
729848818
392600141
24813930
46224763
842361311
94775750
348802070
106897741
932375314
588720943
744115815
771077870
47639470
541062541
792834121
339722335
606640639
894857996
858448122
891669392
606710396
74369956
93948012
179772446
90670927
246515736
736389475
789053212
430856247
559716893
134243351
102220397
883810861
62607398
396878919
485800163
432817125
327250416
956671330
501798132
990957083
219593839
740362047
142254033
170266138
353039037
231241956
833679816
732535558
777241612
189606556
313305054
265678633
557160709
682067343
19424238
331347225
258586296
7943203
18016878
187069593
872734975
811441728
580592104
660708160
103755704
925434224
518752554
818037827
917965907
769567459
828349186
507032749
207806313
672985044
799630887
103904451
425419930
561718344
596540209
956129331
56282568
222836930
554522729
486373774
338382142
986930546
627256504
155738691
528411203
196472901
601662502
124310336
788922780
218054060
677289808
132002080
471071233
277098880
739999741
28351194
718604021
895082947
466806667
228327544
948952747
147450652
718520089
545057349
718019740
836655292
419154651
368199220
576355597
794593657
302597768
163714941
664279209
908222868
203390948
441313753
824891379
989340756
613815464
964629128
141931361
764837503
631239220
329292183
189372611
880924897
548923325
64817728
868086377
689767625
180637755
481949771
415584473
132917792
722037544
131337683
197116954
334567638
891740759
342884218
182576350
570279784
710258759
744731719
834837840
802289033
386779088
161788475
637209916
455406464
426874030
854379246
284482331
569701405
450677580
981585457
821408697
448530146
170401751
815648171
805889185
541833142
354260982
926119660
664757919
942868737
235528628
870107406
250001980
434547990
931173298
383827288
666040429
56228133
442564140
344813553
500622792
680424836
677412821
347754825
694691304
597000260
367911912
393848017
680963579
466180575
113860760
967612410
464211913
660415796
915856118
149866949
486537987
197423540
925327045
52817542
30015563
858672230
638143841
288053116
256882188
882408537
519851109
697404941
305359135
635926046
944938948
779124105
422798960
883312066
230160187
615783215
747121742
189624068
416536292
250257177
455193023
6660572
385830082
75987865
766936032
350925677
57913954
606136579
42299040
30201626
892926583
514271826
466243830
664031703
666259127
655016521
811252804
61370454
853110262
14557809
754903360
117253088
417682883
582047638
775507775
629433386
675320355
394085372
103116538
564040636
373655093
556411132
979850853
477305062
871696998
671370347
956835408
101365436
802871306
18088153
252276894
420099941
693520968
317806811
807317124
144263147
815411069
455213068
459520658
132327713
952452082
106216143
815004987
259939902
72005860
42782897
491497540
811203175
143320859
275857211
472654778
375236848
84541878
567769614
714828120
455434133
2447819
11087180
495576299
525920664
378315684
611768662
591474295
572830150
486759841
705289689
926577614
241041738
943733480
206495786
736917465
500242708
488763186
774665034
566159684
259854287
87332801
874667455
913370273
444031845
364705816
767496496
302127162
883898452
57084289
299715073
123719062
119587917
359593332
144847613
983056445
833591199
991613239
930127268
874014343
183096275
526382011
134576390
992290507
463130730
101372824
940582537
479705150
647783854
146324236
356092846
383347970
481467531
697375648
54613147
280843890
798465176
613512353
771579030
304827808
448395580
486806577
894350317
639018479
477369660
553401386
538414145
731159051
839464710
367917741
499539385
390727855
245287133
453524385
285410998
668774818
504614528
6333250
686559262
675527217
922287879
890203221
262822248
56810502
965833805
866420327
831060976
530261498
906187636
778946229
191170413
422091029
379088866
818195487
253330551
312792630
495617400
49549227
547066363
336086960
987401066
232098136
802990224
463258911
939934346
795022641
769323885
70422852
59613554
419930593
312933105
418776592
273218678
377741317
875452297
222120350
306180194
99718252
635266753
814784745
98463307
770176870
981594666
36323477
233321
693181398
686119603
727561111
912602483
992020841
612503691
62546708
755310086
878769848
554639174
525096039
862241194
316524189
103135057
808586276
247467157
81654137
43674819
970645792
77041823
523342680
538260572
357419214
471856458
461388521
571646353
746016240
799828613
929470136
909525679
357944455
617243798
522070991
715797791
199562880
992984026
953708329
627301353
97649537
860006981
907007380
9411499
519773944
86088708
454361201
401153116
117292215
440282888
209601014
337245880
367407076
529653550
908993567
118084762
311123447
506581838
549883212
733401841
410719349
566781863
820062711
713142521
696233754
315138932
466188791
946199750
416749523
252433337
987742240
590140818
717761618
905520341
211323781
286459031
143660215
929962387
918914699
148332849
827302065
434384311
198461756
36505936
796808930
782416416
91477454
496965113
845468667
199092265
213549824
870286032
392697392
149500045
385465886
926460014
380583171
271504600
363693073
146151138
109204279
93171475
661143454
736095962
473367711
714842256
364983508
183706587
770290812
50783117
437760644
402637070
287767753
576837925
252254314
467748318
79171509
24742282
578384414
443058012
160289428
409658357
296983630
300854690
532033991
477341350
865380325
747726380
146246920
649750643
774063505
353238207
414260664
162081980
109021140
965690879
666458269
848926761
478103516
583137595
427562500
649112554
185828271
343182813
442136086
319960408
405777699
233758451
361904054
33579783
755366763
408764473
271853979
856079445
115237155
454652041
851466596
548104791
300666955
811987523
655914255
704952158
457598967
74496072
632899862
929354291
577315162
652635598
632879269
669205152
114501643
748330552
82765642
711434424
67202765
159190613
320214237
85889546
893307298
76176320
791152021
356146945
531876548
173871648
863667789
389368776
375401240
974635287
356848813
320615844
628227260
656229829
775638942
809810908
661614554
413049140
756564257
497087744
518164525
194092287
530501443
644263598
738783088
374765787
722546839
432589455
646378689
47680402
742062139
290481031
764209847
119067288
315026711
746378837
476576493
539583790
358629487
972254370
94625285
658536430
627107794
161268109
974572027
166507553
254643911
503396324
817926672
898219277
380434298
267737684
930229529
91738957
108569758
359821780
989652955
490502810
922208478
968305021
211731778
629419098
965430804
510288119
930485403
740076092
581060423
895259793
506892530
74152764
196069857
922970674
957464380
6477427
55194355
783786910
487343117
605364828
77415662
336955867
159474245
111430650
847558727
615436718
767772357
835933224
759350106
939944800
224090631
890292757
127979413
868100920
740064667
13490770
156135112
516576572
779290925
703109683
524662923
579144864
134335884
473264420
187845632
128845143
54847714
381554467
829832935
191324814
195894021
766593500
278434043
231227119
416566724
342000234
612807622
109126909
520308565
932682486
818740526
329483558
750021215
942542658
325901593
895524780
830297623
259355259
313018522
835636749
171066912
962804414
676126580
59278977
45356224
667026047
224486277
420496806
155208729
92396905
347164854
270503685
161312475
636303260
274049456
50817283
107608295
895259404
49872617
825759117
674764743
740873852
317177559
583478872
502031813
785145305
372624137
651550829
983487218
498804126
938489462
94077667
310277663
726910410
70315500
691915312
878586308
466913690
313947121
748876768
92401324
185144320
94017890
825304239
385618182
255541924
290039209
636128876
740240248
263033062
349765835
446137169
286970758
293409961
969908517
577123334
47573163
378743297
706106393
984870576
445330710
321848869
531153606
96473373
182755662
550743501
645351289
733992014
84376001
193445785
68326379
79854453
478009269
867998172
462448707
700660625
585197445
921053945
356440717
842057252
56351624
63470933
875370028
791254297
855958343
58604132
533787276
714595932
879306533
339319334
100700834
49208274
695168309
7755816
396330793
682784878
912995154
177980672
179221742
527356730
389237042
510754506
51387136
959013533
830401723
354481550
75202269
505976493
198475227
177379640
206544958
43407364
969903984
829469630
302690158
359920064
849793311
327624305
867178586
304496712
926683410
284368341
676950319
288277433
393871447
361872209
70507118
153859353
211777295
251744739
399453566
889433829
260733916
379770492
859244152
463000749
581069513
619559646
980220568
169180050
339129733
181421498
150133632
825332983
427940271
669976976
7967444
740911597
73326680
931805412
99575549
558409211
699186794
742205936
98231101
969431386
805794228
96021094
682483594
490932150
160414859
46450365
462974931
136234294
662420979
580415826
600818862
176738638
980636131
351350087
515457028
386358714
253885753
508458550
472805570
965146055
694726345
19534289
323767390
288732356
505302166
826283438
138514976
996547835
289096638
22025882
633385725
67673711
671566100
749117444
298019959
80088955
580748734
760200677
359661967
398455168
517374002
473248691
632726451
535043762
610490886
329765274
395623771
203619640
160491741
817652559
13663866
309220915
387310326
383430861
266367523
69281233
914837949
411445359
382954039
368843763
646126897
69012425
609126331
930642579
183065842
537341117
365534925
123918970
339619103
669972136
448019145
705609999
879746409
525554866
369721821
375364615
563467062
35690752
566399691
191405926
539819088
135729928
266171923
303698729
532701473
234927567
824335103
93296573
305203178
736086301
686136228
912552189
877036003
792964114
450303963
803050719
843885325
913573419
496384434
177436024
267190249
846907546
246093927
638326879
688888068
778535023
211194160
316949678
99654420
335907047
30519333
850516486
450644087
603824569
52622534
740823889
421724283
29460928
582382333
707751501
924277924
658956726
874197622
225196083
102307576
611757618
413807464
736614769
771266588
769237234
27355834
706612006
229180219
48597713
862295207
268641923
230502583
954256666
809286354
652078853
607284490
794313437
218687473
932913271
752859408
249667120
778212751
923687969
209388670
634481569
807842752
889250648
342793212
391978685
752925984
134565208
286712473
924394610
799642787
304656507
655694726
524176596
939635422
215802366
413756547
175394563
347395250
437928446
689008260
563679082
459177721
468601445
601579957
481367478
796771011
858735636
971332613
188448714
661555481
836784557
174463255
416829841
930605169
771689807
178120663
665186001
838915326
302630210
982576353
102375521
158789806
144227939
531338397
109114219
142706840
990095540
937312144
736974135
599586558
181934487
531483013
965409228
673071888
357183489
524521266
940071002
992907020
990820739
887657783
853924538
496667703
185985609
804716913
463864065
233028544
90532363
801623245
264585054
199693479
941923248
883962350
114422158
788982799
42942860
395980280
277005826
234530145
518069467
737436228
478050790
144699402
556237430
172542040
960742973
199814578
326477943
637060625
886587254
650881729
226104205
92513591
194189314
794869310
687759781
316283906
229309652
603451933
39972143
485273514
500874961
23531342
624600755
440668540
529128653
231729162
862205868
931102900
211596950
262452874
671223415
405023428
313795931
994824595
924609183
727511148
660576688
674006099
151941621
958683690
748919582
591125808
471739593
423044049
399336698
907863858
749611582
714548103
828300405
55926859
370961262
508988463
628757070
705442096
366328737
964452523
192413181
845364113
638804794
61821868
976088591
428496516
675723506
495595417
340263589
575787398
470995876
148163316
83799539
794603895
842648789
269931484
622719719
854652133
715444307
800375699
576112794
944041266
786414754
32256679
705361464
882243200
468784277
766663568
10452769
528359010
243292346
133808680
969630132
188066991
502820817
327483066
500668161
765653709
918595338
776721804
906314007
34487173
75949080
496862718
492202127
908376340
257628799
976574739
275489997
182361336
895113669
136226984
789893484
823534689
494954811
90237370
887099637
387636607
142939706
156389052
884557401
663321040
904849175
285908495
317992032
838363061
769895264
305952598
965940325
625128194
652910439
925443305
626694929
224443257
690923117
958593537
305288875
721718019
255049738
969363393
526425557
26115790
128631011
601206752
681543521
593903764
939895018
945795948
441945440
638211064
138604336
733310375
103075994
478463978
520154036
365138538
201227821
877118392
178364993
946759129
782737547
584327239
65938645
291934456
163068639
227341076
13185923
608557705
744001794
566773435
734522844
767513414
971777824
386887722
142947524
72193192
352056328
848314373
157308777
32730132
796916904
143339219
34369108
55566276
535668216
799610018
707593127
428617514
570703580
756635471
608052287
785113982
644496097
558955199
806213
399286710
397831214
644213835
135422860
985487511
800474847
266218223
787423252
505316923
842474087
116063028
773071618
917786231
479817317
151975225
627812664
341356505
339612812
390960386
769875060
572446723
56210302
57739216
178174288
975422285
761023242
240189720
340046749
232717864
828566490
896243236
800650367
186305092
513343245
180145365
996579193
764938815
702105765
483856007
118213676
797669184
461957397
983318750
210460214
981503137
963623124
99120154
963628604
565968995
951558655
685305761
653940324
567633383
333339654
237047926
810282871
108829327
84677684
226959276
701813823
313969346
839524828
164027366
466688529
126272648
44959794
669829020
36283587
371665108
48934320
727703280
392809729
244416597
734885583
282020117
707771146
858097126
850446558
262424324
147524751
881071144
696738879
75664084
64262550
578096196
638149649
266108038
410547861
197925106
362950401
373903368
755660779
121872714
16928649
191882498
645403912
881248272
157759112
61985797
560848774
869828544
662691765
461830856
487808247
591893469
611595108
742760136
873431719
350102084
216271815
643853682
925619921
86281922
980196566
871066060
922874789
54806365
315641800
682617831
578092349
277160904
303146316
562688390
787758971
950794085
400928014
288326908
638963886
251189946
140998220
281418274
291993107
935056347
176433663
518332846
885928946
856996340
941330017
680375421
928575279
805023792
221287326
810483606
409524810
785242593
504290204
801142131
42773776
242357879
548147270
434776466
870142244
818217281
105378939
614070060
99173601
698297374
282006543
988800870
116807157
245375647
98549050
5322368
132072896
183585464
204168742
114766359
194569098
670702206
54983742
473748199
318379977
982028630
105731503
809694808
835901484
461144428
70241556
883486870
524706939
411722162
883791588
832937497
737060273
879681803
708000477
959618482
482506815
36688281
411181427
584242512
800585677
311719021
800267820
668944760
156549481
481688400
688358041
880682158
367316310
76032434
55238144
563325514
185220468
87947605
779820768
206385935
750498943
19114664
669849859
82760031
571680086
445676293
804312904
281817171
676522321
534736604
30491774
831019037
26338734
805156358
236035273
512433243
148535825
106438178
813735615
417845731
785611236
445800951
708914472
627951369
627693040
795831531
125990088
249406526
755446748
227045209
267648134
368398948
734013419
650006741
589325224
983997893
3199879
34740252
214059007
273626409
260960745
334085853
78988021
18804767
887254846
723795752
573918690
101766196
224716555
429164687
786870997
648350373
825809874
529883394
18541640
772710680
587558061
441725636
241887892
782140169
601790407
558758593
104024004
339682327
639606146
51472630
737735153
212614815
347742140
433726842
406185353
436646683
96191218
997340847
83441462
919122373
457383374
751073515
322822509
485422464
501988450
693393442
346593567
660310287
302528236
283901142
349570555
795056587
363854282
627810271
84996841
672777783
196023436
767186089
315559973
557394070
398809287
92075218
43978433
66515636
991573125
839533289
584832164
11949604
949365687
749601645
529549740
24057060
605074688
210017708
478262501
894117254
439307908
795212079
583078276
127035727
699706101
616958223
386863049
41126856
555150535
148357999
954277210
222199625
596009720
726258914
247912164
331917148
301441889
746641064
930058701
539338659
531883707
180659925
348311834
721069571
746669436
624339023
838247776
63717793
38920381
451310512
685249846
403719473
966683442
551453464
338874248
640375950
445905270
365031816
837438583
359646413
372107107
997215945
389889271
796085341
326640725
320997401
683046483
48404009
37576081
608028393
940942150
209215931
410521580
608190505
101284907
217796806
331129232
885949648
443605633
672115752
343694040
728616292
657339238
950605264
360750376
639779292
862363153
442641661
784794093
724381985
715853596
352821359
862077457
723177248
849023248
679107380
306080375
55361540
734943077
209335845
589092821
407552862
686718573
192861289
449607740
841354497
336870737
851119044
633915808
395026556
692899480
256702308
4987274
983120725
590933269
673755181
385598912
126324066
939967791
377959966
541225798
220954130
589148998
733528315
816174821
81644478
568612274
444707316
700269713
419616071
334849006
455959453
921409904
622046859
288804375
328011738
634100352
909740685
415676219
696119263
129291268
819054447
847542415
36003850
982816506
372636225
521984197
21305479
703256928
626944619
670085541
844133822
515557471
437878072
241346128
781112301
995202003
543149145
473955777
316139912
773270305
759493432
903902492
27218192
819439243
931938328
518112955
477648318
630625291
914246388
832062672
172788335
744346484
567606945
868399431
657351488
662190017
806437608
157631194
735248135
615128804
969291986
41386097
357815018
481744404
166395918
585964339
867404831
936367931
789708319
776825301
937121632
939170785
688452474
579744318
193840560
145162963
177339782
499818195
192739047
726340383
40960947
813803431
376587407
909337959
612468218
317835680
608182501
805639018
364524978
281180231
334686949
802959664
928386578
638973319
839916138
996987341
604952883
420626650
527756517
62365349
521150324
845430644
746078928
871157640
664474102
565743159
205306513
704493110
30239189
770073966
199856357
22872939
368906624
685743717
288320482
511518239
396855419
714398690
223519734
985670742
97139227
274070018
614988369
15341382
98046933
422967173
380243224
752837543
907996064
512070180
134321697
234056372
707572299
260172886
898457412
826443348
281144008
942075302
751892805
505458790
373272424
188163159
888681626
799335150
945883150
386264616
958263218
962651118
9929458
628665599
787868113
802524475
533969562
539454171
975380669
929004414
640365667
262298758
832784532
134075366
292517136
347256120
860107417
893738095
269706876
685864720
115424603
93193910
956191706
938148010
810746837
647136533
602236241
893758875
455612242
595809161
145076807
735784744
892401184
653504680
605343023
64824560
643814706
475383085
210434550
473418998
813948846
162858896
186900961
378704541
529030972
891156773
576305570
932770817
620685917
472453100
354518995
888368065
704339206
599436067
832307983
553498867
448971010
714842462
380400550
242952663
501365255
850027381
551830790
341776996
683889345
46906643
398193719
535091164
834930843
674337967
225771088
743422487
652686715
965757087
11134932
651662170
631953905
715580795
433806550
760817111
112461550
646332624
325346885
809054686
621090109
394476445
373037210
168744122
690497994
83586031
341148532
608188228
445747847
817033762
876032351
868003967
58088278
293906432
821662221
16513796
478424278
814320430
800188907
715585669
472232549
711643859
101178237
817477085
198794621
301534862
217583475
927507074
116617169
362032109
679337114
688588530
689371378
39988536
181555014
544390831
776971518
152007678
553585650
618804554
955209339
517404441
914466087
951602357
175736233
705701238
173098833
34291292
69884797
178604659
623978088
398710453
700628926
742606802
715853495
342330383
990350699
615984247
789498648
279552506
324511636
342557082
403211340
265310011
63126414
732814049
551721090
85477443
879976800
741686902
75129330
456601187
325610819
879491541
671059727
392929508
591150100
121611928
757683004
397262009
494057927
955585425
633317235
65524791
944147020
609134742
278130162
997822250
789024577
419944423
820298222
213516422
399933812
148759163
472438772
951037446
989649874
418434865
82202870
965204507
833699025
32942031
335999717
892926100
464062018
922944
825732392
948214690
383708543
171464199
829233227
846208822
791793159
948553258
239981352
921730525
88990158
634317922
697151350
33734504
328325256
944029142
75684638
591832267
698571395
789745496
661498324
14326549
799164996
192136621
59670618
732528690
922495742
963642370
396642625
701579043
619485835
506277853
517554693
758056311
947471916
826733339
204525671
206478355
584208640
723311794
195864455
684946335
39209872
139421242
694676054
495841929
887933425
22473196
852495349
396520486
789717694
516622711
71550667
814466548
5827625
835796965
328602831
125832830
126053214
196875087
934644633
752012509
838002775
537291061
956723719
26125741
641634570
578684680
37854118
394751028
660821628
23570336
955867822
159931422
864887254
588162346
434496536
460941833
170529257
322659413
661556938
464007012
309345923
430057623
724051198
844349540
31120373
197422624
821918496
362243792
271139627
425241320
478398223
543376477
404105050
161381904
917576844
344215260
928890457
292404571
887701987
589055119
733356999
274246444
334070582
760447339
948478670
305661367
482703626
546424269
246845517
47955894
679612002
605847716
747343789
7095536
571346362
662654767
314931035
318256186
229776025
696753758
588402990
355369610
567537237
677777200
830702323
240802751
113314273
727762197
497272709
209715719
906056155
677531230
37015798
230432474
380941569
264356807
218411049
291696659
924351221
341586833
980613994
417422035
91334727
316707378
552320699
778878163
935858548
888263191
1362336
334032441
641659697
872714261
813987068
635404791
229496884
298103912
542939072
167373097
406036242
767667236
254187047
413260022
204521646
303185401
61944757
780855740
885147964
184674026
527826353
524266150
656679328
746813734
842483941
978501396
353501624
547549546
417727415
577692755
98821701
240323992
721083589
736080791
373586536
1362772
918817741
17941779
506615974
208066342
545176454
357255241
281892289
728203120
100761972
669920884
992007541
608562871
831683765
962390258
680078260
384892513
273897335
186086602
338347949
507621921
449367775
890211935
788573567
139226895
629308335
71011001
489098820
310265681
92539171
884428397
176627153
146062576
632811815
969107157
638673445
851351874
722947925
560575080
671686269
116050182
351381838
100548339
674142559
308540096
419119586
101192237
810142748
207366790
165471149
351286023
461853209
594661271
401661034
237373580
985773982
131127923
556112746
949879706
263906078
770178582
658720194
239170375
17697971
365810991
786482273
854677578
114831981
420755394
270784760
712759970
387171780
206623925
41678496
818772448
784628554
348261080
299012628
407071739
308372305
884020592
145225464
680410906
169163590
180408987
752657222
91972722
344764105
74767476
916932905
451570569
748669545
848507069
293684962
10134813
399861378
559463609
407630101
963537114
283326518
451178189
439224341
61137011
899759845
506979013
830691285
24099872
657653280
318635713
700937426
468846729
443881934
733136657
844469222
295540333
450908362
369523745
439649934
790094378
219029180
820275110
47546602
105552116
307585427
248542051
453218750
548815908
180544858
160683193
858493070
587635071
689972481
331194709
604007416
849108433
79612099
892915081
947881893
581295675
124835025
412867922
794344039
374264134
541747449
428215643
567179561
706845116
208291501
84720016
930843286
561684730
29899365
91140155
600676136
91125982
634663294
224971704
32908805
712136556
365219898
805213738
477337191
578790095
595015278
359559659
654338509
602852249
167590338
654529089
972479379
2075437
65744918
614006445
987103664
511814858
685215148
320544582
269624953
692234855
655205704
860194536
963386583
265489462
724025632
350546306
469658943
254930590
924931558
418716007
48460160
791049386
538027299
199636070
168548902
383669800
238835861
24031850
794701516
309802577
392820120
604825842
875237386
397500864
747520771
658634077
478639373
513479642
753916517
615418768
678186222
597693525
837291999
808482577
663653703
913859228
305200508
152775093
409064703
138455904
970429971
323176544
309536993
673625142
178566237
490819285
631740083
143180404
822304524
881381543
711242663
872799530
409704914
698519074
747431840
132772779
824398500
681434259
50644968
803315561
108330264
609830490
969107160
600556558
891085625
770601710
13518830
4512786
161886548
693077041
360809060
901740204
875313053
278685750
862990147
751980221
127317391
233853225
680628657
805695955
719294728
979005784
603009579
972349327
348567806
693176621
242918226
506147010
238583131
25244940
108348587
934064170
31375664
740388250
424480423
617492760
729611682
42726025
47958057
555277925
995956769
563724735
286484624
785105182
720453109
870315010
946084104
475274424
339299511
414251867
271499940
960915220
429478091
662855376
875346583
220868753
721369148
675650352
652935305
449711628
70870654
31283273
921106692
837992076
909916921
70912719
197183167
412548185
696824347
11711395
386612055
366444038
285596218
681013743
673711877
80449880
896283933
221954709
786398024
544166256
183512000
77587117
110188357
701482115
875009238
485260596
681877957
921782852
344365853
976572318
535066094
524031107
13443424
770069570
408849270
426836470
48379128
119051225
535390906
331832134
710497194
100229753
726507670
890504860
410006785
593271567
850845333
252067371
562363748
305650171
282837479
896059865
744199313
252092870
362898534
934748860
589844624
169712057
648437688
884521412
703260126
542946884
502251586
140934272
163396805
538936188
184037967
271138693
545572946
52155879
386717581
182987774
127976675
438594701
377079532
883990566
958177626
582341885
140477471
524685946
891810858
180761613
103484259
479300255
578217184
438102941
744026505
135881075
265460982
954242269
522202154
187668407
110609151
462631779
553829115
739963110
853430266
586376645
22858554
735624154
949893539
542522500
765772900
758453696
855614764
504959461
368756109
674624030
212376898
860077155
567920686
869993769
317237816
122666108
154056187
300581032
652869647
862017937
220029925
494812019
528356803
977726371
990622801
480490612
881758414
905317766
880504216
749628283
93679278
776120643
590104337
776194007
658576296
902321661
992788305
85904698
153119736
822798605
963182747
454885875
553350026
510912152
633584686
216655916
945247189
198924861
715757906
172247130
831081395
861612676
5591143
724239544
233838031
943380285
351747220
863473150
847620275
776851095
478380998
505658877
130477046
512176460
307672538
191311652
258128037
59549719
699737124
687513197
54532196
526964935
819187331
916660127
720098898
675676532
131424436
122134742
514966480
531686112
182523754
915983156
944452883
43325291
148295415
245745396
640989702
820845798
415111951
432808737
232324051
465697543
915544436
275531644
290360308
52615025
667114522
191595084
318551157
241780486
565667008
156033993
747971573
978433576
384444633
885515618
372024468
269903415
766804745
593976718
883382085
991776023
871336287
751779657
35849104
276056332
744640667
788674329
548410240
717439965
799269547
185536855
249001818
90874257
238884356
739415576
546222503
224843747
898652816
327735552
135942738
24866174
896326167
807500041
905327745
730105977
969795012
807993575
59355247
891028746
340098043
364450276
532761202
913190359
878672905
500711410
49389030
673389506
776696940
280297951
708912636
654658497
283937285
539252412
207714581
338905271
47317600
405373553
776964269
872348223
957609944
408100200
133410112
492988910
883076684
495366478
678761924
178672791
941339555
976231612
729863525
141821651
73721480
365520572
180532244
137052441
81282792
553066575
47324847
314692718
693662894
278328216
303923993
222859828
574231007
269969348
245585565
438346065
939156616
592662708
66336894
244432374
401146029
436869913
18398269
97471261
579533444
449575559
959308482
865603555
717806756
911389527
50133715
599549722
962316762
651631963
27222528
972114327
836762509
512192483
840485874
266415759
380008696
787523760
107039363
358849048
193362150
290109853
662425307
975999870
117360023
401451068
390605787
761061460
971478494
341544023
718146525
120657220
370051639
656157275
791508087
740353186
433588498
8294923
64928559
570720689
314989444
274622455
643810500
728187597
6354761
898851023
817763672
938529155
967734614
456186092
951117611
63075370
783382793
281182019
35682403
220817259
102206267
971871159
959385316
501508382
981417790
533691638
105999963
136974388
158817732
267110557
261234552
493834895
183958849
156669934
38775043
367687786
937498590
773570623
78983944
574339654
416494217
970747709
50049699
63027959
485137507
975106517
511780799
320513534
927911055
462118030
223562949
429047779
734625314
559761517
325389003
425407325
461115829
916106850
86345402
343128419
626787696
774649101
994128810
25207047
14332761
583208947
533806297
631380804
786876439
230286169
723687089
29178808
683897029
27353062
728748333
630150055
317604276
496875459
995516696
339603111
613187593
206215179
581078471
246963638
202495813
85490862
812720683
189134497
151237501
552322299
786016212
754579154
365428804
42212142
683056755
877487647
14411835
763188975
85316138
903272502
564022395
933887481
186726586
492585600
414502066
984543133
183980069
39268943
801998343
360507734
892817502
180446554
268177757
503971640
275752625
442210913
460479185
623838012
947964816
969338428
734376489
669897043
197056611
722038337
427918449
234154804
478143790
307842899
842720296
450170395
81748218
659713525
698716889
907460095
810764687
137079344
621888013
447920677
105482707
598716714
936686329
338867824
872529776
262341950
145440812
296993071
624849813
131684197
668828810
738670576
607412052
54608923
322711631
534273140
54715319
479109981
733211707
982736164
180375204
696778578
86036042
760075234
225358735
55193407
934609634
53467206
625373575
421051000
290294170
217206781
492489615
615928512
190448730
387197761
480144957
708691602
613596414
945213920
896249712
385196968
173871118
743027881
221810587
271228427
195801890
171169149
409401500
526004000
5423952
425049761
5956920
932673905
335566964
665319912
337461903
122537794
867046479
516264967
594100957
5233387
927114298
941137492
243781751
166172367
915947414
188675515
293752247
40272922
328099414
265148918
85958732
916306448
184196675
290133562
788145677
929595783
834236342
852563692
898506109
607323344
571428413
362390620
161380951
577425449
84286886
499533495
606216656
976747706
712978285
401494958
348948371
918168370
3406272
507770985
361337180
826145234
197694254
832212577
650438813
546971927
433773080
768682235
438390208
772371756
833774621
496270749
804526193
431499028
49137984
426877072
967899938
540895241
627092201
776640359
346290036
184442436
888741567
196311405
488886367
142433471
673398695
250808673
559326120
296740891
46397662
60048418
643192977
678763085
115838349
686916046
105939010
527416401
526220134
808336065
90872147
800815116
346470843
535586810
142238528
802534941
462052575
746765111
819948146
387551782
50092755
252253713
333783903
82662072
619856058
377419908
343225869
93328389
256004483
43011315
66547987
335712591
664907630
558436027
505469996
77160556
838463133
945489488
219193940
579745014
529101803
230081951
408491472
151052278
367313544
689760165
111482684
179667544
454198025
134408987
481322499
428314645
381361775
568353572
946453270
92332162
112038371
669776425
566595608
224444357
210911057
587352897
529605530
464773401
5868973
816711857
207541490
663883911
654888097
190717479
958934539
70328973
837048826
267639179
538970996
865939864
677234149
752830138
828174755
431828847
904672639
450216166
409627870
603709079
332985333
572387095
165442439
582074576
736584059
386671948
427677347
588987221
755836397
703828593
23592212
93701051
305585317
602021090
916661991
547849527
695515330
574021791
181225897
266448150
615342796
250161379
365667623
225312461
254475237
156159930
121665879
2065025
75575323
344914034
196181622
565512950
342657917
911388695
967949771
902948842
406950047
713599858
635068601
263827567
622598412
108962167
361942503
553306976
518322717
376417452
134559125
903010564
753470793
932961459
61903561
226174493
10538211
103053820
459323654
511411161
216343858
138607418
339547035
219143579
374359281
635167767
269383791
766684420
261500022
213991386
740597756
561567970
314272388
293259009
38880275
788845470
709999553
842683433
708753081
589937388
123545593
88327292
233850456
337004461
323622869
48107866
317524518
810094538
177335276
459703997
841724193
767654319
504234139
743811003
352949627
824383348
918664730
159715729
869360723
179995755
714418913
195340616
860008376
936760548
219878527
831227342
679038576
44174580
33765414
624752044
644427771
1816333
358590613
281948956
197855184
600853976
557907044
65741182
443536903
96240808
479195376
492149538
648646123
842009278
961732985
95882842
639057433
871326755
114314149
304644022
73099035
146435913
64188735
533334013
389348070
228742175
613397699
718227393
519681585
718176873
921867434
747286669
355809195
826981791
248899150
228018759
945043266
856983173
104624562
791553013
624436520
924339658
712742831
729278635
619811886
197786181
553332781
294509294
421749377
518399704
331583138
387776390
365225878
506359014
993189860
428223583
366533116
830521017
424087330
210440730
644846902
162982762
668854165
468470666
924961233
2296706
963789210
649652670
860894728
716451715
669422014
666842125
331965995
725550671
149983754
194318671
808995231
792002424
706583498
379646616
498589693
33177894
527793922
280643931
366758785
325138542
177244241
732347556
302364768
322540276
352696260
936753101
240103155
775650287
747444501
356332209
705019577
114639488
944467809
618437155
348009703
365761626
806725518
410244553
676086779
325624029
537455821
716572696
591756776
695058066
254209939
852972124
943496442
659430396
285271274
26357645
533198481
128067656
750691306
872433833
680928601
723594085
184675446
496197376
2821641
149624626
15966445
565665881
934833166
966040809
37645062
869740422
864622945
63924847
654068465
549086938
586458676
734051402
570411098
947679924
185650910
575030109
208087529
327061288
922690932
742828329
321815182
360299981
602830205
221638720
918290064
496065557
287354974
171829461
663469258
993449220
430317455
882402745
965862354
233256038
683993836
659977683
5969359
316095744
353175459
600217122
572924301
702156181
64803953
626887491
652807887
557043186
804690350
48324800
188136481
784859608
579190902
421630920
814496015
232992593
756255998
660572049
743475145
607854068
615632443
237904301
411111728
527483823
314155586
223377149
519563604
348397179
404267655
616869684
654645487
64487002
888145982
137588295
245498746
65985048
320164139
495410283
615493581
81507156
864617856
513353432
926283917
383099200
880269292
849410666
596234348
646519813
845313366
891405574
650831472
213035967
910673857
408152584
205365374
851841973
7386670
503207608
856495732
301728382
314248960
279733227
82528167
761247837
144270437
213810566
422099744
156038432
238728367
996960962
986814646
354763051
697911780
669787713
263269636
129358344
351184072
856437301
677968685
173010737
59927972
463227173
630185607
195303334
718711852
118967414
466899226
985545248
397659987
8493619
520028952
243993437
967194232
469002974
202539478
61540966
663134956
949210281
981406945
5278882
97556567
4612036
694984766
227971407
958944879
987843765
330715107
925099841
428613040
582829555
223670869
497897116
467443472
153362065
462857216
148519003
219948192
829277373
917796874
971450576
665342792
373281006
4925590
334465267
960850418
107012660
810913863
362648196
31804446
710866198
887401663
74550164
212306879
325771071
601304021
339527436
823892736
167427740
583250122
659880687
795209649
878176454
402744719
707400192
222997329
246878266
743858454
637787865
50487076
842578145
210949579
341530937
204961966
902103526
516367291
961395538
169750316
641654507
208838873
385638140
140747531
757665158
91398002
111619347
991789149
852940094
764763516
6378551
969947063
241810176
268294507
625011587
356717739
75910698
202150257
599899195
616434185
58137913
848884416
670453781
753637860
228692032
904220771
106002962
326135479
353646501
889907207
171126593
636057117
566750798
636801579
790211492
744004802
957328796
737880278
847049075
679423441
853299786
266202531
779564829
549608337
501088509
758080561
299451141
12804587
577334674
318755110
215116079
887038217
122066656
104033154
442115317
388544455
156568686
461077910
92084313
354011015
2410537
415880008
682957427
228374508
568245812
845037661
70296001
260815627
467514979
465731423
829409856
114003417
599225566
498625446
377944000
889264395
529814579
99143517
342668180
140993407
220348166
273882336
977657753
919278037
813165850
945954440
535400501
872559006
561109683
321452025
97678783
998130062
50070084
933566547
274183657
351996592
471220046
766364188
255190676
259676219
292107407
623417678
764967646
28675435
12164356
593218192
189418441
611591886
210215780
816746956
567389517
965821009
538352513
526708848
527206042
203259201
931998093
538994316
346048759
842044565
516374814
727847356
621719687
338767559
377562261
85063860
702320612
280205578
266507531
522665634
455120634
424876695
192166000
723163396
310191240
882323449
750940362
55928824
80364239
620648554
750756355
674215058
930132261
629676702
377277606
109546608
474702067
672268039
224288937
376001516
291971987
6847846
274067312
177624963
339537765
428992038
540655793
989630196
338487717
412564276
513541845
784679665
80553493
343947977
884616079
637067593
885643704
981041368
140563420
220264757
899575819
711356411
35786320
362512808
992912702
245958504
77424276
339699176
42380332
248942130
875067186
499372485
354608619
221698315
882149599
284609496
349372792
141835605
698150926
971119074
43968258
168196962
530875309
643131506
227186497
29454656
688182134
243679805
997026453
963612276
103111374
54484771
734867752
529290822
824315316
363220346
736299531
17822556
903507683
12588474
46225417
176013734
156382835
136521383
84928267
642662746
840418323
96651891
951608297
53941118
273946845
918424610
568294056
812238643
473787135
879175654
890615978
879195705
670460858
549369695
607562498
749663961
663691076
726087718
573810313
272325349
532756032
935316003
69757732
650673349
685713665
566915530
32139404
779633818
742788198
722252127
212216159
889122320
718443270
96230031
781608120
642629944
482989471
542214297
785237731
994354994
217715999
201331898
360027189
798369569
51204992
11449693
435002935
966941140
786992609
686165681
341787002
262308579
67676593
929111809
63438275
357648582
149239920
202995776
606828826
587919866
875560473
52737918
613348159
221195407
716708126
78215670
728647896
432526777
302963325
330682086
795433219
469603675
112481822
935649245
335264571
348088677
967224236
965679096
475301573
938849861
65037705
351628800
775761849
547263657
911735318
24757522
901164222
3518425
365191786
20316434
948790095
989476375
708979219
916783528
671432504
199443502
799783658
768587043
146834154
881110025
25637898
535934763
128647186
820409256
486715174
726964518
168899302
272887673
681299811
93059357
452856704
204430128
231846425
615645378
946164225
981271331
401826736
972355527
567425057
820606120
920976275
567936896
192574826
749971685
944887511
352336768
905967734
637920446
602062898
799160774
189089150
631232933
796797865
582151762
813558561
575311202
380065209
240372841
295604840
378095537
44921280
426434092
492415924
562811055
15026444
288874476
483098473
207879560
645974781
617687370
505449165
613327616
278660101
619867708
511855726
599873179
517100741
746218306
374458086
260086954
491849704
971022475
645313280
696448136
534184316
709937936
82143442
468594947
117925037
81112979
599723062
569627137
797929699
331551468
860567461
88109016
136598582
475697078
715295571
237779062
799055610
670595637
477899883
701824674
15814732
260272412
227736903
7636230
522960333
549765268
228794627
305898155
549251769
979380756
324088663
12407255
374712065
386551827
514905935
35271894
872294987
797934761
665519455
751162054
615000096
326255250
603249509
70944160
904566410
619165712
633544745
531622550
334077356
966651061
647703887
153007522
907458830
17346665
724400497
698570696
25425447
146470669
699763888
483170096
523875302
92615089
297685588
54586818
147813174
340173636
335690655
37375318
308165854
548373822
936420064
422679666
273479173
338446117
472214926
961289355
505260985
758600053
959437521
470622580
10788827
81329793
502877502
469727047
222576029
468004461
262551636
147423815
361610709
862889879
177705305
171980417
208864782
630794896
583288886
138616174
65229739
559784693
604226616
237386968
377966182
86666656
8266720
915049968
32161443
537918451
173494978
503805567
991496457
654021487
426102538
465936549
209882933
916896066
42339200
996801310
359186909
337986107
778258101
751024861
263432777
807988651
330207353
751485297
42691080
818952058
682923731
441462803
377584428
12706869
459189461
348532412
199823393
633582186
708630035
432219569
851842326
978020812
118821625
518088590
521039730
639488100
196546217
578606848
396059085
120106114
445620982
502823329
670764293
216123766
684100504
565329338
286526108
625538819
903109938
415340
114107121
404656175
214393495
960134311
930548207
876713534
892711905
197767612
520139152
16667342
803937265
155854864
239800515
198996295
470345927
463182583
214614945
226202837
146622962
644443059
212597302
182830080
185587417
681843596
285438964
831950647
303516332
906366444
530153953
328305837
597894641
926709191
895833670
318831497
431819130
639943958
442091792
462910146
509664487
91383218
882546293
504464595
433652305
874381109
806986072
902808607
499826075
160197824
259744670
25267400
273891600
823558318
208566714
208671843
129241020
369842684
542311348
911411265
378229049
117904660
329096102
572846009
650281536
443894505
344401986
705346318
420706314
583089953
193748523
754458468
780765640
380574890
105238917
864755791
834363246
254403399
244648435
567100573
925380913
184037360
811988149
925093498
614840764
930761727
451576365
440624387
896680466
599528883
648700789
1691387
93659738
892458788
156597473
393317979
616568796
455956439
239787009
367049607
787287267
854307269
940740549
102980734
394335496
462326484
562520327
204084395
155545370
474383051
99722243
238097252
396854177
156382699
325910111
354155977
174878547
415474487
927870715
91720279
754105382
475304932
236890703
595435566
716839713
699925909
253667759
417347971
466791095
211461349
943067190
278617428
889787624
167851389
560597509
144446656
334468210
238532070
223133639
341613211
870433902
868359368
464111847
863272606
850356748
853655068
694334708
642779215
140287420
539573194
675914455
17508291
294800414
628077984
997746485
663406760
2899653
366114066
942767039
190319123
833435186
358227106
786939015
96035218
878494289
231649187
392394446
629806993
481410906
449130102
133210376
942360446
569035325
217204446
421986705
22453944
289211188
645716140
218414973
995012138
438012909
563264081
93647847
508475211
115023491
742278078
531050033
1486074
851376227
334076794
6077224
849837180
256466778
346017562
825690797
912303253
759695306
569196477
450829753
633043116
986107366
149843414
116040375
771938299
379196106
895557624
121284688
953977824
755248649
248501620
886855757
808422657
543775088
228034385
3772481
298864970
486886939
501905649
845422263
917552269
921516464
2156936
837542057
816371069
903670328
869952227
775324253
287599575
497712879
224779024
940058679
349728401
25254517
943856116
929131980
295719599
360873381
164054366
173579116
933886420
295141958
722301435
335715607
251783999
432163556
684305746
694528709
810833280
780954168
746350235
938256750
136415804
821148694
782912888
78434414
759944024
657938099
951253378
89151007
101844458
75836751
584969913
68208933
48206952
703189081
80696859
141758195
796340924
576069896
232067338
825464209
762259500
514312320
267775871
247575650
260075616
982512247
672851116
182945442
681719208
905393696
330704270
440726147
474492784
643447808
19018139
499192470
702376358
525960171
718649199
292305838
562130468
402162543
132621038
98854035
720370944
195074932
72641784
896771648
971687458
951634183
786956901
71966335
609948294
596610846
955237789
284014819
980775688
734161448
758425577
324299344
833980423
209579806
744511449
459182186
58692289
783782367
619615489
759103478
669295191
762162553
664638603
978785937
95769936
304137938
567609211
201750901
926368903
313722212
725165728
290802747
993620692
959053196
15353127
105196237
478403903
894720030
35781007
518217937
473396504
779980949
981375764
47245250
569410781
468252387
238167507
958019576
61352176
746328465
840298224
757659698
179306463
349268680
13245503
471538011
925419043
357910987
917991523
125044453
568300944
972544901
594711708
14897146
539973131
463533059
660996122
2880918
324955040
269355441
849959686
680206232
362253029
19449809
790348343
540083505
200360987
478773404
215355496
140911356
184671472
886902331
825928290
764408985
277258204
690582011
4684762
512007031
274447041
775058487
920171840
561269562
255037238
108872113
128087518
162005137
623426044
274900346
516554609
185431433
851211703
106666683
