34
2
1 5
3185398 995058956
2
1 8
932719594 65524760
2
1 9
529378963 468865391
2
4 1
563798429 434445925
2
4 1
755972446 242271908
2
6 1
644215995 354028359
2
7 1
350778075 647466279
2
1 2
919089566 79154788
2
7 1
662014692 336229662
2
4 1
926858902 71385452
2
1 10
5455406 992788948
2
1 9
230269018 767975336
2
1 6
599369868 398874486
2
1 8
341894698 656349656
2
1 8
768380623 229863731
2
1 7
160548638 837695716
2
1 4
976742170 21502184
2
1 5
793365681 204878673
2
1 8
992236919 6007435
2
1 4
565237897 433006457
2
7 1
920474131 77770223
2
6 1
184174087 814070267
2
6 1
200553280 797691074
2
6 1
486055158 512189196
2
1 3
515318692 482925662
2
1 8
562522672 435721682
2
1 9
282529107 715715247
2
1 10
857762424 140481930
2
1 7
504136358 494107996
2
1 7
243072500 755171854
2
6 1
929022097 69222257
2
2 1
983600109 14644245
2
4 1
534677644 463566710
2
3 1
899132665 99111689
81
1 1 34 7
2 9
2
1 9
641895077 356349277
1 1 32 5
2 19
7
1 2 3 6 8 7 10
631359606 697412437 885826067 523831719 290326393 104422349 859798842
2 3
2
8 1
552190843 446053511
1 3 34 7
1 2 30 10
1 1 33 5
1 6 30 10
1 7 28 5
2 5
2
8 1
930943717 67300637
1 7 30 3
2 8
2
10 1
526069783 472174571
2 29
2
6 1
664246767 333997587
2 24
2
1 10
228307468 769936886
2 32
2
1 2
564638950 433605404
1 5 34 5
2 26
2
8 1
209091264 789153090
1 4 28 10
1 6 24 10
1 8 30 4
2 25
2
5 1
784548188 213696166
2 33
2
1 9
575987990 422256364
1 11 23 8
1 4 28 5
2 1
2
2 1
730439351 267805003
2 32
2
6 1
945979274 52265080
2 34
2
9 1
493918329 504326025
2 25
2
1 2
688511092 309733262
2 32
2
1 6
750248512 247995842
2 5
2
1 8
90882163 907362191
2 14
2
10 1
433874930 564369424
1 15 34 1
2 11
2
1 4
399067147 599177207
2 26
2
1 5
70511989 927732365
1 10 27 5
1 1 21 6
2 27
2
1 4
364658663 633585691
2 26
2
6 1
502120903 496123451
2 9
2
2 1
693841717 304402637
2 16
10
1 8 3 4 5 6 7 10 9 2
932839383 125724884 116458181 7880141 207603880 269271423 594580291 706655181 325308868 706655181
1 1 30 5
2 28
2
7 1
231326159 766918195
2 22
2
8 1
808917330 189327024
2 16
2
1 6
209849930 788394424
1 9 16 7
2 30
2
10 1
583416925 414827429
2 33
2
10 1
244623772 753620582
1 2 34 9
2 3
2
10 1
484162487 514081867
2 1
2
10 1
247754266 750490088
2 16
2
1 4
587278134 410966220
1 20 20 3
1 15 26 8
2 33
2
1 6
513173465 485070889
2 9
2
2 1
445478522 552765832
2 10
2
1 10
365582039 632662315
1 5 32 7
1 21 28 5
1 4 10 10
1 11 20 4
1 2 18 2
2 31
2
2 1
742960330 255284024
1 14 23 3
2 27
2
10 1
71128904 927115450
1 12 14 9
2 8
10
8 10 3 4 5 6 7 1 9 2
19202229 453907697 435275466 590347735 700380217 308163023 582250975 325353789 586095214 990245421
2 14
2
1 8
322119478 676124876
2 23
2
1 2
293830231 704414123
2 18
2
7 1
926117206 72127148
2 9
2
1 2
520907862 477336492
2 33
2
1 10
433526542 564717812
1 26 27 6
2 19
10
1 2 3 4 9 6 7 8 5 10
469991410 506327505 56613432 910832088 176862945 717129759 72786987 371888946 676824645 33719696
2 13
2
6 1
328771778 669472576
2 13
2
1 4
620885028 377359326
1 4 9 8
1 3 5 1
1 18 22 10
2 34
2
1 7
480712555 517531799
2 4
2
3 1
842744836 155499518
