442904195
890087617
539868003
880328496
970165506
840374685
499712125
956008395
991493599
398474259
473263488
864794117
420611692
298401307
82750841
939163171
154485081
832609532
535712226
637219208
191068994
240697695
579181406
20099970
786003464
384203194
685417158
854492523
784654640
131117811
345975302
306669495
21514600
64964180
358134295
137727157
617229742
600060916
677524578
807116775
868142798
413642238
33002288
291788448
848908171
220409361
766645903
99795894
702237249
331284701
194512436
903749167
439881237
451731383
589650960
777276207
972495235
247351317
275204871
258494205
654588070
716370394
956786889
72083606
915539586
852135173
325802625
529636498
804955503
675930378
803202825
694741841
69174812
338556270
676067585
530557066
45246571
687047637
130948047
820751301
229294325
173748358
249041184
909129007
254493393
44837550
497280992
833986814
598017851
620429526
635914798
709395072
606881746
655503245
121479105
742078853
392394960
178070142
695471730
366021862
768244599
208256167
692348543
153376329
740525385
594603483
478859939
675138299
782674485
237642136
509864968
810926558
504370577
507328279
929955504
812704030
900641819
550990248
674188465
126814999
790926825
755294325
286610769
949191384
596902769
221030823
550561249
993188315
213968162
196004024
389987111
919301814
925075145
628036380
80839294
907951428
153319486
555579151
666410966
567440904
485132722
421207686
74490293
918943380
480689856
795553245
907119615
820975107
940529559
466600512
184677954
720879796
468477103
469994034
686792539
678502628
867318429
857220238
982885645
167579023
848480845
244818395
615410230
939450328
772164156
310931601
66551632
266155437
756695774
888613752
7405468
592561652
500786963
985848796
379335166
701952408
618476796
590206349
873736805
731383803
862138531
118450986
758491693
436502766
616298352
980159616
598544864
137501809
223895803
774171068
464457904
709358039
74871090
513045599
608756955
341455307
252146913
116806361
670311969
731791331
872160123
917141444
246428053
399611963
661708155
560851725
584069682
487493471
918942038
603707940
872539327
648168411
588019625
883661722
269166119
594682605
912431032
628673105
263190981
824458358
721609919
537751734
87242513
371030739
640967126
691652119
935251095
764086263
269397718
896392008
793333422
579880293
218403743
935297513
964894324
625902306
135548775
225272152
919145233
463885178
206981472
497304043
926628464
174530746
106738041
874434513
337486510
650432278
411765476
577502506
67943828
402322521
111177004
747693743
289231573
538679252
958128437
553240795
580777242
805269144
48299151
385220628
758516645
693383844
647405048
51338133
406830971
359208606
985165438
251123227
349803181
490515584
221674131
631635703
21838079
423083880
904327007
834797520
481372326
414481968
964525950
840740332
836118761
60580097
161103295
141066226
472921724
440532078
457287110
233387689
26489998
224320997
486327541
858471503
549500141
277698588
223016618
549392558
343029180
13051150
441228663
887030386
550675149
124723774
720432392
599806226
460155496
198222896
702624613
742894457
172588191
577775111
518465695
431476700
579061467
849284506
21210413
664312612
888715440
817847216
50702461
466734977
42911715
850227861
388911881
581612202
882604920
682181771
1162971
67550417
485883284
470398191
560113797
373569636
152740219
361584053
773585624
145719419
346240179
372885673
747807753
722291870
655419619
888139318
867729877
265798498
351073175
781180798
945328842
357547451
561594140
55831048
100238585
188314181
322672601
438538044
805982696
384152643
100381078
629976474
587507922
742388430
713905624
750580648
233059496
224126812
207779575
395350999
859689345
689081622
475255341
686590506
727304160
977931317
746471373
282167085
56830538
642330380
114449628
522247440
922168557
582001515
902267120
473050500
228171056
419109396
894250749
97555501
550566156
331883273
134148744
393242559
604333083
357805628
924715592
594229696
856418031
757514385
230357098
923883712
808854879
67805759
932697413
769145600
181746467
453123227
100306980
423371079
36995978
275397028
126155911
153422689
731983205
533539891
777144498
506485613
912488768
444413567
699177091
980954622
25762954
405167114
45716622
556293095
992350353
919166447
950278531
435249681
633356051
100521329
483230894
276826180
529099375
933919775
167888070
817746275
186312852
329899683
673812779
808538557
725069073
21720889
808518377
936329619
124335949
543857884
202826653
673553888
520780729
419959345
978082465
257643260
178709002
769389558
610695254
901998625
307285498
347937792
582377986
700129212
989190913
666521788
919631174
307595197
840008953
116344814
694943440
458733775
50192844
897785518
136991672
416515671
38264134
867046701
743521350
123464637
265012171
919530733
157297965
334107196
282665969
143143490
876843283
912675537
546965863
863507614
70539621
398539932
173906016
954330252
355075485
962598111
591111460
39692268
29545669
733690619
402069770
73797667
922469579
124353807
722437873
465461749
13468221
813886853
906662756
635596509
287974888
476477001
931426190
514529923
227334720
908709054
698044622
615361692
993734060
8282209
199867110
867635360
528311405
812926687
611274660
235580963
290138649
774759125
391977083
152399070
748000798
61741817
105366329
889847865
995184376
2687042
466809828
722720781
498411916
668429349
352147153
887430168
787289435
272678490
703932907
333197703
112517227
619962066
977672343
600249601
989689296
786766826
422892189
569135691
892504305
743710876
450034096
566136124
609468180
518742492
859461367
756034271
21481203
83815316
257165384
717817836
337115723
871549211
711691451
236656768
586322795
122358564
76442320
212126406
106665644
210609243
148481728
882990991
75742002
403865623
797726361
883985036
430552073
998090732
877524136
132059972
301095291
847860647
305326039
668381837
754011427
363052014
748168332
396666758
452693022
222404767
661748751
14241437
457692566
784225945
416071267
561463062
142248737
843995225
783481829
869110657
979175753
980363557
957303058
359133087
784896945
407079528
609153454
472981776
854100262
605505125
717474634
294512392
580557496
682247374
191506685
169515344
291724185
820352725
562893586
886065346
571410678
681452052
71682334
544385501
647830209
570623083
48338179
233165602
240630157
990581066
709570132
283875289
551863502
961778445
660813226
92988691
484388846
122382335
793658576
683694419
22207644
718143821
691576608
346857816
163800327
831825938
907364702
126372368
196794858
363112979
52919898
65465069
450929483
93050035
748219598
46153788
365332713
434971520
23956170
576684002
25766695
725367705
869483639
54376435
105690447
20499063
315117549
413959726
748294396
94921433
129662550
364305942
626609712
801264026
990132009
469899248
818833458
820985992
927299881
781539003
788308054
220594247
556709029
26718411
586580048
408534062
945445588
283608609
648202888
166899912
771176846
420650818
355592877
613706410
322371265
900994731
313066293
452549023
413271814
353148913
234874044
116755437
741686308
892579512
211792401
921900047
828101025
988511064
146842255
866424593
484330776
694856489
969778128
696999068
96226317
444452190
513401101
738322843
613081324
915325577
812902183
73804167
355397063
660667009
198188599
571546356
479037708
499679970
649568572
670502731
702766669
855611541
211302149
11880104
960289682
359245073
954077506
406964611
414213643
460464319
492156100
590451894
351865875
658826239
192065805
574149929
211586407
502252428
799646580
634585888
25985054
921204876
764725820
280667195
883034967
514004919
548309218
231127382
855800091
741047246
618887536
849242868
710647356
502282630
650240802
899470208
308063145
81534374
474150157
550208256
610676843
904245710
953478695
970378271
852263417
558675953
786000403
917133140
476028897
306674099
766952209
676248813
299396116
176259965
844808918
758420455
936031715
686429595
490927460
659636610
598029477
609577604
25001902
639538580
913644337
163792943
991793239
9770189
898756225
233734375
298808927
128371892
224468466
73943912
982122788
518788392
105566376
624764530
658205501
251211035
66879298
306259303
541453859
13554674
28999274
68401871
476073716
134694217
324254119
101134852
216597943
836532556
402494105
930178294
614694385
416901734
634932773
879805917
563997256
19356210
155022803
766822752
584566855
85831310
265872767
793830725
365900432
323222740
60338313
519947330
128044049
189790543
204727662
309231579
917796833
538229601
378232984
466781435
288995486
931728545
309674405
676467363
324623682
262340959
31265159
732520735
886446133
50876780
448994723
630210386
56726673
295882452
990473973
902502616
241855188
264800532
444084651
664371091
629912266
898990501
463767654
317753755
513433279
187525955
534072133
34295621
436015588
710056212
504918850
207639597
464106614
135114294
904462331
517195108
346446276
571770517
945931190
62141869
267961995
46763299
72266062
309015508
491966346
745912236
379870392
645727551
85231273
49202794
58147425
298132351
681680098
701691289
884472240
704988078
251535424
263100860
49663441
664456793
812436719
11833677
177982727
250353286
384467978
670702444
745588638
591352316
939107044
717378947
669674533
128446367
920725459
352827008
935866129
416329332
189238148
330747432
788648840
870816532
181819338
888721468
339597665
640439280
268541706
840265763
720866232
239324244
649865881
472006912
482786476
187427593
902650563
151256912
299197718
247683366
800916023
555678633
600985151
963181291
7590541
371546003
561044778
467554294
357134303
640700165
105143260
377377126
422166845
233089882
289491849
154660737
227046603
591048208
322798101
133892687
811600557
114228881
613193720
871135053
344057066
31379103
841266691
188912296
393998668
749282924
889164811
748905334
410537149
119738797
790048960
380140070
368161173
189069930
617289232
653694677
393304601
659298118
19888522
779892482
833894991
593132014
65710289
461694027
980829561
498743672
691538038
435891094
341091383
783605461
701625632
810606388
208223503
72012546
790103108
559614385
314491608
847602675
547091070
810950912
546091355
712601541
694578779
308958056
587583720
760318199
244511840
14250498
4785553
394083073
580924947
960665386
714047755
729524803
115629426
23308097
630474873
355161178
923780905
936574471
837721175
247963892
240803529
442932136
801081391
632399145
9958496
337826050
814667640
964368657
556792446
331071838
808452287
310064508
134317696
567265788
949080808
949160214
282850531
397647423
97199673
517577495
172996087
119996823
893277462
725911882
194988484
611765758
369440521
232008106
106515394
446475296
456612653
746071341
577892590
292627314
46382971
666063435
932685507
954172392
181203749
447807864
712274880
295215483
897988567
985759116
6748951
644141319
858760170
709077655
281830923
982731546
454260014
735762655
147903077
308461059
940105716
819022463
972825673
137136974
126029620
104118198
681631690
984968036
743374249
580543805
128254134
258652043
76087667
713199290
399152657
569613748
819942790
609005117
347036164
188045874
864087447
170139246
795151973
385874090
685493850
699419745
916700770
346609553
878707759
358856711
443636068
439785843
210864771
502586449
607598593
426422397
371478745
363842929
677427101
674085489
734744378
825486860
211062922
862132919
447999208
437832137
673161629
886520262
105031120
703953745
409970901
837798885
835800074
263797537
815530359
823926410
623397969
455450327
368352659
891478169
951587630
591644848
926254978
690043468
725395979
637160053
111333261
66363381
481687915
533337654
989389841
5798844
30633912
936095050
706464038
596358593
650809876
696303730
382304009
369452594
298224894
201871971
892892570
20371623
312534816
361572701
278553789
753941547
519582247
765854606
763030290
949870687
290271209
914141209
912050433
922433126
238267203
799430287
223889516
520565200
792661171
763170824
769478610
708160789
850547955
664509254
6127545
788758478
599696808
611289205
692802276
102846926
553030157
387816986
569073094
490349433
459900538
860749053
56132848
3665664
241517091
462142060
791983302
400412133
262104621
754431571
491666507
418899643
414851466
677300670
515812745
172652876
976844049
973426027
491541565
679521464
89088082
241444584
212395650
625076428
159100147
777109089
853231146
100781065
303822709
416997620
963891912
468449687
464208741
933427629
159746107
136719152
61479172
450991062
1344405
653966917
873226115
759988921
626343351
158344859
897863386
963793003
213610116
992210894
532837987
320805397
321474710
464700545
524737556
753763673
617084013
740691203
98357768
477549239
842016686
4977204
555885551
925203880
9978610
120698806
43192441
523859477
309254490
548270912
666001424
181652211
417822562
223721106
863002717
850908118
366738110
357022049
709494993
90971399
200639493
220722318
169482868
36237741
265588667
122470547
444690499
930497728
599596550
189010515
583594986
990109348
170802192
165166700
537899957
212196898
259795043
87317136
519448733
935353643
791398042
401723145
512080224
152964212
680101626
89135443
989903458
723220077
346719718
774364136
427267419
441136183
645545832
237396602
153905192
278732357
840652257
1427794
381174605
855562026
929757016
114694675
599543083
915319753
852856826
529336067
505169739
293034929
4742555
406198259
306197724
170177192
792419505
1441728
904971019
600442304
426931011
956647405
260385975
310205225
887576677
993051066
249216397
762908385
196337270
304740808
739344012
136010790
632901878
672480955
37125340
79924035
483352205
482032477
354188692
696674610
868060114
820353359
612602668
872502993
547652785
645532498
853026972
90691161
133959935
313554270
672326754
17988402
398842587
459040610
32939436
538279205
985802952
941648505
578419664
516053600
580395182
364219082
625283620
416613801
149856992
373451016
60096282
347222736
237622952
712568717
203439373
886009917
670687408
525064933
216706753
470250730
797081120
113840951
886876031
25518676
226547645
188476222
834386394
845902567
960634426
142694964
105302716
157166341
822189924
192181700
387416093
292975355
900779629
167517839
384134291
945257351
280263349
659020954
31822011
748468726
205685922
515963047
714932970
221717851
224872122
522277236
967489850
692189267
970449580
594345080
510690388
801729682
102474763
152162323
14854343
784149670
239609994
820811922
173031434
33949105
457422320
80778708
623426992
332548513
547208567
427457962
313692755
529767393
964487293
759897077
405858144
215721670
265120454
906265241
87614381
536742625
622079377
265537005
650608802
230568581
863827390
61657920
454380875
217980417
3110404
625748066
303168996
63161134
404315708
773842157
673823867
896669265
433327986
225253443
989685356
128322782
981489182
860189552
985071860
808162721
110064282
34872158
404876680
879058045
121413070
610821217
723262422
474079054
962388302
757866196
86262798
905455729
450550872
627155267
458025524
317057733
216898933
390783659
893378421
525390310
143088162
88570942
333352282
273568305
485360794
779506090
253207477
229383076
47682533
270164852
314536340
510190955
265660143
70576230
795738782
40927796
391062048
835808945
549585536
247536961
542079005
971101329
536376386
187768968
126790348
158869237
15307523
649369119
660450882
734595459
667037009
64645728
824296796
707812146
781151234
599630801
907466404
227162867
61242482
946966824
756970663
328323734
796830539
274201231
492561010
28644217
486981584
974320947
398420856
162450449
282995659
389247639
202615641
461660563
473934364
473131473
828660917
520729173
887091054
433687996
158928011
84239010
700750419
924423826
379476532
778139779
416441422
995462802
431850578
406890321
36380553
795906118
529017355
44074905
522902218
689970241
710479331
87241645
230739939
695087253
745548654
20261900
860909278
234922883
631977797
832696461
730875924
320278266
572195059
90799869
97729084
418516911
145688761
831637708
731860509
759517668
559607110
354789707
190510238
45217470
752112098
875851351
456496995
875967772
900152106
624716512
965498618
359156938
697360307
138068723
114622398
291240497
240418577
438741059
454397924
488176838
163200395
834723167
737180275
790429290
833226278
520091753
102870062
739138311
692536442
257378671
537987290
678719008
130452745
391281729
690419161
993901931
577169196
173412003
607028649
728391531
460110253
260459664
934006198
968855676
279790438
564757200
162903703
276365202
445170036
864959886
260882578
497390483
528823351
106496307
285025043
333474343
26415771
817281879
674890406
314863124
50931891
98315181
753364407
331801806
337388580
260145064
406303556
845769172
559241472
80024884
820389361
715265336
614396266
935000124
407618326
734167714
246100436
613596609
750278498
465556001
805197699
59324407
966918894
501476308
481647657
438861374
791776965
213557642
493916878
505955907
928928430
596047864
63315033
888230808
145538067
239358369
220493251
448482313
266155768
628513511
817465643
129465752
37681922
134992154
468622898
585999874
37231636
630383974
259111909
417820412
675765539
639572864
914501170
875409248
952390554
258461421
725973544
791663027
196883724
547854113
773082749
577661090
123993525
970657735
264079831
949035970
783395765
930829788
212698874
713601413
923680163
23808875
695335555
38214413
955816453
296354155
30115066
952333913
930782313
354806137
394796938
342073413
851426309
723772477
766051504
320817594
35844351
664450499
942235906
741867378
412652943
21514856
887116122
10760542
583081103
721044133
97875861
165321459
433173462
618336072
65969395
748386570
125967028
859666930
486674343
695491106
442883941
277216310
394573506
968520362
540824712
505052593
166374285
562024900
409244145
914904833
463019989
264915225
423582599
147243230
685233447
954625499
348152486
660602878
458870297
271422495
878912942
918923798
75729626
568564419
913614410
653428055
67604406
168616936
87174728
57151347
118988664
458922136
191774490
380024022
367440276
933529980
586442653
648073605
36087837
440802914
274806143
615228776
151944843
744549029
969031125
656662776
324547141
883694974
282997346
383911360
965009732
752471155
810610032
140167346
398161148
36076160
916289905
660685378
374064763
265782355
255785197
335676861
535046319
704093443
499718309
560363389
199597288
783070523
582671327
22219175
352928951
42704823
23753790
10340623
988747284
605547812
438814622
545450281
468712739
401096235
706286884
593472289
489697498
215558590
719377312
476115106
990649272
519176496
516543026
220183819
151834382
926236010
537667485
66605794
429825265
653053476
554508523
622234134
686766619
396018850
328874006
284100713
667500651
294952561
111354811
900037722
718148954
368461464
429439166
479795897
874762869
483414807
566325893
99914122
845811401
522760230
738954055
952903809
872577605
799058338
943161397
161021246
493624671
148556101
597868095
987544153
21803655
223735543
349003978
396284054
787545284
800939239
397044823
578144553
23310786
598158790
381974385
115173099
300936573
563064418
409985083
806596587
985354341
666343730
646193633
556685639
262517648
100716629
378628305
974609662
821192956
349550029
962154965
647536698
398365185
467056601
441802274
664403054
916398679
143690643
96324384
862820181
451847517
60952904
578130641
851329410
534963077
869759259
868891934
249990678
139659509
922211815
323634056
633938913
326158508
244446151
330104848
18392899
288236519
510999930
187484537
328511782
74830177
364910393
207565726
804990405
876139753
143137974
113549360
689543725
576512541
499223825
81395227
322275728
932411795
425572770
138100904
766091911
882268244
349146786
328907406
339535076
934274988
953423479
520772273
855851837
885475991
489689827
896980996
957071976
404108222
565209812
975018741
627356390
782543787
909211912
985173450
891613908
314647201
718877439
31653535
355822606
979757085
433889114
343907260
642712071
922238555
605076435
752520800
928407804
61691456
991470896
218589798
855097229
24557141
526003185
686320654
527445110
428006545
951024418
328254047
730956516
959879249
657094464
835939943
521927815
441398193
695091252
177296389
777371670
725477167
643513748
966123719
513267000
391018903
38941740
933329432
232677690
808196703
55324657
230701175
217703887
389869159
950191696
475849696
867065323
387375306
889466152
892395346
102962502
284527141
358443676
919290624
498371690
538446566
955971463
921891075
763191000
740215245
544607636
715578535
997838320
518018348
55363325
684188650
834017020
25848984
353600151
185955856
773917422
152696211
824672132
377694492
169423407
269194301
773044568
631097183
532611327
317553795
253051831
170038170
366433735
964025456
523037288
87605238
368316695
782959621
600462871
247256593
822586340
488627056
770724865
279894598
97173290
271864288
831678806
750402620
438143803
17597164
994271271
474563169
499000796
132698528
938484563
790965945
378067847
626285929
217361020
675738873
324344096
890748085
768442047
993805944
20762471
274933969
397533480
539971989
336160724
171690646
419831842
919754154
65660676
610783696
747234895
876023341
921915751
922003445
845584966
551794212
991380960
22182488
315304265
587605706
787896983
277677469
44719847
585084896
10311635
950269147
8013493
811026858
97690703
658407451
40271405
326581838
835509624
47541638
309670751
597835402
329590913
390587985
884265358
679755085
230856299
883246946
407582380
116422197
410961948
741091916
558158670
403832155
827302908
628779896
751814702
533537961
991506468
576369927
21907670
156997810
968702711
161604031
756646883
176740704
303478818
331471325
832600069
213185497
618484677
150454891
281697179
741209968
522301559
631327841
119518647
869647768
687318128
848570509
177873016
273692607
422868618
874674480
644213813
221061526
891879718
385460621
39228636
174417936
493887639
884261582
762154930
571021185
98515528
38966981
461189802
687393049
611161123
712537283
938405716
97154953
618943934
515826057
957063374
658257357
587566870
449089109
109961851
718334872
411724761
505838765
681357390
10412687
781937474
669792304
881573231
248911189
669977048
385389434
465578490
349245603
995749120
973297960
789823071
229648537
149542414
300252659
568091239
878815474
101166573
779052583
386818749
663388299
930764240
686155755
239194473
765644685
805036785
389307068
27482842
154130100
992976057
278409313
559641969
287662012
960942165
552039117
844974180
500225620
586748990
238549900
245466901
41783127
518360826
88460269
271736288
534694309
148639552
576847994
665885085
422994547
366649074
60982204
39412896
5152603
661970022
241933894
723005488
774869588
145384050
606978840
581560585
655970693
252910888
946821014
604291739
863120968
848973688
320969104
686410451
575310126
517442988
902727940
520256104
677778021
686714280
578626203
842729498
861713571
834113433
968248739
12412066
626073819
368482774
557874658
170293763
11352412
49656803
670205157
686232573
453756654
116542860
299455516
68804975
869319535
953562346
391915230
812093050
444551220
900673028
524697077
173149914
34966200
418715909
517374506
374117547
605413800
190279946
968756687
152875542
7543738
282819686
507916986
566639616
811875819
416128570
500934878
919576151
149771591
126345047
330378303
260707562
187774536
624953123
394249558
42592719
720567959
433173462
708904371
386573334
919097094
399605423
491115805
212410963
194927226
267886724
831557143
651025250
559183776
952241435
186722563
690045237
117023883
813596084
214611065
353097262
397140127
895229191
958450548
880976233
466036798
978105359
632000497
99919628
535018363
368831796
274532467
958375678
502573290
674857536
829351043
885621567
214308799
494511461
12510123
18844389
535508482
97116682
796438994
575579743
155507837
369621383
979260203
185290148
174727330
103920677
317516851
247270775
992075529
126939204
643326668
34411865
256229528
976888070
653473500
215557761
714156407
570321228
267744773
60063789
513226434
291687058
440045784
746353189
488385276
194930600
324337533
412442677
715385400
150758282
895047621
304970158
334996815
568548126
932564770
895805033
187514568
312341867
160456223
184331916
407212466
483239722
953024341
331823621
337929030
611126096
867052021
305664782
478465876
94453004
637862514
534878028
346384366
360591976
79080077
56739025
72023547
896751975
818021317
104438990
145287278
894601338
40638957
184353246
799596513
449264819
758972047
112037414
648796703
600404299
866697892
526413202
630117352
429555467
985381920
940202527
858544441
69873671
445428753
201023742
965231994
447441031
954401030
991107623
933340533
766814550
414431874
794936378
301445062
137379728
761438469
332129383
5732742
257145426
997595857
481257777
480482283
39535508
118548857
155804229
180053743
966820311
492758374
837524027
519886193
89677294
477540558
256336538
537133010
418844062
369786870
813528236
825221250
676550083
966340596
81739888
568924897
158399823
530120892
823853464
870094876
501613891
403208099
967160508
655628684
867132080
58423772
391987749
216618677
731147637
678063803
427033102
86230887
504764903
776601307
600928451
257048157
68755640
38168470
502489833
983007848
972688963
48400866
172842138
335944666
700318224
97183290
224389917
459067613
158200988
447865135
125816594
632011672
862549531
979895914
774637029
939339442
953957408
278986372
338090552
887268334
8427893
813978199
12527705
699979156
952253307
360774285
563081822
565490701
551183680
49153336
792449843
122397919
129631360
320035247
96691801
896866181
692079273
333934052
359729458
58675502
674576963
799158253
719587424
764531616
823944064
83126025
547160343
715486879
297630816
755870542
219862785
777207897
836146693
19455155
174213312
992476716
967778678
373387152
468287723
318229981
201756328
573012847
281017109
17172142
866350614
897732710
112078697
152065721
698933885
2390856
370036623
122146864
83857417
655696624
804304531
326219636
180976833
962331054
205375945
259494309
524133084
86816295
575410831
256926944
949535451
11880974
858380708
474588550
964691037
420142622
490334052
467782600
718820825
489427988
317769560
709810935
248523469
353292234
99292134
661787853
478593147
593109513
222130652
371984782
628353840
858308364
607248078
349563469
849244684
664770746
297045530
428407174
849144119
272905214
325332890
963856740
624058291
487898108
675895616
785735782
164708429
79254187
34185005
384572639
333604753
344609596
56809186
449635165
551970818
76978052
579775191
432579181
716872656
742369699
625728543
275554467
204513984
606987506
538184863
731426397
515631113
756832822
594834945
735731680
638986576
868670385
277233827
665034461
978699048
377213264
504209871
724374987
214344252
539088898
143184447
579523728
993965291
699219656
696690502
111853994
517542129
191683299
875219965
145279051
222328213
456126186
107420811
52516763
220918854
645515798
241844401
12734200
279528864
834245219
401368533
216318606
110713073
716224465
766030067
64404856
949809785
208120852
947924981
868339245
685028633
189319110
591543547
93538762
544993026
141371895
668939440
285591401
342902553
973608130
490882935
890248006
429460157
505193125
573441335
975717205
319413391
135656480
907836092
158447142
888052927
59868303
674244651
13941375
428688846
397016876
829953015
491577300
538496704
546747665
926240623
761307822
841133156
849914710
202619270
96674461
310119934
493028380
525348484
380442159
179497358
375162444
740279751
920571845
330445118
928163736
414629909
255413999
471004540
630660303
357805201
44896425
894069098
40205088
541036187
678766328
288596751
721465118
622367546
296490403
711586138
343584530
16179203
976571808
586787961
995938768
880672876
291750113
598551066
797398912
390189021
889161087
251070220
282292116
503999314
481021216
860486272
514292607
621879493
77788226
127613839
206556119
589516322
847252962
627484459
784060943
60156953
407014637
328056744
340558909
798802461
962650688
212962649
33259908
781719397
724917589
585092876
814985138
285995203
949326154
311956178
908921783
565162926
903670487
1996268
619361465
27399417
433179739
438835155
481461128
702456452
464697178
917853637
499316296
718716808
984377533
379677021
970237182
299165674
881668769
168125547
975478777
790802782
346607124
726892954
9451526
750496988
291114044
400385588
695977735
893409031
9933939
260897624
353873390
837101840
189306327
809756445
592572328
764160637
850940260
606994743
917510578
674595610
884954362
26168334
896960041
201956129
91616421
5488908
808270494
854756101
853580443
922149940
748109917
994363520
969728615
853267750
185693329
606636186
707795517
607785773
290997539
429739778
753515495
839061589
299253972
66464884
9746658
889407682
10873115
817383424
720952314
750169986
107213435
466730819
533494245
720914103
65780382
893795751
797698113
759722475
681837562
276048966
784897808
595799592
556131377
150817762
584304205
323124401
434822451
474478018
536209959
685162588
787394260
159272258
615274983
32578777
871356752
549463750
839846207
773598092
855442526
717700510
415209757
404844469
36264769
916223431
950326919
10371232
538398801
59968079
609792985
335115861
910611892
594751926
491555046
463179164
245506531
745007753
436845991
685560733
265817136
163058506
127670582
266793721
110505316
487734322
400428954
291448843
687018184
230500705
529974218
340610358
490628293
287353519
412323266
898268568
376678624
979737405
501156192
683384412
806542000
669781880
976378969
632293100
695667570
533642918
806637634
741558706
865278708
978655139
823436953
868589991
623535627
458725559
683899275
766086886
849843351
821520111
16668030
959097129
882832967
345379640
309113009
285128819
940332203
600800407
28920866
272517094
556921785
123442804
845994611
937511059
173559295
53006968
506874857
909726703
527569547
141696900
933445115
969777218
292535490
636026510
868021067
904230506
901628810
470959569
220224740
563774527
3390690
554854297
902516028
14286865
666284671
133550725
639655080
749070438
449806301
381669271
907118579
909270005
148813651
438124618
614080276
728244059
892781194
114056407
486529366
364725587
755498713
411754458
456835734
397927437
327698295
659214743
458144752
886538365
992641704
828774567
435643848
836326802
75026354
270063174
262857301
544556469
431872128
687452679
438881624
63484075
959221044
835775346
962641029
582642018
468900598
579865232
855076714
717245841
580994596
439306651
196188591
797856265
194112617
190684268
459323649
428346754
773990685
812350729
138015948
944114500
830228554
18713247
73938160
768166606
87153149
699981241
436566182
595426683
602164308
580992109
18942479
939121177
496956061
943146542
284689033
54987156
973470784
287329806
577803345
641924528
218992016
243603718
336003166
39969390
173797041
871760206
628541241
690017092
207244749
254107882
570212593
56147770
504656089
912048994
522727597
514192671
787506143
780356645
362033213
270340893
584139522
82365110
242934986
632262721
321841520
501281718
491831202
314669505
900600914
85084809
989773777
233721873
147729944
775686792
852124032
861790121
592908933
495288650
524850693
737688729
155370566
535157422
579594715
946267073
372911208
225171983
622172325
387028728
284975518
552215748
829996440
242952246
661576028
885830930
333616103
737706830
959441970
86504708
826532463
793188024
616234809
197546597
833953577
857453350
382797370
133363014
387270382
639559066
498929400
793811860
748391013
941209955
744427747
553699019
335239684
103999300
278215766
843691450
764063061
814428495
156711046
382530147
980355113
790211336
821618054
793894750
776187862
475942495
159569449
446699329
588636890
857353624
341262720
243022078
127920292
564454650
76153029
303445537
394009182
475219019
757525447
758238678
503852646
705379336
665206535
877082334
696111238
933880190
569490701
349568947
290940174
996120949
626881128
362301430
875959741
118414554
559136167
441617037
926329970
992302597
140399057
273675450
324971150
650227000
458910114
84992395
309712905
689624135
227883939
634598705
47890101
698740652
303883212
203438377
498646970
707846043
699061533
1168597
449824607
717198241
262200291
896756544
376148945
926983747
396007222
567815474
591293796
971095538
714767810
377116929
11179448
202126677
593156100
344065304
491089557
517690702
860713314
294652939
186186787
163485995
408028225
241494063
422252653
269364489
964087480
186837398
389271926
943894398
477338299
575802097
616602076
902431052
77706647
687999165
453102157
264619089
540066926
987935440
499695983
311083995
795612929
484975707
532713991
191695959
829880383
528880126
636442571
492084249
302759206
727130941
104419554
676359827
697296071
236971817
973615072
557572272
61432229
799313187
869416530
419330593
462021439
594465662
726600588
784373588
79926022
164432177
466389058
345350473
155019255
629122846
804382807
256773626
992585217
383936497
703387726
336290486
924696784
979093737
546681743
974518281
67259147
615078858
552722466
304236951
685096170
440493978
43971698
36664694
499731105
633179563
783535469
356686114
203284818
924819611
268520787
804886863
694816797
193815992
149179478
748988414
807877764
759435684
87563775
858664400
996474087
518444369
300117133
83985729
752108917
491354827
670655535
169005852
543355186
792336602
49563827
34310302
803625105
291701941
231088045
590683778
388796272
590780931
201419380
322924275
561135637
345477624
970236986
694033060
670919411
570040221
729907868
661209031
550641741
158936239
721698682
250261497
164159847
431395019
940420575
109115852
220207346
705648359
836489028
589090914
384824190
183505075
430530993
642905916
613392831
375781270
147648854
154170291
576240642
33424549
923606933
722259875
675525771
424398505
980113810
672943546
446445188
519949121
729656041
118899127
286868129
290567728
434904445
965229864
120219403
344217784
815258404
399001314
657443282
85773266
889315997
384762981
232331537
631154319
504834610
246659613
516367912
941920939
519576972
26605762
166024417
704720208
269933114
772268740
37219608
734931319
498924475
175701054
428811095
819593285
980542260
26125484
854576688
178327276
530203615
962536303
622828082
34223431
779502089
364689359
11287989
319054062
232236858
719053974
650602594
334873349
929613535
944074990
988638578
933173488
240672370
431143646
532133276
647227878
947162226
671255571
341205427
374825518
893442784
324286984
384469544
517859609
510646069
443717191
570927958
407985104
566145919
92346136
745669076
889181011
682431790
310351381
195745251
433223312
483458728
471274651
981146738
837859077
11756227
117639929
402286225
653119691
933272811
785674629
187882752
388151537
442592506
355088726
826664455
170052017
130319966
62330915
638946337
386931989
224194216
143058463
303124185
304809511
957961046
230162357
282249759
643041568
114881511
598691881
885970534
570573548
339907288
618864051
394695302
499178161
543136213
859681913
198628066
945330100
467399269
11257285
568329285
31315177
843180434
87762854
841361239
991073115
860042583
528008300
414163162
658933940
50072924
986938003
593359809
552890653
932139289
269050149
786713123
47397560
468911802
573305279
657026417
951989554
153341241
4051188
351061460
430597077
881842041
452628424
91066700
183840937
42352744
104141364
590228811
944596512
542850701
46095602
192925454
693293620
43722618
991739387
643039014
598014798
806307691
639949978
826871516
464186154
263165643
256631251
197024530
40051886
297629827
750989251
697517648
614305532
821507026
104854795
47901003
342870190
880052801
653647246
497160809
991723690
197421870
437903924
443830484
584042073
830397490
827945864
336276610
816582568
625914809
25680921
144822493
220971230
350392765
159376166
793926460
898092987
116634543
896306482
170716906
594419015
451180858
730851421
584674164
187121455
70672707
193702448
501801683
293320846
470208817
876344521
240673378
652404131
93999567
25926992
812198160
630130930
909172879
566535640
844789410
996929923
598555045
148288815
805633808
418907341
986997492
338605261
891377448
976605572
326180697
251877365
32964509
256332098
521984142
453793683
376792396
950812048
224631430
686898373
227962927
184732130
488345325
767565477
767200589
48353044
564201978
35559054
908539852
73108810
415161944
681060368
158733051
776749495
888633105
67960677
299826082
819773000
868354471
687394393
470598764
947608634
306379242
377096994
329782273
502014989
350319677
516909083
201558542
249832740
707824509
206918536
688890895
622943207
198266255
952122923
537701152
939162212
796041567
212131406
155297406
626981946
124045743
749016264
213367070
525889123
211648063
31807203
688377872
410911851
50188681
3593782
447114595
81830888
735503843
505612871
878884421
612201560
526374377
486023941
5360236
463222979
651361795
309200985
627997151
213131822
112880650
989292817
836447460
241340624
205624751
621172748
100669690
413056721
172719741
632049263
517376997
339445060
309710163
388774342
363085056
517903370
370550115
747333018
921283771
975251445
849839615
629590761
937686104
325681315
642781652
118405094
979266275
764093456
945177836
724322538
843456621
547732990
32904374
899819735
579022538
359981199
1591102
400346479
89290668
596592681
353269002
717527891
670022726
908818645
814830970
679749169
920416304
20498622
614038930
413193142
765212572
11841319
170586190
113591791
453925911
946695682
236736640
957165381
601694528
396353551
878178826
104306550
672601517
500816731
465748402
382570178
960637712
126051126
554310264
528080646
396070021
794658404
796055112
37100598
21007620
947557455
389609194
254762285
748426006
270113993
915825502
463717829
696526474
676647574
869234141
679963867
41133526
370016768
651014815
427416373
825948510
152301478
20674678
204386110
948987573
276493389
878844332
166374848
459828817
358544179
34862910
575363806
819608383
515777208
183004951
487762421
221369521
652735974
784228527
559296897
147300744
3005359
877082787
482493353
786511499
796994343
606541833
520868005
448920728
601966726
750834869
889486175
750019223
604798492
743262441
96958130
669470479
145738670
352108272
713778177
412697240
699869510
983213663
753365918
325008936
20335166
358686586
430856329
393795760
40571140
399527172
947868144
771960349
71145763
557841510
618225042
961915744
521623314
152568574
978163547
602559375
411227678
664629464
573677501
607720977
211349007
282936908
277099490
608439558
408994738
407523093
198504374
921641404
456059704
677424854
742721530
414145354
526599010
75415347
347363131
842137297
723544052
582697511
684948164
13490101
637733107
673193944
664368890
686612910
925219728
267780144
285401379
928679152
545873549
37630712
50805626
373898153
476051711
882085362
661065655
457686421
126337783
372585024
258460464
834125682
807233568
947951679
299868915
120976236
741088619
664288993
974302542
554993790
235460492
953342319
140885209
191559003
896682635
130455572
156587071
430765438
719373916
993643085
660157749
707748009
221958857
79043025
249421269
642692439
599522267
156847343
356191169
41519790
250112234
970008056
491781013
962051966
377726081
379778932
703313908
178148102
20733305
638480895
418755594
504306179
580075837
98500111
198083301
731402679
384755789
759950395
497500356
986760345
421674113
6812909
542674089
316728351
649671019
378584266
24328966
736101460
718869028
733047914
526136026
854331247
439080687
427147063
437199680
735236499
895664495
804663064
154259667
364832227
833030210
900574669
547606651
914960568
448655657
874594172
108750478
900000090
191514597
613103316
208791360
838800427
110145590
56279334
995538656
46110738
904581982
551701528
58171084
301040547
950927936
995949584
794358338
839933290
153189556
374183172
592548416
2468259
956060474
260747769
797288807
871971649
190109303
164351830
594888576
813716489
700071613
707581360
129752102
48345942
135930191
162651950
765869646
943421692
935495289
683563272
774479218
583356526
874275587
667760190
814032658
919861978
102755925
528489673
889298892
235945655
473795048
679351129
254022617
585281645
686606780
116642785
231527786
788864531
344023253
840614291
497689498
756755583
895484280
867319880
539419211
865048208
832335810
546563297
393233548
432058427
645916002
258280076
816460016
107078567
221223813
31758696
434815325
824218699
585417998
542975866
523489882
283188712
923421347
64373761
652748267
846643974
54833914
236369672
579763483
234030230
705408660
872073834
