0
0
0
0
0
0
671073209
264914403
277459742
697190061
980694976
0
0
0
583977275
720312722
0
245277856
122095193
0
127465039
0
497857377
0
566630922
90804887
100377258
693274169
0
0
0
144171111
0
0
0
0
0
461894966
0
701492628
137013901
665138181
0
0
0
0
0
0
310400427
0
257412026
234325306
171738408
594983796
669185789
294313438
537064784
788089944
0
0
838309689
0
0
687940417
0
177648335
879338506
108075839
0
647912143
861609842
0
0
923331223
0
127237277
0
654160672
461173011
808593212
438478703
0
620205897
343549400
267920324
0
0
0
611669424
714659722
214424847
19095922
988287871
571396317
0
421486857
496127174
0
552996635
0
0
411966187
182795295
190218228
408610475
921445746
818454168
394748350
394700566
0
134264723
0
436945168
995686886
0
161425798
970621248
769945592
0
0
0
0
126500068
403877788
0
0
354383556
0
44090072
811474790
0
481744651
174148056
0
926056813
412608546
0
723119562
0
366087694
986245275
612938409
0
0
0
0
300040332
0
969279139
0
365687927
929250322
0
642452713
942505084
0
325298631
0
0
0
0
335824438
0
214547168
0
369245438
0
0
0
0
0
0
1976865
94136504
619723744
0
0
806528906
0
0
755365075
484287187
488657007
0
0
0
170249286
0
0
0
849746354
0
293657365
545574967
638785236
0
0
331448993
0
424386527
526014765
0
917561678
0
957595756
0
758336386
27763251
570567450
0
795405240
0
163604814
181866157
560597068
919982158
671457991
627465049
0
912528400
964457159
944082955
0
531131811
443925821
546918202
305846335
0
799107114
0
0
315365722
717568556
617388786
836668304
616503800
0
270751699
0
441632543
0
708496178
19700220
0
369237577
39605657
484822881
578869820
0
973677029
873968360
192965841
987230646
581460950
0
0
0
0
0
46455006
0
0
744147300
669757538
0
294810768
623844457
109971935
239865883
954907621
227712580
102175353
0
0
0
172367567
0
639483320
257793752
871451972
544842642
129895977
0
900637619
918881849
112647999
816424203
376586727
501275458
994571286
448837722
0
0
24423962
0
845972453
878408473
656530286
0
933127966
539457302
780850427
0
899464713
93270640
0
116265719
400250596
463215678
0
705508981
545978714
0
420951077
596449439
163532097
0
0
0
449693943
0
661527841
0
768131935
0
0
0
0
22022518
447789061
99161638
89248616
815878104
777319495
783385168
762674177
675442296
0
16766345
677864968
538351902
0
0
0
475151461
219577192
788734030
114671962
522127965
0
184325582
12539717
0
0
0
205018842
182109899
598822145
432616026
0
0
550987284
43280946
0
856073921
0
412054687
0
708220212
0
248613901
245224454
681366192
123011133
0
728403792
0
352062665
329829062
0
0
677725221
493918617
0
0
929442015
919325699
0
0
386916349
703906281
525720670
492755920
0
714995546
607055388
0
0
224026547
808351060
0
370855923
222530241
0
0
211625282
0
0
944051293
419936104
0
0
0
564156717
126443238
551833951
816369890
23938242
820029264
58153317
0
937691275
248461258
379440145
445028926
0
65675151
0
987472676
0
0
0
876683852
0
119718921
868387001
787054645
118510320
869138348
0
0
214480869
916840993
6171092
0
445291547
0
517708199
994375086
121757957
0
0
971243902
312116564
864813169
0
964292828
0
0
924996570
0
0
0
142302617
518571874
37858231
0
70947495
635447182
52913677
592451921
845578746
0
0
167436862
601796987
607599198
338399735
300115332
990002768
876363361
0
0
496645788
0
26557475
822228163
0
921845105
95738207
861737203
663747623
0
550007250
0
781291908
207703354
759254169
0
0
0
704691103
941419294
0
152175073
280581865
900222060
0
0
135264541
0
252051510
0
0
0
0
799192941
287036000
592675216
0
0
0
871486075
434518497
380889611
0
495062205
746267354
394660778
0
0
0
0
72423718
0
852626262
0
992587291
0
886316109
0
868270240
0
0
665530119
0
840335032
38836615
333746820
955490517
523647968
926478747
79251342
558180074
825046347
251550101
707590316
490180036
166345068
669247460
442922606
879388875
763526183
0
813254797
0
342301482
0
727031375
298396113
0
0
596385532
167560368
0
867565091
452974712
792784050
638256796
0
775222029
0
202029488
588743469
43108715
319297429
523177262
203806968
735940079
905500318
132735882
300482368
98230336
859693237
320121663
508357435
301481472
0
0
275809204
0
662988334
21015601
0
237680998
0
530451777
0
376254491
638755608
0
206555451
690476785
0
351801976
0
589008546
821828458
0
252409891
454897150
371070902
0
577133595
905122797
646986793
293572999
489411846
0
0
0
650728474
0
0
0
212726818
55413465
972746591
422499767
813911596
78379386
764154833
0
597840360
852095991
745116521
796059078
734499888
0
399852038
462270727
978233589
0
0
0
296124932
0
468442626
0
0
351774633
0
334119630
264124064
488787690
0
0
982567938
0
776327359
0
0
0
16272442
652842430
97553435
82190975
577462993
0
0
0
303828740
148839885
584271588
369315379
0
719888779
157953515
0
0
536606496
0
824047518
719400594
657309777
654082615
619617291
383066584
783311222
0
0
0
0
721635259
0
0
724607436
232029309
0
0
0
91541538
0
494823833
428022748
652858227
0
0
385785809
0
0
0
0
481838985
0
0
0
513853958
197715145
527363181
498763840
0
318637819
0
0
0
0
0
0
573992945
395435049
0
0
422021378
503459533
0
0
0
535665804
0
726537238
0
0
286354398
493816809
658808352
103054675
117237130
0
0
0
0
0
222129918
0
200920927
948029338
144329761
0
514373551
455120529
0
18763682
259720676
0
792680577
0
0
198362189
562295765
0
0
481481962
925339951
640965164
880275042
132193965
0
722854720
907243156
476262283
626038591
130843911
0
337086988
0
18941477
0
94720964
350274749
0
0
0
311651202
0
87477273
665175825
0
0
0
836284947
0
148034571
188909417
352773454
315097743
796880542
0
457645539
0
879897395
0
19361599
0
0
0
0
0
451676113
518470341
135352556
645574898
156032185
492766888
0
0
0
391021650
751695358
158415634
0
0
605008335
0
404143619
448710478
91440276
0
280581728
0
0
480745925
0
990772818
683328338
616501792
0
871705691
21381851
691993978
851511488
0
375316853
759973943
0
985135777
0
245690067
0
0
0
736402052
254320939
0
716793485
821267099
0
407259803
345139781
0
0
0
0
806050015
0
0
414471959
811946663
0
329513487
402366089
655731747
0
0
0
0
218049444
987223294
960568372
0
240233955
884159909
0
0
0
0
0
822453802
960241663
0
0
0
304173101
0
0
905381066
481664434
240323501
756653208
0
392231193
410458750
0
0
165502533
924039739
829525094
263233486
954035078
0
0
421542458
0
453385081
933452663
234978553
0
197263155
0
885648454
6972410
677192913
0
448699174
0
724692103
27595611
0
0
0
901697338
194939091
172645588
194155855
0
117991468
0
892747549
0
40012514
0
853717401
296692902
827166031
578090981
768386568
0
0
430583430
0
6294561
532721776
118286480
47267419
0
0
0
0
0
0
432796606
0
0
0
896310534
583884936
641931869
0
156658768
0
0
0
158087045
918573753
0
0
0
953799564
0
0
941074737
0
0
0
0
0
0
0
0
0
0
99255113
0
417133290
376954587
0
0
0
401000260
0
632426421
415636020
601088873
887655119
0
576799840
781883108
0
0
0
0
104162321
0
0
290283856
0
919254489
304375867
0
199446765
768461586
384054285
498461504
268238608
470107188
510982331
476675453
515307097
685750355
0
704206264
0
0
0
747429087
708204418
0
667394989
165972897
0
59030858
344514538
72222851
0
298794362
0
0
0
0
232144195
0
113391114
382907537
0
415040270
695672826
687257817
0
0
389474811
0
865849669
317767759
849607359
97788518
987781471
0
960940737
0
0
986851665
912478227
573613936
433239035
540189466
865729396
363028487
0
672056025
0
424248320
0
0
0
0
108442099
0
812829510
513253977
0
0
633684863
178825936
777472712
495181262
322411074
127529435
0
669780693
199008108
890238587
0
164746552
0
182731544
0
568062202
605009586
813917767
0
552050313
0
0
794203726
0
0
861370191
112481647
437227004
0
425593463
32936774
212583128
0
250141727
0
468726909
338587573
0
0
462579902
53937127
0
0
0
0
637000153
0
0
0
0
915562497
508690690
40825768
0
0
521490383
0
592021995
0
783376182
0
484007629
579523943
0
655080960
398357261
14211216
0
0
0
0
532294276
225679162
567962639
0
293336584
619702581
449413907
0
484857604
426066528
749931464
706962549
60771172
546103871
701327328
653685721
785047240
0
0
0
610204356
0
927320274
0
690071499
169414455
932882161
0
0
0
376160543
122801936
0
901996946
547356430
180923298
0
411510410
134801150
172946628
403246281
782921574
0
0
0
68002230
0
0
0
593691830
298899451
0
898902548
830162182
0
630478281
843804014
329796245
678417693
0
0
142266767
178324570
0
583455603
0
0
570424120
0
0
496070110
0
0
334003404
0
20492807
0
821487383
546584144
76167561
0
192402877
0
978428432
393721862
818552282
0
0
180391270
425530370
118886260
0
142571115
0
924608687
214796969
836465520
0
175514812
825277057
0
0
0
0
0
234217538
0
0
274197703
450540933
861160889
0
0
0
218599818
307261958
776875733
0
495757154
726721487
680341894
334627413
0
0
0
435442677
40145773
0
924203297
460163683
799601286
0
526261127
137885922
0
163487754
0
488946593
963623949
282413003
736854753
0
376741692
452976243
129063751
502564144
0
202036343
69468978
324660580
773732389
551942948
735889195
216211764
0
0
0
489959744
271827656
570996458
95408113
0
548928641
0
0
535628769
608046662
820397171
0
622368812
0
0
0
0
364295902
271372697
207136835
872691383
0
720299838
0
27159824
0
620541374
0
577001981
0
478503324
110787953
320820902
35757619
0
0
0
0
0
326719849
498077422
127075961
0
983410569
0
202218430
0
268274653
0
546141617
0
0
714739671
949981726
0
733773493
113580348
0
792205338
112571025
0
704125096
0
0
0
0
437252160
0
276840600
861403381
640658694
0
0
386439917
776845594
0
599460115
694634840
354310483
92299312
0
645804119
0
0
0
53001475
812307164
0
652697920
976837873
0
713425330
834134729
0
0
345394525
595204656
0
0
0
588967919
0
424167733
0
823359128
840301422
49137803
0
811531507
332188288
0
0
0
774044214
0
0
955226179
614747140
604271021
0
902103078
794774034
0
794279048
0
0
0
383918038
64925601
126642323
0
265744880
882581942
0
0
605359956
0
948252126
107753713
159161337
444770538
0
0
128956456
11013356
380458134
856561978
297344948
757230393
0
537857508
12817535
326966254
0
299630688
0
0
395878450
0
218171533
822993660
321913815
0
696087204
0
0
0
0
829629515
0
0
53005595
574910230
386804830
897952305
0
83485715
0
134547761
738072879
106025917
808861065
573351850
376021984
0
718292549
0
0
0
0
215888827
296147461
506250685
841374071
0
148820676
951583026
153468619
0
650669454
654884647
0
0
660445966
0
587687710
701847323
731540533
339832551
722150653
0
0
0
69441627
0
681496829
0
0
843138708
763544347
0
772097423
0
998222181
0
861093661
636517777
289795148
839703702
245393961
0
955711677
0
335432544
0
0
0
0
0
0
4303233
0
436445455
214774905
221349804
446625724
0
496583418
143861535
785307166
0
424544640
0
0
13500186
364852119
146991752
637622146
707306526
390577164
200349387
0
810905284
741855942
0
0
96616777
0
661209776
910610297
494872762
0
0
0
787363548
0
0
422988401
0
0
270792898
247767997
0
869934386
570969472
338381611
0
586485739
36767700
0
577320615
0
228869712
43553163
0
346789363
43554418
825020423
828194999
0
0
0
802824746
509318151
0
0
0
0
38053746
457833456
534356007
0
547857006
0
0
426039033
0
630021039
0
117949040
933550407
538750984
70248185
915141627
61457598
0
719544711
969016687
298834049
0
0
577784011
346143854
0
968670500
748087842
756725750
633751761
0
0
748258918
0
47147507
0
0
0
887572935
0
0
0
0
0
228825945
0
422575045
0
0
941415277
0
581970654
0
0
0
383845469
634576612
633505123
0
0
993530443
0
484370631
842366457
623628519
0
729635105
362770850
0
416293378
548907270
0
0
0
0
512620993
753609297
923138451
0
0
932403608
409268044
879735732
78231436
520502503
610147921
525182985
0
0
0
0
148931439
592180981
357369318
986106613
50139258
0
843351373
155828705
508733358
871363199
0
873852788
901326806
0
0
0
0
644492199
876879120
0
79301540
436750753
0
0
968177802
96723171
0
0
189514732
0
0
0
197955287
0
619936424
125164293
264713041
959332361
0
666684508
43661109
494681322
0
621673972
848361623
778973713
0
900191609
0
146592311
122399702
0
0
0
944871573
0
8700114
431176231
0
233451800
0
0
0
516055491
0
0
800828087
353268426
0
0
991329638
280773052
247184937
925581002
901424848
609098908
0
0
0
0
174325769
820207215
0
0
189755573
0
327333889
0
0
0
359967337
71192528
681624069
0
0
437990115
4839302
997824489
492277749
465830601
0
0
528038331
619080037
597063371
0
229065796
843903326
677020294
777356683
424940096
0
0
774838876
193764010
633114424
0
0
0
677268513
737855906
0
621018238
151202409
0
0
752866077
835353013
335659482
852493172
0
0
0
568994389
0
211829113
141836507
0
923966796
235304540
0
938686661
609553487
946086834
696333195
0
836026835
0
27098922
449204491
859680486
79755362
0
0
296963828
0
0
645125146
0
0
699166806
0
0
0
0
0
0
925373790
759350366
0
0
470005275
83437097
745936142
95236106
184753285
0
693339033
0
639586792
872135201
0
413266291
0
0
803791877
862341452
901507895
164456165
0
984366007
814157443
629907960
987623138
136337076
0
0
655467147
596073498
467656986
427780357
0
185207824
0
639165770
0
0
794081792
574338064
206823853
0
0
238542694
255114178
472510086
783172126
0
142358508
0
282485199
751143696
0
0
0
613917260
327471300
0
110813667
0
81728791
699851247
0
0
317729933
0
0
150192219
519933353
3786344
174012273
15536142
0
0
273153826
0
43280372
0
787732228
394582340
817721473
0
220298349
0
0
0
0
0
1621058
528281529
0
0
0
280637659
0
916110267
361831790
0
0
0
319961056
785210265
432468569
461868379
260991495
0
102189505
913191437
972504904
719693572
795788617
0
0
258632404
0
0
303566619
46159336
777149288
375127374
131118747
199488622
16394673
12354550
447464285
0
0
982477473
648258853
167068481
0
511340347
459346465
207840712
66490116
0
0
909904661
0
342254591
118002989
959280271
0
0
111632527
0
105756181
753471110
855031284
0
0
0
448243388
0
982176321
376435089
0
0
0
87306650
0
0
331315776
0
957473940
729178042
563468875
433269267
629358573
0
0
275572702
450030721
0
24999047
0
0
275503983
0
208558914
159471554
0
0
29003463
236509473
0
468701330
0
659762308
798213870
760846225
137137256
108927834
137905405
189606999
0
0
423694087
0
858308891
238595689
691562335
0
62943251
0
96216469
0
186287548
386529254
0
0
656805811
392298443
0
0
0
407373682
97434132
673668405
0
0
0
299972218
0
876287207
476880130
327762428
487099979
795913685
444212371
0
367782875
0
120378516
732110644
257465610
227941186
0
20862336
231284424
925702747
69831343
480662329
0
0
0
0
590531477
944444235
259319028
0
0
354444775
976595862
0
0
280373541
0
0
890840676
822886456
860546931
865197330
424292997
0
103452435
384409204
550160500
204775168
361745067
0
886523993
0
924932709
701808440
294121841
251114085
700569731
0
312709094
0
521194396
0
491074429
0
86464916
262256237
0
515048988
0
0
0
0
336086816
119013931
0
54728454
860008465
0
586975177
88931204
515619092
138810895
936890135
130436978
174669431
0
42593456
124903114
0
275169912
0
446828953
846217490
323446322
0
738715695
0
782885011
156005612
0
750692982
601628908
0
0
0
889603150
0
25455070
876432269
860915784
707969308
55664350
0
799922448
0
962537212
0
0
0
0
0
542432588
307820938
711578925
599406942
102060905
0
437579771
0
0
0
0
842248574
751822113
0
0
0
0
204025303
0
182251502
433274123
0
416939946
888749472
653197091
0
657990395
418536147
33326532
0
0
0
255326921
541621405
0
522900405
447949636
0
0
0
0
0
0
0
878635734
677860753
0
578157852
0
524116817
0
0
0
0
29703055
801429630
0
0
506522420
0
653259377
0
0
0
2913599
0
195967917
0
656853008
106314659
0
678949787
421199096
0
0
0
303290077
950600395
974500565
0
549983236
0
970990755
0
0
848407259
0
107662818
463796214
165355473
448569477
803669241
763808443
0
0
575752919
557264820
751654770
0
311510508
166825011
821505522
0
296061855
559179742
139350508
588014446
17619782
846367860
696488497
0
0
534382392
235556733
494461166
72600411
0
0
606387743
478646233
771739558
632435191
871697002
555927
33251305
166275995
0
402972001
0
0
0
403253931
356470255
810255287
0
0
0
201714052
242768184
0
0
0
0
576121532
351213767
0
0
1596895
574435532
343201581
181517080
0
410434831
23765466
10714961
491705173
0
982744858
25593216
795596064
299963536
521478959
426543636
79946580
277490621
763273595
23978325
0
673716256
0
121889756
853810531
656323148
985697478
261203678
529777401
0
318708038
344414853
0
0
373906113
467982375
120998577
310021856
0
0
0
0
387026867
752231498
0
194104722
772432264
493008977
103665922
846533928
646520386
898933039
0
0
0
0
0
0
262734032
0
0
942009256
95896227
99381711
906137935
429203391
413058238
0
295515503
671526572
80869477
890209130
271323643
930273655
888170830
0
74328830
316984856
0
205426725
460083705
0
0
0
0
0
0
0
141576534
473709961
648045658
846951580
905913033
0
923434190
845868359
0
125383063
0
0
644980859
802580525
380258126
0
780904806
0
13523082
0
0
0
139976918
0
878067599
0
0
868967169
0
927305620
567253151
118294924
83382804
81992450
0
0
0
0
0
0
292539622
0
0
67534202
65957958
523553167
482906741
832006454
239710904
781385116
650953937
563626111
364846649
95384458
536864701
604759030
0
0
280483457
365288704
102255060
325988430
0
544358989
0
651170869
620981514
49460743
0
54257202
935543701
0
0
0
0
0
270264630
0
0
0
735084165
458506704
0
0
0
438157721
0
709760603
0
187465323
0
763246558
300401678
12000647
491705644
0
230612149
975664860
712469127
0
310138652
0
0
0
0
600426035
600328135
520395550
0
0
0
36649024
655818322
499960248
257359883
774721167
281586557
762934875
0
449092504
773083889
819953615
194552476
0
639601118
0
150788218
226051436
549363406
0
90551013
153797982
0
627217393
0
816795967
0
0
437580719
219127065
0
0
931654265
890482407
527959890
987097470
905430695
0
409545267
918280492
0
215261300
933334958
0
91801724
320537615
497640475
0
0
0
378485788
767308578
818343943
133104836
607584810
0
110523214
0
0
657971528
52167326
918773737
0
116618536
0
424644524
696300101
849512619
751189313
588543830
342162468
610170778
153049336
114693375
710384276
208546343
0
0
0
0
264021542
0
997720320
0
299314421
0
29868657
0
0
0
544162860
469382970
399461510
0
816133838
393096765
872274272
0
765865490
463171976
696971779
73493781
0
0
0
0
0
0
199558575
0
254170226
887710244
306999362
0
475461381
525980322
870325953
658554862
0
400295841
432550752
526059126
919969258
802148317
656565228
0
555724128
31157963
290366758
0
146143366
290511052
829654255
0
0
804172006
0
559187294
194733269
0
0
74865282
0
302818917
0
0
0
759738732
0
863863635
0
404975992
728435977
795752056
666509052
827162490
0
0
0
0
0
379465387
625433027
145247540
909059377
959631129
0
92340914
0
48173733
0
591233013
952516607
0
0
383752789
0
9743067
674508099
0
24844483
399948300
0
0
523278916
160539903
0
0
0
179448561
896828661
636613700
346408313
509233339
657612842
573104743
0
849718473
336921740
0
505137957
324332021
0
455007191
0
0
0
475855763
671828487
246399695
162190135
33880010
0
0
0
554154635
103577435
175890932
509243328
511008463
251429324
200018846
0
861976149
483874549
0
0
858596342
0
5257303
91637565
346819326
237380635
0
0
677047061
509095025
564778131
0
52906
0
0
0
476998756
822823898
96181056
0
406377289
963985853
344403822
268890748
0
574638908
0
0
0
170514627
0
441320193
143046209
581369448
873547453
303947796
870726335
0
0
0
32515697
0
0
729061199
827617228
306796505
0
854990342
97732424
354391158
0
759119496
119763210
34191319
502945198
857758321
562194090
416682462
818706810
555354683
152819487
0
176837329
448206361
0
993526556
642541785
0
0
534463742
310186854
0
0
245512919
0
0
242310081
449622789
809708822
0
174010064
666830738
0
524055716
846540728
0
0
94596824
0
0
0
0
0
3252903
0
0
700513269
729437069
0
0
353744367
148367610
82351961
0
508936167
169095033
0
861926541
306337079
103673918
638743553
905724838
600785692
12804054
0
152363783
647626126
171449479
0
0
968872195
608772807
410979366
396942721
0
566886865
924764642
559958438
0
231036262
0
0
805529236
470981594
315538410
593470286
0
690356901
291302783
0
0
915027885
100530024
892370330
0
787675906
0
0
33204224
0
0
823899056
642078536
0
0
512898936
802953681
0
400999050
0
0
0
289150864
0
0
128847536
0
0
252360783
203757212
0
697254781
761608408
654512202
162610680
219112296
488573818
0
0
465606523
468296726
809149780
263982998
399556287
769223779
0
0
0
835436247
899665062
0
130416512
599209809
470469212
77161592
732845393
57175452
0
0
375090919
729050296
341408578
0
785013027
0
290870456
0
0
0
113430980
673143829
0
0
617409226
0
0
0
958081436
843406181
656816299
630981719
0
818196203
730641191
0
0
655843582
178447016
132789857
108506059
0
466168965
121901744
921809432
193166414
0
417936663
0
0
712942384
117482392
572793692
0
623489861
0
0
0
76222938
572886618
835539286
0
367843885
0
806509245
467230210
0
178516430
0
0
0
0
0
331302418
0
647298084
0
495806221
619333519
415775146
512999282
0
508971844
0
405784257
0
0
528044419
0
971458224
108574637
110468512
0
772435820
672591281
0
0
677527890
291273
48307256
0
0
431377177
0
0
0
550256197
332307630
810625667
0
137354357
0
0
0
615590141
913237147
0
0
646127685
848755953
0
442259144
682283486
0
735210203
0
0
0
781395044
887997578
344310171
129877614
0
509649109
267388636
611684340
0
0
0
368002345
856430635
0
0
910451278
174309292
65419063
0
85489235
923836553
0
271933485
0
690897842
0
307439982
809590334
633441776
266700571
0
708231478
0
331305084
60791728
0
0
0
365136587
851388962
0
392293321
697423440
456803547
890159997
0
0
0
116144831
325875037
0
622204354
752282505
492423109
241084380
399897760
0
0
0
0
144638177
0
0
0
878455921
0
239127077
538807019
0
0
0
0
580686394
943614281
950468356
504449834
511921099
776050467
0
0
493284351
0
869617194
314202577
477641862
443051733
451050941
0
104839027
0
295281234
0
686686822
0
0
554001334
0
161762108
0
668120681
794700105
837526594
485332100
0
0
673067417
236775430
939666193
0
244407528
0
707828208
220313216
0
249065321
0
0
476798309
0
0
0
0
0
0
0
0
218356998
0
263053448
0
544658226
208723633
0
418218105
620398894
362944239
0
0
0
825684946
112024576
0
859893306
434371214
0
0
0
486018065
163994951
603158339
0
685309151
490409034
720317446
633112917
382534932
0
0
0
0
698800789
810629323
181293176
992702379
0
0
0
0
0
0
0
0
0
644133797
40815015
418609010
83024622
659168888
0
669758973
849309879
529310494
106269496
0
439257218
0
556334549
694984661
0
0
0
77073414
798846179
416171728
744346348
0
946262842
812879366
297825748
0
398307057
0
653056068
590029163
916801992
328703626
509373564
936626159
0
0
0
971980076
0
0
967530803
0
3319911
0
0
0
0
74441303
0
68838622
396032446
856840075
682958790
0
0
677363797
1959513
557124961
0
0
0
0
275948351
558357048
0
129069579
535755015
186607897
972012068
357314751
0
0
0
289987763
35885481
0
539089210
0
573376602
0
0
917083869
0
0
300797521
0
56360700
440482697
122196068
79187640
372786314
458788830
773573621
982167426
0
879138009
26640021
805232239
107587748
0
688891534
578007028
0
280847330
316920453
0
174311207
0
424001692
0
0
291123468
0
821443910
525874536
877400339
0
644506767
751349167
550790043
890459143
0
430526036
879788907
649156990
452184474
684298321
0
0
620097291
592327049
0
0
344356176
416164757
532840875
505612868
0
207690189
0
871304513
0
0
86680774
101114528
0
0
0
0
0
222161025
79970564
0
0
0
296561742
630265670
0
388474894
412938199
518969362
28628110
0
0
953395409
0
574134436
326941871
0
562050876
448048049
0
0
0
675007197
0
704235635
257346645
353231125
924215170
730923068
0
438298700
705366937
84831353
0
905566181
0
124230803
0
0
743353625
332634495
0
362607251
684217659
0
497419350
116411899
698964018
867948911
913666399
0
0
123255926
278356806
212632092
166790914
225057062
0
62432830
312577197
983156296
721966897
0
0
0
164744153
0
0
207083490
538549528
887368705
127300471
94626451
986667023
0
821283547
0
0
0
127989490
456551490
420727343
0
0
301038907
162279164
0
0
0
0
0
0
0
0
0
0
394859285
0
0
738731718
168562974
235025902
0
0
0
274542822
430412308
638865088
294504293
0
637198671
153835082
0
421371812
0
0
614982220
0
657458784
966107142
236349378
701665236
0
0
0
0
0
58043835
987314999
387748025
123448509
0
133769926
374234556
0
379776074
376666581
0
0
0
0
292417027
0
0
687383073
0
0
0
0
0
0
29644729
0
975191846
155209439
575513185
0
904161279
260759332
983379005
236592331
220437671
0
0
745604598
513016740
459854806
0
928092818
688431446
683213777
133229705
0
0
0
0
438279207
0
0
0
35902955
0
328341976
271525315
0
526026315
0
0
0
0
693837937
0
0
771793045
0
0
17185306
364970588
611311217
0
870780362
360372697
0
119660279
0
501806503
0
0
0
626826601
765738827
0
0
0
485328377
0
268512097
123113566
0
0
0
917402192
719739030
362220881
0
0
0
792831337
431363529
2110125
540653069
8603892
0
0
0
939617118
125359303
351780742
114548673
600541221
14684705
957239875
731585912
0
947182720
589470752
48083850
7296520
0
0
0
0
0
460520621
0
319776982
843510777
86795010
894302803
686312842
490918878
0
0
411900772
0
0
837171586
537646988
0
705741267
547024406
0
0
822775192
0
0
642508975
0
989873912
740158914
726147654
455030252
960564606
800229756
0
97815507
0
0
333125534
344538771
559991854
840964689
680846341
0
0
97858789
0
250366334
489568164
23743175
655616454
312558459
672844668
33811726
533501095
512293835
145161063
480862224
969959637
109638109
365716588
479416091
771038703
0
837799478
592422985
0
0
0
0
2598622
34670725
340130184
856583326
202625630
0
293714127
27500614
0
188109333
0
545809319
0
763890744
667905070
570680997
0
0
0
0
0
376656440
209191277
406605170
280183452
0
129275223
808422617
318120408
0
959690974
0
0
161151369
0
0
522089513
326118698
832671346
0
0
579523489
781584395
881593488
0
0
713261443
252689913
921252083
0
937485759
0
775479747
294187995
0
542974155
0
550334897
524523803
186105301
343043125
0
571029334
0
0
752134523
24148434
0
0
0
887831370
0
0
0
0
206903872
0
351999897
667625763
483762588
0
228637303
368954888
243183716
575493065
574531367
545894593
520289285
843927388
266414307
0
424009684
103139794
148298596
0
0
0
548865753
287160135
0
735847136
438072632
510485876
0
839121904
0
0
912653718
806989380
0
0
0
914848222
703831875
0
46668478
0
0
583347241
243108248
198062672
0
89146957
626676923
0
365101258
0
0
759938132
316338506
430527329
0
0
0
885004809
584914759
0
0
129371438
0
0
825107817
929366644
968776931
0
0
0
0
407975660
807949800
814053272
0
468905623
561859662
0
292809819
0
274845465
929086351
0
530589985
692579471
0
561236965
619025391
529959629
0
240324083
490690103
80693502
700735130
0
767300911
0
160980366
225851934
790192064
553837492
0
0
29599357
0
0
161506871
726358853
16780681
344926493
0
0
0
906762012
551398905
136276088
0
894008608
277857861
716191520
645222633
687646101
937283885
615449816
0
0
0
0
921096478
512221814
0
672528494
0
0
893290834
0
0
0
951224830
880245442
0
0
0
987211746
0
5469745
799790856
469831371
45012867
0
0
0
0
171384125
0
0
640137302
0
0
193111261
0
0
784881131
776674809
437368623
0
734991647
0
0
276506962
0
767760523
0
0
665216556
892914315
343514618
221829562
535658688
0
0
138543412
0
297327475
0
244443509
901266667
0
0
0
979346581
0
0
132059981
0
0
0
809216151
0
382717532
849261258
0
0
831250075
399690582
92593552
419871295
0
0
0
0
0
0
60997749
0
0
0
802346853
0
812733911
247660699
102636777
970721003
94553876
858559239
594469287
201444232
0
458845615
836592655
0
0
974382884
565899907
991426563
396670496
591309570
592095512
212044201
901751132
0
143038293
0
375538800
495243411
0
449243527
23192440
0
276150494
354402775
522931570
79734684
680022952
186038604
0
0
265909007
992909177
0
0
0
0
376713723
146290109
87085702
610126431
916110230
922557362
676695328
111279537
0
0
129813360
0
917033020
0
0
676885262
5530834
0
856763749
419768409
0
0
293483344
0
0
472391056
0
0
229869984
249283355
503631840
0
585136283
0
229430606
0
414735361
957251262
494190572
613312049
974657921
908953186
0
0
840300800
0
0
0
0
445949609
23053425
685739052
0
359539247
796311539
853208802
652880988
423001158
18096353
57547776
0
0
933752082
324253499
573979341
0
0
205188558
0
0
634546184
866972962
0
949348658
266633667
354434425
723793531
905121867
0
0
115337597
513106499
268788851
374974313
0
871130492
29182984
291016495
0
64124018
702729805
0
105817109
39815577
951570757
0
222593090
631844463
335504342
259683235
432225655
490768071
0
315596662
324192279
541989508
413468792
708592853
752147437
194591411
0
516637081
0
800621093
0
660764327
0
788895919
18765081
53507807
482621181
800964895
0
244050139
458575820
0
188630156
201715652
0
0
80752885
813169803
477771397
0
0
961637817
69421996
0
221825094
0
333016292
691609727
437781566
0
821613046
237707954
0
682988875
622758588
0
0
761076421
0
0
119882520
817467274
0
796111164
912370473
812034930
873741907
0
495939563
450868933
0
217792533
0
0
758332058
0
960120868
497599973
633250168
0
286666645
0
216592512
0
0
378219132
0
393127137
0
312918905
0
0
686097290
0
826457523
754828666
478626432
0
521525443
0
461766718
323117526
0
0
970359865
415751289
996099098
0
0
0
870391578
0
484462348
0
878391270
0
43168021
0
486482653
910012886
19833139
101393229
0
61518507
0
0
0
577996063
552644842
169899056
129869327
0
0
0
0
975804989
476778097
0
0
0
170424871
0
464760556
988195819
433440559
0
77046912
200840651
0
0
0
795622376
805018916
765698183
0
412439594
907169956
0
333793478
0
42446705
385813260
110419642
294589427
0
61825625
628873604
0
896350195
905433183
658106002
720907294
0
13158162
0
669811534
0
963036122
0
0
0
441619484
309813930
475861430
832220621
674511021
0
0
726765965
0
414256169
0
0
0
0
260913042
188126621
0
331684764
0
895704017
0
707217923
54288588
0
0
102937312
648484932
372951753
0
0
573967969
0
0
480770078
174649001
0
0
970461116
0
0
0
0
887782902
935854014
0
0
892396325
11640114
980918813
0
0
48676516
920466987
0
60112737
0
0
20875907
729466988
0
766605966
631791024
322016528
0
0
0
416004097
0
0
524665434
601310498
593322559
950156189
0
36580887
0
0
840308727
544165904
231579352
0
655332933
191431061
0
539531811
15215153
0
879612658
0
844904350
0
0
395713078
83553352
444825718
0
780684278
962992423
0
611975984
894690578
0
0
0
407417261
0
756402763
223695755
278782255
534815183
436614476
347457431
49251871
0
408522282
171848586
209677437
613908327
721909487
0
687551905
0
0
350895351
101366619
0
898752171
507985087
0
0
61824229
414261399
0
598325084
0
0
426693889
0
0
0
0
214097700
437694447
857671084
0
0
0
0
0
61502619
0
0
0
98007815
139758356
0
0
87323204
820887342
732415932
0
0
384865371
0
0
720330773
0
295269699
144791985
0
46490130
132859909
690954771
319622510
994471327
650006850
0
0
524201883
657788281
129315536
232249433
321941857
0
347774176
534869949
0
775737760
0
88544324
0
135978652
0
0
150679421
0
679137218
404147246
894008588
0
0
0
779040599
0
910485736
757923372
934345921
0
865956831
636656713
618718410
239952514
762600514
397142972
850361772
0
274190177
0
73737414
479987491
0
218255298
0
0
0
694743151
810890642
887818098
837238715
0
463366956
642360160
73378306
0
308553473
0
271225090
0
876902766
32452380
0
0
98898987
739740253
512775114
98201405
722979237
505965489
0
882358674
0
0
591631114
638262689
0
292018626
608302931
866518349
0
677006484
190650533
603249415
51892633
988275156
262758799
0
0
0
0
709334599
0
166512561
524895768
973786472
947050042
513075652
0
0
0
0
0
0
0
0
0
0
0
385378399
0
0
0
15411063
725379603
700676929
322617524
0
528868677
0
0
129852994
451280807
807568709
0
0
267963759
65778803
0
0
422511440
0
571191698
854988069
800891868
866801835
535478396
0
0
0
154756427
677760896
0
734242222
0
0
754402983
707253171
759211367
548535480
0
0
364779524
289570028
531005761
0
650048495
0
904557303
0
0
227769445
138906450
21212805
412567135
262150021
882242412
653981911
0
0
753162258
146514804
0
0
232999007
574568017
231120232
0
359064376
706504067
609267624
73464135
0
0
0
432876520
771782861
40152802
361069572
746592416
0
388921482
44477187
0
0
0
0
358822397
128643544
285128935
385364411
812250435
593164091
263078444
45129709
0
521218709
0
253951852
896250849
111356333
752148632
40860705
0
0
0
918547948
210891807
546889404
0
0
0
121323270
0
63505340
939719923
0
645792102
0
531730505
788567999
863429670
890453232
181320256
0
0
0
870382525
138715808
589697008
0
0
672738281
0
964582972
162109907
948647686
742987488
255993441
0
28994795
876771959
672199775
0
0
110146085
0
702730737
0
948919614
176853644
0
471524479
0
931984647
0
781858409
615040319
0
526519199
0
805665403
844155481
348786261
633169925
118652550
731031330
850059144
0
811546529
370022246
187061273
538072216
0
0
875089774
110958535
245091405
0
0
0
0
446276385
460136606
0
395168537
0
0
877506515
0
72995420
0
535515014
0
0
0
0
0
0
0
134135922
0
166339506
0
129262354
491472737
0
699236166
0
311979791
809281068
0
0
717169387
179109030
539866145
187689195
0
788674584
947954330
547351743
673789031
230432335
0
502291320
25545173
573825722
737626881
358939847
945853364
0
0
0
0
507638413
0
0
0
167605575
0
0
0
0
956389743
776682972
0
0
0
0
904340982
0
0
184651992
884767349
348555777
0
0
858942406
141133549
454776472
788258635
136261520
0
0
0
505422513
540574826
0
115745183
239569055
272159430
879098795
0
0
381776098
177678927
160118855
299106985
414142196
505472047
324176176
0
0
849046928
753495119
0
661039700
662278624
0
852832347
560070402
0
542545835
751485227
0
0
828433691
239151411
429069068
668657237
0
0
868925041
525009333
0
0
922445173
891823435
0
787899487
605366199
0
336063101
902817764
0
767047040
0
667890637
70404789
685178704
0
0
0
26819418
576569032
920452310
719477891
658993712
868975970
101413869
218919974
686611140
788112329
480850670
231566850
556164537
520407296
0
701049925
57533755
0
421020972
0
800647524
0
0
0
747012258
0
200611733
0
64513917
0
329594827
0
0
505478047
0
0
0
0
0
0
0
0
0
754136442
0
847598752
727123824
0
539162842
131624422
385931297
0
171471694
564687982
0
0
0
591545682
0
304283097
170864310
0
176187048
878089552
512638919
23705700
0
752593988
641005686
541976850
290201147
932110110
0
0
261265879
0
0
0
161189349
0
0
657968034
0
0
0
109337115
724694628
0
918768314
0
85996304
0
968955600
758653285
0
0
262561527
993170412
275412275
0
80881187
468312514
335720386
525925733
736564111
258724922
46604700
947735320
0
0
713038404
356336343
755981635
620683767
0
255271434
0
0
561400246
0
0
568668660
0
811273389
713556724
0
133830442
304000795
323311550
0
905663489
751542459
591337783
0
0
364211922
24240147
0
550165158
824753595
123788218
650000544
0
211329101
716805417
385407505
609570549
0
0
0
0
632650956
263332182
775688143
893362433
0
122974386
0
692044274
0
811100459
489918669
852276401
926471239
495207423
725147824
0
871145215
417749449
0
840537731
736254768
0
0
247583059
0
827217826
0
542964469
279522891
890672144
0
0
0
309944812
854971430
651905331
0
0
223549109
402719079
0
0
894413801
690654085
84572073
0
0
565409163
697295252
508736972
0
507201465
250761274
241297901
782845299
628282951
0
63155797
981240119
0
634310918
747191788
0
0
0
957671300
442430657
0
0
0
720153177
0
172529722
825898875
0
654554140
535417572
0
0
0
0
772961173
684659701
704486446
0
0
0
91219258
528421189
0
593676889
198697829
29600779
39765940
0
0
0
507196531
0
0
554853774
0
0
0
312729975
0
470037128
566589874
499415679
576879935
296317835
0
461998628
0
0
3591683
0
0
2659279
372840775
663071421
425077180
594883747
0
0
0
0
0
0
166045958
0
0
529990311
606502830
0
0
0
0
0
0
251718489
341565379
0
0
892351677
263396032
0
0
199726461
827199316
0
0
0
744506536
511609886
68837229
0
796098491
322805839
0
551325447
971686782
464094829
341907211
991443374
386740317
342899516
0
301383328
181879299
787646870
814265358
0
420182735
0
546856970
846308283
429090886
905994564
0
0
0
334486574
0
0
767924281
228777458
895769457
338331539
577928525
201607083
643108393
203431471
95518828
0
805017080
0
824038897
298681102
211776539
645967891
743980364
728325310
774485775
0
0
0
0
766140294
426855808
82993525
0
486155357
0
0
0
0
889963864
56135148
0
0
833137118
442543003
931068393
0
0
363006814
0
0
103302272
611303781
376088786
79376185
0
43904568
599794887
642116431
0
0
50317844
148361735
928416216
412909285
250264985
101012586
299580342
0
0
77662722
733064420
0
0
797986299
64752918
830724032
63717234
839968100
785901087
944876503
0
76195632
549001075
156641347
0
977145626
645784489
969476694
88769494
0
0
833935652
0
18845979
421975175
0
0
674971707
496106313
0
828804171
0
0
0
191716725
969920259
0
490825301
0
306386775
0
0
0
695659440
628106262
2360120
0
392065855
0
0
0
806675056
0
491360965
0
0
658284164
387493823
594533214
0
368941604
768308855
288796740
0
269985461
655250257
479381800
0
644031423
154106556
0
0
0
0
766347285
0
0
0
934995199
0
985091799
260667912
0
0
0
658356426
0
0
0
0
376498210
0
602438070
0
191196183
53721952
802120275
0
0
0
962557168
923019850
0
625980500
0
528384239
0
0
0
0
0
778537107
0
0
896173240
824973283
675671380
554746824
240300269
629940828
42101671
397531457
846394485
772769798
417285447
190593030
0
0
0
0
737932121
467843791
0
681175182
855689322
0
700093345
0
0
231284341
190377512
0
769796871
0
0
190414389
113962067
0
0
0
545062344
250404403
880513430
996679388
0
0
81695218
0
80186549
92742125
26066823
0
225764576
724594743
0
410252683
0
0
157944525
807740708
98771749
0
17029559
374800469
0
0
906913391
408547877
0
153061454
265477602
0
0
285031006
386846698
0
934613091
0
441760119
272356841
53605897
0
95233778
0
493620301
576414724
507249723
699786167
0
0
781273775
157704668
690392728
943486768
0
402871930
248732032
0
0
0
858992712
491506837
0
0
247994342
339374501
0
788234896
0
282754789
52943053
0
0
844349844
104285335
0
312845536
0
0
310254387
4238011
335278236
945385752
0
0
11599711
12146225
150854190
0
396930313
0
0
357822417
493420962
0
403395817
946752153
850240164
0
902725883
0
0
379303510
590868153
0
114614581
0
175318054
968470853
422323897
68486641
815992640
0
20055738
0
884899640
0
256180903
0
393552664
0
0
811898695
0
0
0
746839831
383836936
285584117
763276128
0
0
129426163
0
0
820814591
0
976159767
748508746
0
198721789
0
0
462967390
793677511
0
667676866
921610998
363354129
721305727
0
433298640
0
613832277
0
0
376540036
446155714
419538041
322032000
263777517
0
904120257
0
952849158
332895712
663644301
0
0
0
175378502
0
0
0
302956515
0
372589045
0
0
0
391133119
593700034
340074205
0
0
444834008
0
602962988
31588974
398250236
0
0
0
305682405
236898811
831029758
0
900368611
0
235078897
0
743484434
735765477
594553261
612935946
0
0
0
158823498
955847613
507432450
0
0
659687084
0
0
169159795
622626069
0
0
540323990
715873678
272909552
0
915124878
0
0
23415660
247284750
0
158309497
988736217
978644893
574044093
0
0
764360648
778173651
191370807
0
0
0
282469555
698119747
284893722
0
0
0
0
0
0
0
563976695
0
954400441
222977416
905374884
220730904
940447439
0
0
0
0
169450889
930410676
0
0
809638746
0
135625981
375411411
0
0
732319672
0
0
0
0
0
402381818
136479847
537054693
0
0
825108121
934612069
699776998
0
0
78853617
646247646
187224355
957142823
805573050
331450486
0
0
55103233
759047400
543217439
0
418794933
958558275
365845328
336254877
479357280
0
0
0
802126817
959130390
133735620
913346501
78818957
891457174
478706370
334851369
796791550
0
906659775
0
197574703
0
722651928
588305786
882357041
0
358966088
695295619
0
109454221
0
668394128
0
211737043
921895071
0
168283165
0
211000005
357875858
0
0
0
0
0
527899713
215279594
46169310
127862109
399669399
0
225403996
0
769954042
0
656876614
0
401988129
0
478419407
85080524
0
639656797
944444637
0
456592070
0
0
355564986
137353971
196135766
679031357
0
663655819
0
128639734
0
212794563
797761248
0
0
947650193
582347197
131838539
135131893
105187628
0
247771481
936652840
0
0
0
0
279302488
0
353783809
0
658783205
198131219
10808206
870338331
85982869
0
268323435
872726592
232843317
0
0
0
0
808526512
0
893983332
0
461334407
746422754
825584458
395726990
113207975
434247100
0
0
0
786421181
0
0
0
829713189
645722059
436870867
0
0
888010964
865611464
0
0
735421349
0
947771661
834496407
0
276715888
266983514
263780573
205284070
35378358
309049658
200352048
740848589
454354285
0
0
561886185
880494912
955798346
545217433
0
543270969
698040763
56795696
0
685526650
440266671
0
0
0
265764609
0
0
10349046
0
837654581
0
787208821
0
653956109
668683868
0
0
0
0
0
0
0
186504724
168601379
0
0
669767846
0
287184748
976404304
305371263
410495795
0
818053994
0
186579327
320562461
0
210305360
426455426
979891256
472135998
0
465750642
936768472
26454427
644840618
0
0
0
171603114
398113295
538055393
403945133
0
530807154
8634898
652874469
0
0
128195752
216049720
592579581
103085458
977315565
171299442
0
0
0
0
0
0
0
564109972
0
121171094
0
0
444817436
0
940530200
201690252
0
0
652444778
114623329
0
951045013
155936149
0
531760611
0
361646675
0
0
278658043
0
0
0
858384445
152117322
768805881
0
448457216
53432973
0
234017912
581813401
525642080
937514456
69923689
124804692
132830981
0
0
120184508
25041876
0
381568766
0
52010435
0
0
612496313
415175967
0
0
0
0
616109500
518141896
0
932939797
285769191
405198389
444125341
715658455
339559819
974528629
0
616271452
444908226
0
379747865
131638350
528523099
258170688
803013577
0
0
0
0
920808559
560564844
0
867575709
0
0
819773771
0
0
0
386323353
468569063
980341299
736832448
718145388
664425205
967823667
0
461249611
592011086
32677607
710351013
540250977
84699346
0
12819560
0
0
124365146
275016602
747746402
376052647
0
0
0
31290691
97746800
45844448
0
92740441
531791955
749887385
0
723255155
0
0
0
0
606247694
0
186406894
0
576384243
203336471
93701499
309101642
0
499327112
494452647
136410761
508634738
760283242
174375584
320661378
477058908
0
767609126
296431013
0
0
0
0
99391598
0
0
467818876
914060221
905629535
0
383720341
0
0
0
763146274
107612524
0
682461746
471767763
0
597260187
642670996
268422869
174591328
299005818
200035338
463343481
654974083
0
624309295
157601982
0
0
0
125654256
39162027
446931225
0
102940784
0
0
0
292397470
0
496519403
174825822
92207039
992290306
461885694
111398234
44637982
874795830
0
932474978
0
934231223
745940457
0
0
426958135
0
206750357
0
490588598
632089195
664969855
226119846
0
648537333
146518099
392503378
30108684
0
0
0
0
0
0
0
537475736
760688792
0
0
80674446
216133452
0
0
0
919574256
0
483162475
432570233
0
26314605
0
0
457563787
0
0
0
36021374
0
132315079
0
0
0
121974574
17083035
0
369205406
982012786
613473884
876548800
981277613
706952190
211580236
0
0
0
286219166
0
0
0
462008655
568027373
24920000
0
677416626
0
434151
0
748217388
0
650334077
928875645
81799254
376914992
457507441
0
0
0
0
530467128
60100545
0
784675347
99384818
111283023
596382168
0
111839333
231851180
0
0
400065170
0
309853375
0
0
488043293
845154234
795300143
0
476154877
0
684089527
0
761434624
662432900
0
0
622004109
169654184
715112746
107716154
458937160
373138091
871159790
227135119
895773190
0
0
0
906644021
470715094
38077736
210852177
0
0
0
265638684
892302994
275890797
403460508
0
0
948965807
373163454
0
721502294
567319341
0
555906962
396078244
463970104
0
21226084
666870864
0
604575313
292777937
855412596
183467627
0
396936316
471416848
0
0
0
582889149
0
881187112
0
496615609
967098833
0
0
0
0
0
562815009
312413167
0
0
0
0
0
0
0
616160942
829875288
0
679551444
137906942
388589314
0
0
0
268922432
0
0
256805030
0
706321704
612015276
0
0
0
527795230
462688360
873652449
767248769
0
842210150
365315827
0
99186645
618042919
0
0
0
0
668626411
0
0
0
0
0
0
0
178796866
0
0
486593140
0
0
0
110012244
0
0
299547137
0
248765131
0
928308128
717228987
752380533
413983367
714430490
911240798
162444118
0
0
0
835384668
745010258
916886129
674641642
226183092
787888278
796735866
631483857
188502615
0
435634888
0
0
0
0
429506261
0
0
0
0
0
976588517
0
731727163
387630549
429882408
827622932
0
0
759571324
90639828
525579277
508144465
927505761
557251850
0
996414254
110923250
0
146995620
0
127295410
376189801
0
0
0
822167451
0
703058186
0
0
0
594092305
715826309
617156677
361547192
989616967
0
0
385127871
313528733
994853822
0
438596823
0
0
0
0
299476367
585756540
428425627
0
643705938
111277539
0
815485533
346794391
0
872130617
0
0
475657418
764800044
0
640507723
0
361042071
530939300
0
0
0
833694910
913848718
511077091
77536266
0
275184897
0
100741779
173038192
324781261
579575779
918204454
124910791
211574626
771724439
980787217
853559964
0
843830163
0
0
648196393
155020955
0
558792326
0
0
0
190453647
424905781
619985744
0
0
0
4843774
0
0
432838891
0
0
948915532
177701173
143864034
0
456177817
0
986458009
0
671951441
406581073
847118621
0
140529918
810856803
58941938
0
272161815
0
0
131017216
702796263
11017675
681929388
271726414
359882902
974268688
711269011
0
23665549
787333591
0
408587929
0
256225339
953340260
929995861
0
0
578924892
0
805122354
0
0
400661878
0
419642081
659691606
819995110
468291209
214746182
0
0
0
0
0
893633566
346524304
852397370
107015473
909706028
562229951
464693769
500055114
0
0
0
916801828
617460394
297020611
267532901
568858106
0
702670403
316362222
0
0
550894059
639253423
411263092
0
532749931
0
0
0
600282405
0
660734863
0
788287823
0
210046449
75125280
785910056
797321688
937097525
0
922461638
556624376
0
0
0
863870715
656642517
938716463
558666417
467235695
0
638719141
0
58635397
414880598
946106500
449614340
110902563
0
122539727
0
822715777
478708738
0
0
943452525
0
0
968653692
927969579
971504778
0
0
874003584
0
0
158715689
0
0
124067413
0
692667851
0
0
676815530
0
0
656780951
0
556270221
982672351
0
567109884
818133982
480862601
573574119
880891858
0
0
7751410
911017354
0
15444787
297417251
0
0
0
0
0
668742255
846740428
749147046
627710962
113232992
0
0
461241696
0
0
582090790
473120027
501195589
0
619362015
805544614
20748095
47099588
919534038
0
110684047
370400433
755519962
597178241
113352553
0
0
877497745
0
519573505
0
0
465966326
483778576
92618910
0
17179456
0
747186100
687176074
0
93925629
679081067
264191243
376950581
0
991842291
487894777
120489956
0
280441418
0
0
0
697679207
954062452
0
0
895727352
0
342494752
0
0
713538499
968420972
285469246
902903974
0
0
0
0
0
861027327
0
0
8094897
0
656731366
0
0
0
106141369
0
326940056
0
174965624
265443419
438452594
956427232
810853629
122635464
643909513
325841404
0
711722003
0
0
0
0
0
0
0
706502322
956417156
891884937
386581183
500468093
741912361
0
0
166043326
0
389314406
93957479
670395806
147514278
0
0
0
0
476927426
0
207959199
49015834
0
392889375
0
0
367132192
0
0
750289827
971620533
296011564
0
430802493
0
68202749
0
246112349
864005082
0
0
0
895675894
0
0
0
114069368
678468759
366736161
770678693
0
191393265
0
49029304
660233484
471212135
0
0
434182982
502433783
0
0
206804696
933177737
0
0
0
326714358
58863642
165788187
4777268
0
636725285
223020987
26225230
767973876
784444003
373975718
0
0
0
325028201
810755688
37703125
0
691224243
0
0
335262909
0
85150720
67913664
0
334815664
952581132
0
809063559
593343890
595454105
317625963
791765408
0
0
0
168355559
909197940
508893783
0
0
632376812
0
0
874409875
0
0
69289679
546883399
333758019
519660088
45761111
130015846
0
525533361
416454473
823719838
0
0
89477531
0
646671838
664869737
478915661
0
0
0
0
576606249
0
93269988
0
0
130983457
481591453
632965661
920446683
84792749
723627412
981499909
0
368671704
0
0
857089611
0
431247009
610036904
0
263135809
994358483
0
0
0
55194413
248229237
404593808
430729602
0
428147070
430330809
0
435664507
326889310
554307583
0
611436506
407684777
0
581134781
788712538
127666957
276034746
945751281
0
0
81601271
497866476
0
349494513
936894904
0
350988671
0
508980205
277806958
0
0
50620769
455179369
78290928
0
101375123
301478755
300403332
208866243
0
723534362
0
48195977
0
169206210
0
0
886152626
0
0
929850030
0
0
707416537
0
0
835006155
856619147
0
0
462901999
968157499
724347581
132239736
0
0
194584886
0
241018416
627137543
0
162813033
378310058
941351452
666762613
213409615
532434319
0
627910268
511544802
568850856
109371010
0
0
411830052
887346300
240765019
231913523
96600759
0
0
256651202
878125895
0
411846594
0
741632541
0
15057694
0
101859031
0
0
92375942
467207219
0
0
0
911888798
708642649
981939562
777897617
626578753
589782309
0
557839328
0
220983892
783344208
13826047
17363966
147878714
579613144
601548432
0
270965048
689834865
0
0
350022780
600122208
295625152
0
0
830496890
0
264525208
0
0
357664261
0
821476291
277772249
634251073
852077890
0
697561046
884537712
0
0
0
230178155
0
686019688
252717960
0
0
0
0
0
444350978
0
0
0
400245696
429358636
0
0
0
0
471207761
0
493905644
0
561707919
246641611
854733610
41433127
0
0
0
0
0
0
0
228470972
278204245
0
740045039
0
390215201
0
303545501
314985605
189429798
144926949
0
838857068
342281572
479526430
559672322
0
0
0
698454685
0
117723108
0
968757426
373244740
911097774
845457792
519555610
767437437
0
768121391
0
0
0
0
0
0
326535635
586890056
0
0
531127913
0
0
245184593
698460287
912933419
770325530
0
154956359
645885150
0
0
529994489
0
106082388
0
79765678
331019737
0
0
0
0
787765669
0
0
0
150614129
659405813
236264487
156703470
820514679
0
475385926
204708350
648471039
646001877
831515474
633515516
0
0
504417638
804098314
0
648885864
466455655
0
586416430
0
0
545217714
136612375
0
725841486
829271094
0
720136276
706700018
0
0
430678820
0
774385706
119618582
262795319
0
406744937
798094027
67383117
0
0
767043998
0
956282262
0
0
671282353
968198676
0
124071553
842765243
457099523
773175977
0
0
0
409446950
815857782
84989002
0
873067887
0
0
265340701
777368181
795455280
0
869708702
371042808
657542884
452979236
0
171055217
0
693855148
0
778408663
0
0
534811575
940432064
189997289
0
253859112
437276514
0
739646629
0
0
871707333
539911657
0
87543558
0
0
196492361
622953761
0
584045150
349063751
0
0
925034019
857248141
0
459876398
0
980696476
476043672
0
330573675
0
0
635849025
522034455
316352558
642888137
991471923
496123623
0
70554111
0
822332428
200381721
908803361
695694382
0
0
90061910
327917030
193581728
820158200
0
0
51168646
0
249770793
249914809
302587806
774112174
620971492
194775864
196163552
192715841
0
79864038
450070129
0
727745646
808328975
860722148
447167156
431255668
0
0
0
0
342193542
664572363
140167713
52266950
0
0
0
598674789
200684734
203343647
760153199
354499276
0
472816154
986510421
0
0
0
0
125499880
0
299254331
0
732372407
0
0
888886309
404102831
0
0
470836825
0
0
304071757
140943141
0
285032733
200387148
489490829
931780552
728972313
0
0
0
0
0
0
479388176
0
107289637
762586252
0
0
966852569
493301511
785529722
0
0
955169281
0
0
0
292242851
865362928
0
685776148
0
179269665
0
942039556
0
786399978
837861939
805114376
0
0
893186270
0
0
0
59578343
310339156
0
731515899
0
0
0
0
972758020
0
389878707
0
0
0
0
0
681584030
0
0
0
0
0
104306270
12678717
0
0
194031708
380558404
135488160
114367262
0
300575473
21522628
671273139
0
0
958869546
0
0
0
607261270
751843595
0
0
0
0
503567398
0
615343169
800723163
0
0
781671494
0
0
204843839
408755996
351078828
852322848
0
284521366
0
61639074
500502816
747847458
535359092
0
147162933
0
440530611
0
537368742
395717093
0
0
0
676586061
0
0
0
209948726
0
879600544
0
0
910425728
726639062
0
0
450394136
0
775433046
933549022
442978780
0
0
0
0
0
41036826
0
0
0
264133192
390129795
179627109
0
638091924
801863737
774265545
283188169
31757000
0
0
0
0
0
496479878
0
823984232
454130167
277859690
512944865
976432269
993487718
175212213
43134371
896212615
0
0
0
751087841
156435257
0
0
0
411425177
446274321
0
263203133
0
0
609226402
959352061
0
0
462448426
0
984829753
562631633
0
0
133891131
711372454
0
881408990
674316474
736487740
544326104
147403227
0
40801116
275340542
551509489
225232959
0
78455640
346622932
713529423
0
0
622735251
293520397
441725222
0
330134881
0
20619135
308348605
0
164507121
0
0
197263213
437669638
0
196888918
0
433808241
497193251
477277688
455549331
7444140
0
0
955280312
384888503
585608504
0
0
454401608
495211638
933372261
0
434856098
219938780
52906293
930139670
0
910819383
0
615664599
0
199521396
50785992
0
814723900
915641698
0
244648580
0
810787229
577127441
0
729000709
0
0
0
0
0
366745936
654996769
0
342762241
368271420
724701127
685780051
427323914
996388020
251353159
594342639
0
427626760
885651989
288788728
433058238
0
0
170292436
0
555660031
0
573583412
776279260
0
926854960
715987453
939711482
0
0
249580154
814569193
361711958
0
205642219
13221849
0
282996376
133781566
0
0
963525925
0
505910991
0
0
0
0
0
497796945
0
545067839
631825516
222813751
0
0
477456025
555933854
0
849829404
42729707
177069276
655586810
0
0
719407031
690207808
641601714
936085935
775523334
0
322186012
0
0
146018341
628881615
0
956623799
829917255
0
0
70695730
0
0
889532373
0
463096950
476938773
0
489413652
340339249
944250854
240697684
85474382
37844224
0
245318466
0
0
0
246470300
362206621
0
718660221
706624606
0
876085530
740365398
386512210
0
0
277418444
0
0
0
0
0
0
966782954
0
0
0
0
0
265931812
929620719
0
582390477
0
621874039
56494862
775944453
951894832
0
190338065
0
0
0
882046427
0
0
0
505599286
0
792033617
455441562
376574273
314208931
0
0
0
0
0
734421659
0
665621352
684730191
505988507
184661454
735711562
0
570487775
237909548
773934894
0
872066918
723246104
0
0
461115775
0
727055385
0
756330185
730260977
526287308
0
86971557
0
584640317
853174165
0
862988124
366334771
965142926
554639084
0
0
0
0
957534789
298465163
0
0
0
341246429
0
0
400774746
0
175527673
0
298273550
934582308
0
0
0
49143623
126772377
770576286
0
227923804
0
175082033
0
910804916
544721941
926962335
0
0
17573921
254154953
95709799
606679568
0
0
0
655085541
326968509
145351433
0
0
328827738
0
0
120368982
387231219
979126449
381414073
854227649
525459352
0
493097643
0
0
222164588
0
143842179
0
0
0
99906191
488099310
909636093
736919021
496863529
0
701356303
0
582284832
0
238155565
565204386
723063869
160422690
0
0
16354010
0
0
0
39163850
0
0
0
719756606
969367343
231863935
52200622
324489275
298727846
0
0
426018035
0
903468596
411183561
644567444
714503019
115857638
506677788
734946181
490287385
0
255157585
0
580178094
476374436
179335162
0
0
47616593
888540851
63526677
0
0
214008946
0
35259215
760458867
0
0
0
667484716
472475359
74356161
220150218
599789224
512249660
58097125
0
495384739
937563237
0
0
627821764
0
216971043
994331118
0
0
439685157
0
0
841201606
219267025
0
609585104
0
0
0
777416824
304795716
0
0
875033780
0
0
0
760432681
785476500
919647976
0
0
0
965420786
31500515
671330065
804355311
0
0
719267635
59820401
0
0
714646425
879765375
867791635
544812413
0
0
291903370
267240166
883363360
393610710
0
0
0
340554445
0
455846858
341265378
0
309732352
744482235
0
0
285673995
969398231
899639712
0
707244255
0
823617228
540079244
480077062
557385108
0
651450499
253193096
749214879
0
0
0
0
0
0
954655618
0
0
0
316571830
0
0
0
185179667
0
941321277
887415556
840531260
0
0
345498158
15179298
0
0
476521371
810661675
400137254
0
0
71917245
583370654
2710854
137247665
0
724551909
371080072
0
12390170
0
606054895
792536536
124810371
1470433
0
0
342853254
924674906
666869667
0
780091138
0
0
0
0
0
0
0
0
0
0
0
0
260018698
988054164
682697934
536680984
499245978
0
730477562
654341360
127989091
36986098
0
255621886
844619148
0
144557500
0
0
695879078
507524038
0
656418203
334204055
0
196550663
836512543
251510937
975077282
0
316172910
0
0
801005669
0
0
0
305160347
0
0
0
141639161
696752157
0
0
582731461
0
864461196
0
0
0
979636826
608762659
988723984
0
992892564
0
203167005
884382979
0
0
0
67798836
258393576
0
0
964484696
0
630230737
111176161
494151936
0
0
0
0
708593195
0
145999267
865101874
0
719506253
41964330
880174147
0
366831012
0
0
0
168383169
736948837
0
0
0
932564301
0
68155196
551921801
910138178
486204811
0
623393382
585546451
0
0
192241833
0
858613121
735248723
0
0
0
959568415
770274550
382437783
337037547
77631484
439938926
0
0
0
292922180
839140229
0
24240207
816788255
597451914
0
0
118122534
0
0
778052385
113783910
0
152213234
502145098
71516234
776288250
75489501
134940074
815981962
923666275
682048034
990754159
6717702
398808094
924506257
14053331
963610119
455959521
622671670
0
0
0
560472050
183099480
0
696269070
507327963
687965118
11803115
702291284
311770550
0
425206271
42433421
997447559
373286673
0
0
452332662
983555451
852701083
891479766
0
365027030
388795756
445850046
0
920351978
163863923
725544116
130858181
0
0
663121084
0
608984920
0
0
986042020
606703395
322165581
0
0
0
855105575
117747891
749867075
0
255304828
0
0
0
49960765
710440477
384033600
710286052
148655448
775596866
687190838
582306512
88336653
345330060
583130213
0
0
23658939
767936588
0
0
782694640
0
82084506
0
329207879
140886394
0
803145131
106187527
899410426
0
496652856
786417475
101397291
317146202
0
0
0
955284348
0
0
0
0
0
0
575749909
769591920
808998330
798710018
47451025
0
0
0
0
0
463109215
543485121
544332838
169875930
354964106
0
0
331729196
809317410
942356553
0
0
0
189547044
0
0
0
0
0
0
429281536
0
0
0
0
0
567485945
0
0
642962023
0
0
53821577
0
125373135
0
0
470679176
138009463
845515880
322966096
0
811105311
0
0
0
602269918
156965858
230615268
444634596
775802315
103303378
0
189270555
717053828
0
946783507
0
400176024
0
0
0
0
840820042
0
0
112719982
322708758
395264034
0
0
243027086
351536236
262131238
0
543830653
0
0
57462266
0
0
845240442
0
209436560
0
21121471
0
234088384
727734275
0
0
701512510
620482338
409811292
544939180
0
68423144
115010434
0
102160394
141069514
0
0
0
894337077
0
362710599
663927143
623674592
0
123770227
0
724696431
697066008
643491017
0
461596430
0
0
859850099
982134366
0
0
0
0
0
0
0
0
248246714
0
623363937
270084169
260024716
380563676
107373421
0
0
970879785
543902533
856302258
0
486185622
0
153747299
566348038
974214156
687304162
0
327648950
0
0
757603063
524417090
647292972
0
352416643
0
0
944307508
0
900873904
685499814
0
0
198172171
0
0
89131229
857714
447999649
288039265
0
0
0
0
0
0
0
0
685068530
421310861
622340928
0
907968015
0
0
518212619
0
0
66829929
537932087
807403900
358490343
0
0
0
0
0
0
0
396446438
0
648339871
704421321
42573198
69917914
652552861
0
0
0
0
937672991
0
0
332234831
331105117
535835664
620234937
0
240885389
28212424
300483487
0
0
0
0
209067457
10830989
0
0
364390315
106009228
0
158474
237776655
895567151
997578094
0
264867982
0
0
474135584
311887006
0
0
0
312002692
245088112
697591132
180860993
681921282
799247285
0
0
673074340
895189168
581906636
525996274
0
349448260
54425848
879434991
0
426321323
942214580
314823996
0
708961633
0
786623400
859864888
0
85633929
0
0
0
156000486
4514892
750047829
603789024
466058374
368493204
0
0
0
133136582
283236225
889973155
0
639599191
0
0
174964011
891049708
0
0
916644587
938970101
0
0
0
683831716
136759293
674951245
0
784249023
0
403049611
702949711
184560567
815316942
612698014
29096743
545362751
450832190
144139686
588459049
470438622
0
966459095
585351701
638885135
0
0
0
157232236
350583254
691423922
625209036
0
0
53363792
399804546
0
327654660
237258330
710901007
570968462
314538178
0
0
476546266
983105688
0
623786034
0
0
0
784437305
602407442
537609107
199546869
0
487649172
0
866414039
488089538
974132334
840344535
910340633
258097914
472583249
469800370
564011128
0
0
904010829
0
121551846
0
0
0
0
0
0
698173883
751688138
0
213588769
0
0
0
650530942
0
537956572
612914636
0
767805374
447836173
0
0
0
677568893
0
90606422
802218486
860823872
0
513406153
0
124883308
0
101050792
570991583
108334182
0
0
0
960395889
956043063
0
753255366
0
0
702317899
623737444
609108420
360868358
731045879
0
906160633
277783272
636947352
381911993
0
889151756
0
0
785299495
0
0
145604743
40022568
0
0
584664247
175823857
537114256
402316895
811971019
778168014
141994560
0
215762281
0
0
792366275
366818531
343699847
4951448
641590418
0
0
0
804881512
383882712
314663533
763405478
0
536716613
0
0
0
499657576
0
17644856
659885018
685402221
0
371572505
485557621
473550885
741612943
716461253
660755748
727587051
45071399
0
244732039
0
19003247
869067552
152945740
397019186
224092834
0
662823158
0
0
67719355
753582470
627752083
572972352
590044533
519072867
58363474
380321087
979825662
0
271725951
71315966
415643150
341790699
0
4900600
0
772858887
0
0
848651096
956414520
0
319351620
0
677627483
788765782
0
182061635
277146917
461115240
0
674669220
0
0
0
0
0
23167889
0
0
0
0
0
0
841570721
65876080
184928128
363917456
832774951
185825409
620471939
351135887
0
93453452
0
733240202
199373269
0
810712830
0
346690336
0
607753219
0
428001029
0
0
526054602
302627789
0
0
0
0
36747287
0
0
0
0
33656269
0
402955412
0
963740987
456995849
896191656
0
0
0
0
51649623
53426271
649402506
0
0
321272645
215545293
0
0
401521514
0
82297786
373006158
0
0
319951976
0
640280548
799692415
0
866421822
155161266
777709769
0
0
402530965
0
728721873
0
252318161
0
304596915
456668690
950971090
499892145
0
979563565
997709617
994330636
103083337
562865804
0
262743924
0
0
217228275
390667038
0
0
144441855
0
613653222
822059160
823215983
151614591
0
543450375
943923102
0
866082891
66942412
21955127
971936711
118528022
830568971
629733754
0
0
0
0
0
196078692
0
0
681953927
0
344413223
892363940
702510183
158167470
776107915
0
0
317167059
0
0
0
0
0
0
422005747
263173476
347513901
132131647
904264274
856982314
0
0
599354203
812916831
794278434
0
0
763784554
0
0
0
747670431
0
665427090
0
0
0
0
11803008
0
3871816
0
0
39150616
852806607
147381701
0
0
0
0
759786913
659473091
0
0
911240125
0
382177565
0
528827455
0
0
918717276
489995253
240306856
0
0
0
773699073
0
0
0
355538704
330301910
0
0
0
248236051
59668821
0
520528791
30679494
958152861
406048214
0
391417219
0
0
0
0
858800832
447172374
0
809460993
0
0
0
0
839906079
913630672
336060828
482988753
0
0
0
0
0
917037550
532044298
0
556020777
933527617
0
0
0
660051332
487775461
231802316
620822011
137759589
0
0
0
431940013
0
509137895
869095345
0
864318495
953378297
467355010
854614388
617152093
862511782
616784637
0
261621974
0
692718672
14855132
0
335120195
38164399
0
581486715
0
52044926
0
140868664
359894441
0
0
783079871
876037676
0
231771212
868549324
443014919
0
860705771
456344268
246030175
0
705561709
0
0
844850542
0
0
507080877
0
0
282102284
950791608
83798991
0
88905437
186573991
492975355
14771000
958018119
501258514
647898271
956323945
968240733
628229636
0
179902339
867259087
882322679
622454926
312750313
743642708
0
343053192
840112588
914838968
194108871
281954341
879238868
696028751
0
0
0
0
886107792
235653363
0
290759994
0
624179941
0
278426554
0
121129189
0
276273411
619919389
0
279373872
965229793
0
0
768045802
123336627
748998413
0
232512861
0
790791024
22319134
877594400
0
0
677303688
943180988
0
836390497
315162780
0
587649672
0
27004955
0
0
653562073
751350130
0
564148774
279967828
779725857
0
349840524
746245940
0
787402030
0
0
0
0
0
0
958305976
817994156
296156440
0
775411910
197114713
412273609
54609816
0
789445248
450527178
170774132
0
462873482
784307975
893633045
484020106
148471194
871057282
334582807
0
247752350
70931974
422212069
746225449
0
469127155
705178113
830516293
0
823604130
0
0
0
0
0
0
0
759873520
410292034
0
0
786993593
727094032
514654659
750206458
836606391
491095161
474864515
0
627064103
265530202
146823118
0
975618006
0
278191143
643223998
466323053
0
0
772552097
0
862128873
10304988
0
423219046
0
0
0
860263742
276151319
0
470552925
0
16634628
0
0
214760666
0
900849672
0
0
0
343328019
0
0
113193398
0
46374265
746507164
488661431
0
0
916046241
0
0
0
233425236
881775974
691471452
456597554
0
815898336
99200814
280505194
448494288
572504841
0
330242036
320595909
335961817
641539058
365906984
199981035
0
0
569182778
0
0
0
0
437116885
465983772
444545834
97547551
0
0
746993808
533765233
54023090
0
0
0
0
625687546
922382721
0
0
991120884
0
0
692824747
0
0
1099242
597269335
0
139270911
0
0
0
0
551508491
504804506
70149462
0
0
0
726542027
0
619423608
531155388
97084205
340291830
0
852185064
979933371
0
0
0
0
540697417
278440095
674723099
0
134701340
0
896742196
261163116
488509032
801157435
176062164
0
0
909886007
0
0
10205881
478050979
980172508
375376145
0
709826008
293652498
0
0
802221857
0
0
0
0
938912922
867138673
319005591
213776033
228643618
0
52503253
0
0
794893546
0
26804794
0
453731741
854477873
30569104
164077802
0
573648371
0
0
711539674
291935871
465612489
268225188
989645852
768290065
515086773
807815573
0
39364125
0
0
0
701031029
136671637
0
309419087
0
0
0
0
88731663
0
0
0
0
0
4445915
703050179
771878030
51774334
287458825
498144661
996322896
899123815
0
0
327764565
153704589
0
0
195222931
817483853
0
0
0
0
0
0
979578565
0
411439491
808009755
479806189
0
0
0
766568529
34295347
584508094
918624678
0
826188974
0
45618374
599604838
187273902
774434463
0
635480089
707540458
652944372
173393433
0
735592049
0
524638009
38290697
0
953498765
730763081
985565324
0
536547264
198592254
0
581287024
0
0
0
0
680264744
22532496
30571998
407037542
924644363
970174419
907088660
910428477
0
0
476476243
0
174172639
819338083
228096369
787364151
0
322268456
525092565
995631749
442182081
0
439448231
0
496915417
994353376
972820434
120319972
0
143983581
533975849
0
0
0
56626228
0
488585316
23582028
0
659659942
375916728
0
0
0
0
0
555967012
0
517950610
727540636
0
755145418
612089504
394637781
22843395
0
144955886
0
347738143
479153806
521808715
151556872
0
177860428
608046692
0
0
0
492292782
73597944
151698813
669244299
557168069
911086194
0
246703051
101474023
748791381
0
466030756
0
0
113481087
564364418
37191204
0
673991356
581854901
0
0
849641645
0
0
0
350238735
511521065
0
550813690
611606917
226855770
0
0
470602652
0
633515535
221114932
0
234409745
0
364066204
0
0
381911306
160814687
494283215
437982504
172306305
901553289
0
994198706
0
937810664
0
0
92504070
703539695
0
975309880
615996346
0
9859282
483403450
492612887
341912914
0
0
581453074
0
122403009
772436226
764795576
803821012
610021278
194757088
447107796
0
48574206
436803235
622771777
525959131
582405535
0
872963488
666340841
743346754
0
0
519596338
796717236
802797924
797023390
624471497
629599499
0
0
0
0
230854537
385411449
541315217
323584403
482700560
0
989842309
399322677
769239965
522973337
423245092
0
466155712
0
529872365
351090801
0
842050822
0
122506755
415775688
643656092
330269380
0
634429346
930133805
0
177660269
0
20858394
944986768
887421917
0
0
438633223
0
264879794
