821513654
912094112
91097382
99621354
946487469
970500826
934468219
911992509
522592530
99016827
452563747
918004241
811050387
319635781
173490015
201289004
104341120
799214814
870623478
519448522
742069283
433635388
942603944
504361595
387987016
172150550
709168737
761778764
151028591
992224198
378069781
422258603
516222225
457683999
754952224
884902092
859250593
944781523
621763702
779253872
458450747
991589564
867346106
597667931
466265433
878292921
942122894
954877449
636481963
550444270
864841662
707883227
496977787
801604231
747913106
99414806
15633842
78305283
153826366
52670136
258518176
251633117
951076367
87201490
171013806
684065697
744246999
805773032
957589601
307352665
177907280
135566758
301258569
561355663
895618145
544287089
919411959
368024559
902806092
589761544
85422774
797264967
366739178
456667547
565422424
710502045
762288754
867255717
239257976
328644141
531494732
343526568
655336513
294280526
132717616
761361699
80709231
984471396
771175007
113955602
6581752
58259937
538883804
368605755
48041832
930918444
932137839
214090759
353373344
155591652
68683012
739919366
439768358
897923433
210951251
805196295
222322192
813831999
137769542
335307586
333634521
535649943
2620369
253701178
892590773
770020843
849243
35282945
295490220
180723068
109211727
103769734
994690691
449088411
469834472
972793155
54678627
499660553
712484774
194343018
556672248
329735740
761614117
911348100
822835937
593842917
730665884
335610869
327098835
572768014
688971482
534453468
56071429
841622511
785259500
606461086
473767286
50140183
614334096
293858305
78223905
377569561
386141015
903775116
452313299
480290437
854681804
487152998
223694841
498234275
471122126
658179436
596438650
159312037
574614930
400625256
362961705
338356316
233417755
280705871
684782842
175700345
993088335
147177776
903335817
196069334
226183514
20585468
198728024
498043742
566520879
286756476
923891720
599302212
217454686
629882476
686847724
263571976
532676847
323145090
541938803
442661785
231618801
842697478
775112067
69071898
86951131
991240344
371413595
102727452
58161431
493639922
383015792
341092192
415581907
279809218
858571030
250466638
182013929
290163588
586265729
6234366
781304690
60861279
651840588
142459845
480746602
770674422
229101194
11238103
471132133
903460319
676599678
651834276
299749118
206438301
951484835
937378223
689574732
258380748
808700804
521180538
69075794
531133774
54739704
336415165
996899500
641787041
715761169
977410350
504940663
736922870
680157414
747734429
222155022
674589893
67888547
279880564
480366275
836908436
938284650
995084235
362338218
958575964
10389317
608214279
651430514
982797476
465225605
762997511
188596808
958670016
893450045
229125542
356641790
537250385
685440034
272650166
142612546
574536830
204133065
258885984
772796530
386671711
257494052
531506237
963275305
143734026
950153386
26376649
649603488
120380079
581921571
607465751
101898139
19168546
982352316
399435995
159762904
298235910
140365874
607484006
127873543
533091765
814334108
122649576
853013449
531659224
381247756
458701148
630960221
726986588
708462854
153666522
624547936
509350321
845851583
154526725
654824579
723197335
65387484
331147318
250793595
116421230
950964646
802455191
856326770
592085222
950083841
179869579
262020160
910743414
69435626
471959360
163460655
141885930
239577899
827820749
795530281
551052666
204193211
594270279
116694626
465955068
436177140
526483945
824114591
375420401
392737692
615339709
419007575
283214569
900066960
737175349
160984444
982558645
260943997
821954596
488375982
215022968
459009283
69602049
687933872
961906838
111133
348266254
308325035
844715946
127668399
556747956
309533401
43550621
164638418
496453164
415469294
50694232
533757491
710446799
119017128
138134732
439486487
193297616
529225905
308136178
688851898
731310797
752499093
554001610
547030778
557014465
631837542
695483678
338153861
525430109
605730141
555779239
546106208
44284545
933778373
185113343
765406148
621991165
234084392
282764512
811366275
4671023
451783508
94742323
554258860
571250910
822857250
813595367
904973034
262606600
822274434
912350044
402909510
957774084
804582594
460294535
351783482
757514880
457451991
305086031
948366570
860532703
633261044
526561229
680245802
678125446
953778451
710934469
856853228
858271336
535656668
213737972
772574691
848794901
396891309
85680722
610920085
939604020
258465616
956314843
168387451
667503342
516335620
271729115
615837770
823483800
875361122
631921102
143644475
708053525
418641816
369163383
653486605
854990363
351445374
899039416
40209581
719471230
140440830
728534334
208186299
50052839
652504911
160802650
836674762
135832764
687003686
741449314
811566286
293255286
649885052
90134772
993637668
856793761
263244907
494412800
192752455
524274155
697144100
746982220
643252856
392291790
425175654
695575405
879222750
302049033
333713171
588025539
69628380
826188355
361383112
287670308
435771955
161573409
806757351
208796574
200915518
29290807
880278448
759070363
27354995
948678643
925144249
876696043
877492047
922395907
242503982
682880143
132621508
620973992
16135261
765164338
175058471
158417007
469023094
332141748
417921873
875347149
815739434
691271686
79143813
533991904
163928566
699078014
753095900
941213301
990357363
911664725
26667637
291359340
201187174
170961936
680831766
835033093
695774459
794794290
389713782
50740521
531090671
416599328
599790632
223303648
73245792
500220273
614133867
910965549
612465879
997745029
185170404
339392275
536833281
281148878
182310353
420175810
547350641
964891677
974221706
57898195
130067403
458589370
511216698
275550923
978612717
2424710
568480795
600825386
693768181
109103007
700113537
112499581
882116343
854917100
69192604
113262946
364038996
323911845
375801967
809703633
794205689
636994907
366603032
383714594
807210403
534981925
646956027
464032685
396667214
621892010
523582106
19349344
728223406
427429567
200982974
47771091
569062597
11365718
337137145
612816551
893767151
511301620
241614426
149564822
644162907
124341421
749354670
397825006
432068228
536796729
927923061
10457841
954752909
82990255
595266755
644351105
463767093
325142920
706200538
838038955
972462608
883007152
394380642
27865221
187969639
30901418
93344601
427460509
365983863
164122472
398853437
43738113
286740890
322877048
364394411
221259256
646812606
798657810
176546977
771896671
380869259
551465242
826601084
662657089
387106200
957735049
677011490
624894080
43287824
973712152
76225266
120658206
666393217
890869022
568048341
440367897
518548940
173478171
786759601
252501456
413597498
868270044
749573238
931112304
459989817
542058588
753554437
548440194
108626060
529402837
837498667
151742892
282349107
481490226
790674574
113204814
619432861
78524075
879248557
331062379
837380077
897795657
52304257
494401442
773256412
716052712
105775356
805481999
638567909
285056805
894474402
242015368
917417251
934961813
363781651
839570762
17507851
613204810
629156885
148906498
489217328
348049728
699698384
589920416
422431436
983633215
854807118
407027086
617845153
298243614
913960783
443650313
693586583
810779572
578131854
383664141
105430778
435400663
296155686
75423210
511886326
178037882
440295833
687396838
699389491
270012099
334412459
531028113
421373233
8112852
988929208
295002296
83829793
330482727
73234707
419026883
4452594
436312605
439646824
864974670
179352009
100954753
424282953
152976069
463545230
390179863
598233016
693498133
283712299
984687859
906796393
509821098
313461664
567165181
811625973
979264038
771353935
35616076
13300718
716204702
694957035
664707897
159133287
287877139
207611564
343256644
329240956
844375302
377109806
937544359
728129579
185911897
292014592
474709482
396224201
997639034
840649716
878958043
264653170
931782055
820375017
314155199
967321050
163275517
74324666
113658755
242786850
36481884
639466247
348637982
558912275
613397497
901387823
912617252
105842069
804681293
214366588
378469617
57664838
907219255
627729217
202821209
10062965
388950195
36264209
911516106
217751560
129399130
518378467
919763739
72588317
449864694
910434723
547647066
655123377
327007395
656112920
685068192
339732866
183102400
937258919
132578832
594321565
101804346
108690318
930349509
506314242
797978590
350972162
88332095
556306482
679198224
871134734
939966439
551761359
773072338
781225795
964115485
533037669
45037380
757028304
119975325
232305908
245913483
574383031
825500550
639635479
912921628
139059594
435633856
875200438
558766736
975989420
246081260
7120238
389376572
350630393
225400918
182669362
92646682
27708340
22646732
958037912
341076039
923188009
382969048
245663436
334532805
949579939
698409661
980441216
323029463
717486939
275273115
880930889
976314420
170306113
782866211
472845108
17524394
815760325
63916382
847900503
770153028
906778068
16308151
122586764
866563894
686674537
450623331
502664806
73050043
202081818
876918542
794011702
93913931
597943078
983310755
633233662
821389350
327112909
147987606
814803255
636976249
902226995
109945781
980003174
366929567
733377567
492758597
241526942
110709146
293683155
922426911
719618865
110307607
213060642
926540858
348268726
854022056
439257679
913236371
763689373
876540056
65091275
814974045
874363267
452137757
811726853
386819275
760913354
792075331
152154269
857205507
879777069
850609754
619017563
911686022
184583738
512446243
424460814
925980349
988615533
129026579
664537224
966115819
687801896
743167271
608446438
455496296
422856190
543847435
423582211
674566102
291473940
601847437
588618327
424812037
165601344
918145798
570733867
58852020
528885419
618814104
907624760
959626002
50934917
569321866
559933640
244305724
440948055
492172593
745379974
527372092
23841954
98545763
374924124
774420593
911898520
898613653
344529378
538332660
921190883
824612336
403008727
405848713
837895636
435471666
598801510
333809892
889362900
343978588
319376871
264273307
377507441
289283046
709785632
339425565
107473919
920042333
761532388
97714066
530107729
934826190
361692313
7009016
79631973
370425922
946832302
571706449
71988726
421947885
821043614
939644027
715020383
865949618
127693829
487118923
827124233
370558664
527816685
810006982
608736746
542658426
794605402
265129550
503054162
166512221
609874781
42179943
409176117
632127364
728593141
545069823
449242756
571534897
486698434
597691918
686114795
890668644
608857594
47154786
124283165
58154989
202130817
436858246
630064778
447709765
850514218
997909161
887265535
425020819
929781132
358091889
902584219
829284890
580682034
33763066
200636219
391241434
538332100
388601438
906270053
67803934
299842028
896547100
310565024
312726913
101834642
609696301
762636067
979974623
782459652
379357157
895226333
865462487
898583614
177303006
747173799
941808174
367107582
676394569
548924857
93718793
82235429
384689817
722528663
506342018
973460639
545240561
387383316
848541589
641719988
109079094
37248440
220660501
401917878
48873421
759161482
180567644
308598014
973684606
698528692
291671043
309655259
773884497
64147008
50981625
913915984
864231371
411068599
264201348
307269416
781264923
467525910
793925852
747876884
376979130
138578108
221034259
850715706
401170283
915611359
371566562
982498894
695824608
389479365
317277558
501124541
962786099
91138842
228748438
423926816
239393377
401238222
904584437
885086234
235352674
78074773
780897692
66398499
517935762
406495143
740279279
963232001
356999344
465307994
712905938
694037984
709000278
995110601
19541076
989269015
582572424
592469422
406482713
679132354
340848874
700608512
867340063
799731931
339131375
49490784
377300062
565951626
426840717
571873285
369636975
223862389
248895197
403500225
917611963
810430084
912670780
357871447
66463866
293334486
847630113
653081431
398472784
680629760
57537567
985961327
803242521
866446184
317243255
866487498
609830517
39211861
547652852
329425354
231069485
937188041
491570650
171849702
39485398
765051333
819263441
309540844
153969558
591265453
882751449
103515761
72284650
606200787
870774439
352093578
480935995
451143939
49838121
781722425
377499093
783401045
483636120
37106454
461678528
688537957
19158110
492078769
997171116
905636178
571192171
326338450
463500070
455762028
924550087
35316430
640610202
714103733
587106539
611589031
818418659
142911231
702548215
427091046
199994577
804417784
519758458
537917102
763824709
924622543
344086473
886519035
485194361
258798917
249416161
265103725
745274631
207782564
145245331
606309504
738264670
605578138
483562838
227160559
414713462
908438058
16721645
668180793
157584013
595008519
476593832
605818309
19821307
257092201
515321337
345990198
451412588
655754696
252802781
563019990
809234116
746296868
53160431
677779347
389104294
662196884
400069468
272538621
953136676
46397218
792169949
403518264
777713159
783167584
685911539
119126737
21226826
932427987
463865873
661216143
756289930
341555636
149402761
679108094
288389194
509648376
850947881
758438143
117868496
103087627
451764163
877160507
110612107
242743809
755025701
899097576
699137599
136835698
965632321
875942079
435756799
389383363
615700767
823384555
878709857
311501165
517103030
46084134
763006746
345851054
413417795
329002956
143240252
632637541
332633717
584477898
821434492
844093635
19705611
328527695
452063748
375930922
189931149
498144485
96297313
252473028
539252518
437143575
41936053
296887973
506872281
959714609
819975338
736925135
120380042
601377614
124349556
307273151
552541496
558990474
398091471
325366994
686525734
500287572
664969296
255670921
779152259
355942659
912952043
434309731
68335775
585540928
404751884
950287685
626884267
268929318
687010284
558783505
301353988
921893893
827384117
803907634
163501989
565931651
604002510
927336369
127551961
659495996
701877993
606893822
99295351
976058892
4630711
990149589
619676821
911033865
654789892
271233883
487125796
631931372
395799893
765262078
430460874
205001726
840590796
82959783
464847294
742121134
310747403
733178790
87740204
838810750
718668406
921159828
745253535
912283599
993005992
359362303
649852383
59556138
399320236
383899728
257612513
774349013
988002655
779140028
744391226
878951766
907055860
462695001
18620974
600106439
834857435
965853375
780293297
109417408
398864590
677605625
895598944
949863238
190426000
580444312
434779938
608301480
10926036
870964682
458971354
302787464
147327870
22185408
563718085
579436638
835160188
504547625
684881250
868207858
167979878
514189624
884882090
841382353
9854692
98900719
42538317
895533846
1745079
139839959
65494596
12558694
119289471
116546661
970621627
486374863
662583163
89318729
457671529
266176370
399782235
356129030
244163020
794277509
410214176
849387598
395775891
400685818
645755611
119804699
952295066
20817158
667720103
734136175
764616338
226858811
92403852
592156461
413632601
394804499
79605672
21003589
221396538
13847161
73288382
240030825
58433900
529905337
822212510
561901697
117117115
691219056
814267238
781343334
135528519
431114066
379796715
522876812
13180325
210401543
127473323
235424445
445854726
119091232
447445715
942313334
511577759
50087342
975184222
966780607
293183745
186972197
987843468
584182488
46215616
124427449
157996508
556390749
495314036
358493450
910974914
223858330
651658057
430295658
278007752
496359891
666268361
628960607
121665528
483104180
572922772
440539009
481563636
162728500
913562731
924077909
885083923
878988524
274225568
294646704
12709967
197307955
528923569
367454373
380640593
297545748
427251078
974547150
852401365
499980457
468294140
313862209
647639513
513308603
412103130
883381940
878511150
218862087
195017765
637151498
575143284
461107453
664086041
103547524
221170714
366466223
95849872
200245688
601757849
668928330
121743897
713751222
881714425
885601886
500260807
444769421
49426131
565580432
277838143
680558238
309607467
511998835
913864251
36548223
943740371
457871044
387673840
211674220
715520777
645653344
358043641
447673478
322192996
11189701
35044614
57667771
268375050
138653762
530944299
790955663
750584541
29806684
460490096
876108480
139608458
11859092
408645482
411749227
587322836
562932358
539440576
848048166
614057399
88998585
607612989
872011309
628546621
627626254
421412205
549930018
948319324
217624986
631390086
121876396
600545822
856378542
51368242
467608540
873684616
793601163
954498583
16285023
400312623
376850584
367789144
442152707
167987046
240214200
35205887
264604806
162648342
86864369
312271125
175337285
5270376
106385387
86014999
928066183
33256609
665909920
850574327
897357603
841127917
39039213
685755310
49792087
876560897
627945750
949996035
891016087
489395022
793695506
382759137
81910117
390665481
362609311
325164015
207357619
98706295
759985233
983376170
637267860
438461741
893115237
307572565
427949943
415457446
782130099
691671100
773421312
827194956
667201236
898750894
791983942
87312365
701496109
418338061
564712076
925747556
709600901
808300105
793224738
767830539
423975904
308295975
202611834
789098698
84341941
879910403
794602744
90759800
687617218
822693635
879516156
624380276
203820226
159656837
706743378
809964222
572928672
844690922
935295825
906684229
73036980
758489778
108039223
495354186
10702163
105530585
199714930
204042290
223600464
453717845
849712269
869280833
208457160
607340079
444997926
294675667
736743347
628420601
871073642
264807009
675350177
868879225
566178290
27172425
313295318
936013232
321142913
747361626
544317010
494586160
388706342
781126954
609678631
849479447
850917353
994457603
129638384
449902630
319697777
553622489
615199298
310083984
112003213
326516353
655169625
405740637
3818348
639204101
398654533
902873276
268780032
296742012
909531
60440560
222948666
367193724
880003257
220085791
685606538
225449625
557837075
554164223
507395685
65425409
356566700
306342479
669928192
704207967
502360958
647636789
585072070
541613032
783135635
295634663
50916395
188658322
208222308
339552602
66459942
902029895
612993847
752338
542831616
616693084
122504741
353422751
7168133
410648853
88664495
807190845
419339839
41405904
642644403
488382754
661010498
66285182
536366786
968101907
128491455
476113695
369654374
456409143
148218435
364716774
830347108
151371461
184056314
193408707
906919110
866053000
67437733
553120503
497286452
417501169
99291006
864627649
575049010
534876748
905599909
704315799
788190727
50546556
230784827
824314524
280929320
799176494
954288310
254344582
713368003
901612437
761562845
873697630
642147964
815849761
209214050
498980980
783017858
220626
164338784
462321705
682654213
734728273
829551032
402361080
678559203
345161331
787716445
862648409
929804576
13986375
488423976
359726305
462497797
87786812
630729057
142890719
336961213
183186556
783039122
187724055
257920638
812122761
924184425
564843009
217220875
806692932
401718881
96588475
100194206
47279880
645948546
298003108
16926934
466779096
196447362
124502732
559172795
682994446
189207785
47300723
20528055
630911774
2505799
155340889
833486761
570674504
98349523
318836352
291336711
982763476
392938721
756093742
374059317
620520990
53584980
599482400
632124688
662914884
18660297
87690731
792778278
905326409
526818563
133790428
618468586
864881722
745295837
975333974
688634068
545471193
729502259
593803565
113593509
93879432
562387152
514579016
257333818
36905760
657100498
399571622
596049412
899922157
153982361
245844921
262998652
256327784
941646652
506618461
633958741
30186519
637678674
214731492
266851595
758336878
628385098
300765679
804384
209198524
370861733
847439344
951634737
928091058
917000767
726433822
803840857
581498609
172926853
853805624
671705995
431514666
4914746
767334839
932751802
352893512
876738111
409629470
893668868
36710922
86207588
172188798
354551932
558247113
395618449
928487273
241102913
950008570
135554830
350886171
129746860
495409195
815579480
296191325
22692418
19835038
7579807
889461072
232788558
434049917
476247564
318891104
495738904
359417514
615772748
449857819
53572064
645441855
808375925
250666534
181929411
393681546
610200788
112117260
994791019
697988029
514752880
791205603
2369606
922495201
785642023
336912230
449649651
240537971
245131532
690022026
571111155
940663413
257005773
47441272
900293790
195775134
940970243
20171954
591802025
536993764
471187321
406256416
80017622
190137186
87529931
186113105
469476226
1276491
52574993
890788758
847560915
472458808
224500152
54474118
842663057
18640059
77550434
892644813
672589404
787036629
732659757
964602746
861753513
325738592
969878713
631092130
155322436
267471939
465567508
727922090
325906537
692684841
496316436
19294889
347374507
650364127
139841911
162443425
406480434
244625730
87555050
726350881
907386669
906066602
258241987
245362238
806067343
420263324
877892993
196840426
888627189
806927913
70067778
700242019
723459070
636587153
398309157
843918191
364394062
626191781
11620053
390163353
411849388
354269109
990667806
527084405
474943353
441461314
248313152
476606971
78422703
462174378
925329134
227228328
834710593
213074506
482860550
28732381
898752159
233678581
357734151
171115284
174793957
802623521
309065215
749587200
52065542
811874420
293124414
172324228
407147480
179883056
644555260
648849505
760769986
460157233
767254570
908258127
73523739
792865342
317155437
307194923
376923696
862530527
749473891
775030659
917539421
461051889
152001541
436151427
113809197
233404390
140263528
933594185
425449254
844571560
705811985
938799999
247100113
206545200
190501496
51795028
836144617
268124680
635156848
24245245
763940513
251105418
637525281
283472022
560541329
812759353
383406612
564869294
988101195
587502671
286373588
518978368
213418992
933318200
489604022
947661132
108249712
153393521
136396153
631483919
815142880
452128342
505302345
943049120
44354503
474943753
412506612
918912113
885997624
600485131
804771812
441526529
573432399
80338850
936619364
145023071
288022152
251475892
657922552
793696781
189695059
996276778
710142479
479867656
394955926
616533358
130850094
490603522
46646091
259954453
36674803
121071195
286664014
610098336
347966256
960301982
567724010
775713570
532864676
125684836
634404081
954160899
847957228
807517172
874831523
331163285
200671574
450758544
710733442
491341421
606624938
191764990
665581097
497386503
235191323
247313992
670396402
848061570
709524957
671142090
619858939
696707679
679824457
142041512
907277616
874038684
408941021
307269725
195229303
419016342
521634597
513717604
732866814
482557918
71983735
23174719
922281545
152234957
266409070
950624907
304229888
947698894
213529189
272685029
151382292
147170472
904228795
815329023
385612828
275838916
77235151
874633452
197633583
516536510
294029588
120239557
712931064
746060089
985601450
250339792
682016902
133541306
352890038
528437276
162100912
848975467
792602615
846524998
263385793
251811280
887130776
544111300
299271792
962185426
382554171
771044528
955374690
355695619
526107076
85818551
517505655
403222629
123321401
530705434
179696605
764507738
629335041
504317907
696247955
568384037
642941134
644831081
898561792
598125569
419285336
424109190
69642849
489949572
179188451
659470892
705626321
870911289
351607552
698797474
915968869
748957259
943406740
7564241
42419235
14353890
272048854
170777161
975648918
800309331
321542152
455562739
445456976
29916730
995502887
694026660
415001470
397631479
322098548
818080238
220601496
199691999
273085905
135064441
443113104
556355009
637107696
349312896
569238710
56588603
992896199
420881885
418227861
159871676
610336839
304726483
155358225
115520611
475807005
301211214
341256623
337885163
530740775
201534997
849067374
112343385
173399419
764826518
324136259
531066213
688987567
410714967
56591091
297835375
416921522
950203455
766664632
228556392
78532301
364727943
692014680
836887584
914443548
840659936
972761940
713793042
57835666
93144375
654739846
138535853
970659799
277546796
971366289
664943479
837342501
48055283
772566300
708041583
684851160
28549329
434071684
327448514
589077932
889229995
689904943
362422113
681772173
14394568
904119286
942063808
295905743
23636684
902019767
311329277
298274712
224212698
306388756
975477192
573022331
533425091
599752932
525733349
472969460
415336539
32974992
232308184
274762090
424392426
174847615
772143128
867843852
819446004
427262919
730668711
327261065
907516934
790949499
82845915
686560635
583461471
450728302
789592523
829663933
166540981
502864635
916839661
147076703
20493091
16168796
444530401
131399130
585954257
611814170
678360222
991729557
747900486
292600328
358583507
682358394
22653815
153813354
118272878
699297046
279620733
517653974
8791608
831784562
385734755
961559753
572325168
40520970
742554084
328000765
445282695
78442948
536037142
836900009
282417309
389205785
317553909
843011007
425462769
109847191
688195547
55715737
455057456
124358976
123732344
138605058
953568961
948662215
838254810
481636723
899240724
537132207
542742649
100789834
577783411
590081277
325500863
160961542
478714875
812417013
610965092
683040359
961653189
205243811
127400636
737369269
642105242
37114078
47957780
51048857
709608154
870229270
516325897
841515735
819612296
448409456
888532331
298940982
907156105
726022364
122286169
775429040
412280414
15729098
70472728
730025506
113386487
907827719
739450268
77401844
514208004
621528696
622885410
619872330
222473609
790374546
762302307
980346823
763814520
841218438
922341120
154640756
250381423
49299441
681573289
947948352
898468384
477473332
174605536
824478746
31950487
891656719
713023417
165955090
606709839
373298976
233634052
973487083
846317960
194485966
495663604
368082404
576325443
684312300
581817435
168689541
584104736
151336972
491257485
668041983
178897919
595578828
501483520
830863554
23277087
199178463
275631747
478072493
824703356
437379932
84743087
658150439
168546250
909910571
526036903
501025649
959171473
430878005
422869657
71641567
596570942
507427908
495290076
858796287
332363217
814410531
711396654
378291298
235746859
499922314
569995467
191689798
543922077
66405391
116439548
230909909
904863113
878221868
485568400
81539620
918715090
492145944
286718501
800177701
435280822
704382059
468524684
159523877
350743999
439371961
338892841
360903945
954477145
817607267
950940201
723236012
294427760
903312151
853407410
977325297
780934983
426007170
641063803
241871159
630158993
133995916
265656396
708285939
707997325
762102766
678338008
957367557
889169986
274234361
487324114
289111080
213198504
279609377
439140551
610808983
368470861
731164565
200797691
306445231
199447160
524017096
110188722
812382283
168016834
509349429
845356899
516816533
404470760
293396340
56218546
12807600
716150025
157138304
581986797
45012248
565134725
549797509
958392145
590124607
4413055
630470515
66705482
435123658
952978881
911442720
435757176
717994158
197914387
134381776
61943551
333827170
794363997
587707038
83641893
920804094
368704850
798419835
237909888
238188442
945983926
247011897
887870733
85357552
23690950
616238512
759333017
649102765
657287081
215608056
971355695
909970568
113961059
595714071
239527182
23783477
209694946
378307554
636982707
628974792
670547812
401860801
57814393
571289631
982177497
989177267
663922251
766952896
170985846
595030162
353643278
297233951
523407668
727202406
901715653
430653289
844368435
480035318
2485978
561345940
550129393
895948379
550588699
848249876
793776510
31914403
962640923
397327517
954349782
786435865
98638277
668749766
333590422
163903877
956088971
543305576
214273731
745884807
442716614
972005175
211100267
65477957
408802034
975313630
86061687
149735152
764991810
794335078
373674266
911232372
866035758
683899808
13461228
637787615
89060428
52264358
260009938
603088092
32757579
907296230
812962794
757671713
115932273
602160335
997664574
476524694
637518360
251139367
166272152
961212746
782521239
45365035
123311899
209034420
74810988
715947548
47410195
968405106
215598008
861036390
271542266
952389964
164511258
694626107
187724196
202879920
8595625
254849257
901503128
675317317
955636298
881224688
105901391
35741061
864005379
834103011
343944977
154271655
164769334
735421128
59338588
726929088
209068720
927271607
354344542
485918545
409626709
609193060
321279664
344928635
157109140
209780298
506458830
401140231
921070661
161338606
643553543
28205838
908037320
909612157
689388118
437807975
515037927
434788188
611673767
109945176
894332236
59547053
405331688
552688195
761313348
851867356
849781684
917845715
824413435
944318807
198520683
415531472
823933643
336902609
879516499
696652062
54425005
525786840
490589228
210871719
773744772
773105470
558936967
965936489
14317264
714052494
979620525
598345147
942695479
908788594
689038740
850025320
689562639
513664289
840734896
547432415
305095100
356424105
247779310
355010800
31301715
369553540
21337720
484246530
980402606
687540205
493964729
355770305
270961822
77524602
893439146
718107098
542227086
134499292
374013460
224351128
757259095
319159738
420805208
773745113
613016054
123608020
810260564
664669842
590929382
819098902
786148683
84946532
207054488
298313930
292664762
206498478
443123366
265113772
569627615
677312080
560658172
875719214
431201373
485703467
329951446
361233704
488831456
161260447
124571567
980324772
388427512
75799262
203735467
168310164
411411919
130823268
54164138
945633973
922222360
780215625
286455747
424776767
129714437
417140299
164736030
199470475
300184118
991111274
300710394
708413970
841546424
780580266
329152570
789970069
568085175
113275613
387882780
737124250
656209415
797238850
885682020
509628846
482500994
342565667
519285187
656684109
141714610
249305000
386089858
473975670
402662493
661231839
876935208
934239689
118002279
892426740
869342816
897815793
627628915
838901392
745943792
578623429
934587989
957215761
900198980
343670284
342113339
966905027
713325844
121256258
987073387
393305773
397624111
166030997
72914962
516013168
970830750
535562683
632674017
658034505
256907880
6349516
526873990
298403553
222516945
100557293
694700824
826924382
676678005
439616651
147984041
376929268
630378875
374574838
376829986
310041262
941539048
7167128
973098381
967647675
57391699
346617774
702804616
674769000
454671054
188702421
985591554
748172874
43344385
6410692
872641931
107727195
289019809
263214741
985366327
23946089
299623379
95917995
616554080
420959451
478374219
848309080
579181524
262324135
264051331
945326103
365847023
936231089
150454084
552760662
57516833
848309048
345051526
118632049
367365882
214494663
72925829
615723652
322477621
875239139
614533652
585743919
965452863
755359368
628054313
747661602
952544963
279004769
920335190
465192077
595170305
527548466
444095084
418502237
77333392
131303252
427113086
615289869
676907477
538808536
727216375
605791103
179558051
44873937
499426605
740840636
788205623
529716897
935280649
961545612
721322289
669625169
715542621
340344423
964328313
775016994
822266913
118891692
233955274
837223525
736422797
864928005
809847497
127349239
248987019
370644784
22478902
327750647
18409449
350396526
362045997
771156121
184780082
728293857
449058038
942448528
556314393
30533290
663857070
174044005
25177318
230749171
117034440
733539159
25730744
599406589
43984274
199494981
68544413
146475187
872683008
576197097
699898714
889761135
790743038
746711332
31971554
69437593
795200872
190891177
339139640
16281812
749465243
322739394
975492327
172751316
619081436
612842874
354362762
108583024
409367498
170402079
652496838
395781561
267418447
166211487
657355136
176672024
932916402
110254189
324880783
516885481
479630579
471150526
935985896
203557143
382533088
178816099
642864653
631055156
573975850
788212840
412957806
252858319
756983807
995872979
497140216
872834994
336569074
514221076
770627110
466944616
948254237
658062595
183603486
640141206
744282981
688134661
267598298
622212405
391126267
537338000
989231975
963677588
496963019
468675425
279311931
45795061
837185860
49941035
269311303
215343234
329336436
361135469
915796814
450053459
434173202
658756152
549376837
571027794
706487375
275124070
116965838
636446699
251505439
521091269
948234445
277253205
507665763
577901659
979273188
454485094
483305010
979484887
769243539
19154384
924853631
164902136
525615632
972529350
163103023
124987467
109352027
654724392
756864685
616935127
563094703
294899606
833449365
748300774
18096495
863092110
516522276
904405295
74205885
249651374
147762071
86162165
864859835
986610800
558145838
534524554
676292997
837344596
282221633
253622244
168236963
721305489
371745027
521948255
519168373
927910092
768856768
725112237
659502040
856967414
745521480
674736738
114211977
448077963
704812045
748896019
309765305
126536231
897408223
46060497
710231191
275572220
236573379
714878379
872600344
93134290
981137540
292414546
981881488
280800478
17993725
189525079
341241760
209093003
259318618
458656864
157407924
900959325
977380114
402972609
276880209
962314268
485614228
634572825
367759313
211742580
320558212
519870097
975158220
143308070
40710050
286312945
816241075
718473022
194480299
690925417
289062646
109429668
357509397
332416683
870833568
662345631
637358741
906723250
344049068
719102243
323006999
554322976
443690921
565661212
818166902
99233685
866668508
314122496
416583244
524792597
703821688
10880094
921100032
285697432
125467933
163794627
602193442
276021534
549411523
498556161
666962030
562138539
562730902
406786012
747137886
530610998
360558373
820503271
402396031
945317524
402262711
519238687
602643161
492995691
595014165
154536046
970891807
261759225
227164025
918511028
910220692
604039475
153569071
655220083
524013598
112961980
195729501
751661861
271636426
109598452
374362358
401851551
230440754
445931229
549400506
726157750
995144113
842784993
762241776
434955982
112449583
634595375
140240051
723555149
80849650
8931067
907213751
895519254
970456629
573823846
980007897
316904650
589275452
509599513
785785522
47870485
963784918
239544158
616495172
526106205
756999039
771947814
556952179
55378533
92943049
323718753
969190595
961557366
981905658
364488145
740017489
831832530
356944113
254598395
881194535
109988711
75233242
920890936
637197464
752880236
714808625
523046929
33628363
878575314
664140470
574847024
243057630
795877353
197661960
187364813
168489672
82745487
996525070
230006255
134891266
248018913
713235824
941823885
329165269
172235037
508510816
715805680
377073039
318004293
33280427
411776014
946131717
520711845
457946445
492947665
61054590
773200695
660979751
529106419
111509204
409697340
897213641
177142499
277451376
878063049
611662758
716097803
817813131
478295441
868128103
400893404
86245161
201312846
493364641
380663188
515080432
985334948
744029828
664592450
337320462
60956043
597331753
915957487
935376292
672452023
360263406
194396022
735782907
991336985
35264017
791488546
270126840
481531626
22430426
880602221
234331891
17338755
359774080
919891478
259532699
500284675
184963381
916882188
735638054
8937385
588641756
121411935
302680046
182756805
263266933
690819613
165333696
876872633
782354836
497893178
670380126
171967678
702524892
476318901
334844876
280146554
627315158
79399527
317240500
752661476
817583889
969805297
468598333
702349347
291218288
484732819
329909307
755209269
65551633
319209686
434060403
637785704
239202466
636180694
661386740
518384720
910035479
430002914
928897001
187957544
349217516
36020942
945510199
721289822
826975237
282470529
313861282
304418392
946698429
49990847
441361113
968612417
833013161
107479941
616467948
530240909
609387853
109578049
776550477
103727211
520906088
93223198
411682758
574184473
780310921
526476540
978973196
415745502
161210239
504517171
624082447
812434268
452819829
863788671
547746515
924877939
449188332
955497487
310576126
473915845
87819725
129997068
72662614
112953812
755642611
826407784
77165554
414659594
28296822
568728480
22863768
372372548
300248943
657299519
662729688
677136761
802198960
296979116
248185843
80828886
122074090
79130076
677114363
816899628
545941564
587248046
714932795
186291720
570071991
433803291
468317983
590737041
262117208
28732134
571138767
499984061
837188119
690068874
446934598
179645028
744585249
127434415
256686043
294371251
320005223
584253160
489020470
800470615
512705664
796921711
653565225
842321232
726543181
598484623
509250751
859632502
758194231
925665935
116128137
671271131
980468991
169509698
780239845
38285386
52332318
29300860
848607056
790227616
279952932
555945936
488756843
590931301
496626955
389524308
259466818
557023010
201301477
589126225
605405898
116810257
392723349
174765223
510969272
306984917
633618239
492277880
170740435
988905191
917578207
220442805
479135014
804369054
184654043
322937314
895199399
685835678
598396859
772466293
557869678
798915755
920806150
95116509
923973887
410967817
382198440
570448738
148951382
511569890
72996447
47887198
85104807
783700787
760238227
464227467
853408188
737893842
896053207
333491920
165746269
940023660
36496707
124181468
300675487
754170003
155674100
199854221
191635638
744204056
195432000
905314920
28223035
272693666
446798511
993687096
38033733
72591748
425939702
673625616
89636334
770567639
242193426
390030986
650053528
590093149
516302237
193273697
311028398
548706296
808204488
481842347
662020729
742137788
929572660
931845404
128852375
8742611
453421403
527815097
947894818
698532443
286025157
976065893
914915084
440230400
18692441
93325632
758274732
703208678
92019198
434277413
660530916
766279099
401255673
752637685
266928134
288642530
605404893
506089818
12207903
487614482
563387893
20031851
170530786
501786924
810291102
997603337
377707923
415626705
491473677
33742597
722038311
965812051
54758473
269187213
517984575
611959875
403779845
430744214
504301560
126842918
726182743
773231457
488284864
152023403
785105577
291505662
682513057
564097443
182595152
815731363
540693609
607954833
820070009
519037062
669004932
507697384
91737760
222250619
474539144
506713452
243822777
492628376
652647660
47026078
607834736
690628951
679967867
714807333
956577393
365872358
593324132
118588386
854597367
708733639
89982063
585275145
896519002
945139174
400333203
261491854
596594595
519808637
450424730
256955570
260392344
154066089
158666107
973384398
130119121
517154128
126037115
847156183
715282076
932860570
511821220
988832640
88912346
64068059
663763287
306701793
599266310
782463609
783824123
598587660
859920252
572216036
711638083
705440045
556508021
282483998
879649289
192323111
974190679
86166108
792931698
489905452
868210834
937027336
681711539
579344067
996700192
521371999
1994119
281673689
878375158
732686227
529602838
860595368
941357243
603301893
530992324
552565709
361716172
536826244
338693116
791135222
105737266
110777126
944753595
719554512
11953633
769167995
831793003
860715192
367081137
444483946
363834968
322692107
234461671
944740953
66400879
30367953
865786678
751537935
292400106
25781034
835644021
202632797
980782439
574309925
51684983
783357584
283568753
467524549
622157113
320525273
510949331
535152454
42260735
844622383
230575907
804931881
82524505
247240914
392728768
893226120
774913942
901584438
650490503
883343426
216941075
844285549
476439731
68106059
822059134
214217385
980835328
846976871
374800970
967294321
282347195
466508944
50490429
992316417
877404777
954574365
457953347
614721655
661424556
154610891
210602234
700429368
76310402
640407141
275217868
511110071
418287488
482589975
374392879
408130383
659580046
924754597
521866515
323417780
123637034
523007209
626949913
433568447
831944413
211602107
23147125
498234198
721177627
981392656
952413671
74075587
567714070
624852107
410710989
723045909
36863163
15352637
187755533
703299815
453757435
828768866
73265287
295586101
368333485
919739103
195231945
561245491
697376717
652092379
573726116
444130540
959893874
585009919
841340547
244783862
783872770
853126820
465352393
576346717
907455783
699890066
908670234
348215701
889832205
665273061
832288370
81081290
6692515
169161117
357029087
881679461
855748462
16548101
769534772
540590489
679327671
492701182
500026023
171157930
318687315
935478339
544391526
97325335
566836974
28746541
693750783
428931774
480096176
963299482
735870092
890538518
601964234
76278161
553015131
489252115
657337618
762067936
23948051
584609550
976829960
839438736
900875097
746081817
786871780
444134376
977558080
265307022
47039222
654219645
838522354
393202479
630448916
282038255
628481721
122328322
393136572
510261048
361762510
658155088
80726376
69765518
916023578
12062823
708592715
335209414
618451345
960187835
27462536
518214297
182374767
77149725
172569357
856655508
129181486
22601078
277378725
258985417
588638247
29807533
110092873
893572323
14805036
522249525
348694282
922272996
176987390
137861582
404090968
937582659
681348101
774047148
307644151
351303745
748106439
220758059
92537633
434908757
309172968
472001419
945295725
580365815
311342780
37597049
156528466
7187916
53271563
446848022
584548000
928814814
465062752
761158298
202985123
365658126
695870616
208720887
65018633
619423336
168116433
879302398
993216512
680727936
757137460
921759555
738706936
446152467
969110381
769207272
791867906
915291119
401846442
783174149
86460892
489622295
801033036
310442519
683886561
660382463
424398109
627412915
798085386
790685932
383783325
607603454
809459235
729168970
821219522
455095263
222285915
74183235
237807349
874949082
306930090
253540585
835946952
985730934
819121729
50110894
626659026
432339169
215052117
900659555
399614261
829696832
477572847
792659556
169078902
368889706
472070731
944467430
28415457
344284594
455841342
136650474
859072527
277512686
256903179
314562701
993065877
441107799
817423003
569546215
124918133
100911799
725287658
950156602
363528935
987353365
278298102
259221726
602961795
687735475
816849633
296020902
924458265
253640085
146846411
267866260
182592891
704573993
251765968
764327814
944947585
581029269
845943944
316613906
290250847
607653428
259573038
6790465
856270420
854720392
515206564
81068469
845480304
614628448
933531134
740485718
549376200
943057926
461721502
486289389
276504826
367354581
889019620
852852281
199551599
374845612
21761375
361357730
891389559
285139855
646821165
6723153
977517229
325919240
405565815
981247480
658744208
238056423
451185184
148120655
340727865
143522124
451438728
17947073
77369187
144778642
89283523
901568717
180879179
750835194
122276009
458556821
965417731
8100635
906708726
177645335
15974330
146561223
962202354
207554784
385303635
301663620
268010037
225801356
912093500
564513212
267564704
103546260
728928633
963352526
685312978
313075484
894824740
841450678
94274234
268788337
568563621
732744338
394627305
969032747
246335237
666525654
765301
847341528
116235380
659319699
395673292
177405076
853541628
858675073
71451715
491381279
629015756
34051549
175557822
152562351
177391986
860357370
806154431
901344300
443247762
478747234
233795922
869888591
837558368
371786854
34553111
242708807
488018230
507448624
54143118
587663148
412797540
910670679
605344520
489792821
592665155
883066681
227434771
813357312
667642233
427496190
567420019
719784995
706292512
296722893
608230014
834905228
357094866
709220545
878015110
776440022
111666077
844384228
515446484
187543702
438733916
964584683
444408613
88561719
885498155
417554467
414493260
418282355
419550422
277508963
877332389
792582901
518319751
123992676
994445699
151066706
192238213
6932458
221593529
358323428
648928335
168844118
647956750
318017389
3263913
444547408
197708691
316755262
522802481
335920139
432433435
710537131
222368861
307052567
661011528
752177732
414370441
434681372
381585095
684757908
466838019
350104213
724746767
326209785
911959881
17324214
551601309
334722645
636570753
630321814
316157019
751638224
191404789
700978675
779841056
819617155
337557313
988134520
705049554
74982018
330046196
208144656
123664164
295585434
390725045
20556224
896762801
278983461
23240342
51816816
414689712
298518589
822146019
557148732
102544836
702658776
407904284
743923007
4770255
587101240
763979589
470680378
154014990
369788646
428532738
257064305
324802334
628089464
453376722
392993931
46333045
204025991
446466582
915599644
423289571
567470608
2614222
16187481
178844844
240731370
662183270
821753307
5682625
378590696
854955550
949989728
568309378
938932912
497057819
796414290
196424865
794151260
631180826
212179942
68099007
198389753
550133734
244632383
160319422
116957026
833564071
362069046
801104331
187462632
172480555
874238406
788160266
182794845
187372491
865447470
396442779
455785707
289294600
455739984
470629374
903851590
116512664
989244308
432834253
798462112
331424188
452079178
423627286
607968909
684767204
277463180
297859572
483946945
873069550
110730568
397685259
920274335
131741739
754638578
866608408
952914745
189633415
888473085
656860315
175645363
933223370
597389230
567127212
6315418
325672245
593641030
613699974
502896772
533865061
646719469
985769265
56382992
759954639
183404167
65786874
888951470
96352134
389420450
892393866
633766525
879292561
821465838
165975673
160453999
986238346
147289856
481027406
565397970
72646174
214851963
817294488
387892422
377986667
982007629
572152921
309867869
512957936
994297595
858848148
579675700
258037667
781313538
564519348
279973563
861361234
400122976
156889648
716316995
757595109
928973144
996972313
324175844
788577504
844214965
323287936
474614339
253173755
578766777
162176986
804206397
910020911
375954518
749011572
233919891
653894403
526729423
503744940
771624316
24142959
71773155
868473723
735906162
957217342
7942559
341287035
833921111
828613786
589756740
484244295
510260653
951529449
823327413
514120691
596922263
181138715
156393352
292034461
866357526
484236900
237527869
929764705
867348660
640449085
1646010
765489349
591815886
457418927
541913535
415387044
241602777
321624942
762010051
863348895
665497896
950822831
299245800
359360596
995642946
212069964
860988206
920825745
18989435
500709580
636397681
333652903
302754680
713289638
902862529
273016094
412290633
96102468
629176057
614043632
512738686
966814341
286719917
379499003
195737819
129049316
332269109
487422298
867371736
578866328
284870379
190845095
994767754
527141543
622318313
238917906
103496694
410152269
581994828
75559658
455855792
744409553
348662813
514178564
966525290
243380526
479080839
197743266
602339141
142118022
374787584
637986691
264873990
713579937
497734033
89697881
591773461
318247301
661466247
967040728
744803727
203614046
6011962
460306266
598530008
527964458
16458864
723537402
586525964
65550990
315010413
578541543
878268216
642404094
822095345
737419071
335411190
946000762
89273692
128329828
942376703
684397330
768731282
634386335
175329114
671181800
510384048
745467057
156310026
810977008
5900625
417183
640311806
115807852
559368738
825534924
482980300
448342127
917598661
476688559
100584753
498054057
568690416
429435644
576740567
762285824
446801642
810792699
993458327
829778699
608328656
560748295
478491905
159999984
43796211
355344861
88742268
573405472
875568149
435014400
529558911
884143038
256212202
307892333
76647845
959880561
446099991
551650692
15448375
268281383
32485004
905157473
224883489
390349668
376707517
101942236
416839523
674342885
747906645
540640652
737281201
400998640
63162508
682096732
970886799
74306196
777590783
990416106
132721132
950744788
288650332
460023786
262268548
242926740
219026540
427740782
384115425
461823005
499296664
909245385
741218383
477327454
802096307
832727714
62279949
229029729
68859716
416087346
304015250
112159883
188475041
770009578
882047076
385074339
443995813
660720624
281781199
626700008
736380085
197541548
877744995
72772599
972967164
31248679
64186377
387706763
814808098
606506188
373894704
805028111
362710081
447190257
353578649
492257878
317124233
261671717
432768593
936242126
281933617
843701707
951501531
577141892
399811213
924930018
25395560
668613975
235823455
74081682
925893200
40747693
207638606
448624499
50271276
764957061
900048960
687645635
941009772
755182848
202034625
213539213
389433128
452826590
713287171
19331493
790904025
961704473
506632016
842298687
96152016
776271794
146553971
813844627
313103133
417291839
429176976
212648305
54933870
34243246
293504027
496284798
430561595
836178033
100940788
59710717
95818250
980643960
697582475
281334631
907611304
809132406
951583994
427271514
163117512
901482621
517131746
866978554
83269386
424630925
714250964
458278801
446108921
397663532
442324100
213617484
90183056
787418838
705913237
162812975
153023356
845914080
604446993
495480231
363665563
209861939
595597746
404996072
451655750
964520990
679797629
768830285
149119448
864368966
785431673
775410137
240196574
26267250
984826281
981629829
666570317
976294804
575526653
255784777
196890587
456421087
412011983
706375765
216139954
720845349
827972086
116992590
420704815
208178851
74954482
874003364
611104396
22528803
608829944
453634893
565683340
683401921
608576599
330567426
133005282
127403557
756651094
109975255
375586725
424647364
45864207
367975784
773315095
48527812
412252586
73222826
177389240
434448685
818448776
957047814
982286037
921730119
438610285
856588669
579847157
819005273
60024476
227605851
339006606
678636082
609096811
286896172
309236932
584998860
510624080
180186601
990592768
853162913
546067179
790956028
861489785
145401246
147722393
374963443
672114544
908957801
530347744
70223806
128760692
670266539
343620374
58311118
335068314
600160182
152373805
681728859
934310411
103303519
969977596
548340408
252404490
57986644
428098726
176999769
541473405
557272431
628778551
831673415
4278359
571927475
917638475
48593038
556776960
62423600
238743974
798913433
497732422
947729403
57053550
563109356
670180448
702915761
769107425
829250261
469058670
393154188
467626563
973210377
800964576
676720730
741509004
87357041
592438279
574138249
259083657
452329014
746714408
603177398
918380480
459323764
690107671
334017694
107107880
813132936
387391144
55357644
147218952
760747087
918041829
95860469
651309383
60090268
398132908
763044062
814996426
717278278
141395958
303500958
521353208
944462099
172465125
319075079
576296722
783070874
846415665
505827953
205186941
954357620
600410922
602516116
403073335
35403249
734356254
801004909
42350076
156309104
467083113
314851598
934373051
603827557
671246249
585838320
479156957
688966382
888118224
248253721
639002326
482780153
245278081
248761840
322766425
124489112
774626065
757236871
861651725
261130435
437549542
894834895
645060681
781453218
220336684
417101313
578927555
339011185
976581980
928158424
626806116
463236350
205369800
794104966
635916063
252969576
391018128
297607147
321910411
826714284
527452688
313625834
238279487
346324537
310345008
275581818
229341947
225625075
43299849
817594942
26466375
813226652
315570043
871725573
777442628
511826947
250146975
110471145
944719557
148941732
343216009
562294048
598473626
128462919
762693024
893831407
576578633
238609906
842934727
94290240
130962430
221183442
439937678
484230827
293787660
326974099
73188196
555424744
496885031
557385221
702452568
394500041
662931131
911939954
729211430
932116489
181184191
412575428
227581737
279706358
940733499
616377326
491972174
980712469
965801667
346634447
575751845
548719981
465592015
131685577
589457317
340139477
414091416
462196121
119293366
3813384
62064271
793344013
603146786
955162973
393585789
886852389
709540787
198750481
869075117
820559846
33563002
648557221
599346017
600962617
6473614
378306646
614471001
801593175
486802729
277841432
917091660
218825652
519132420
233593556
596111273
648361760
249860646
605195231
708251295
640081377
562173300
873729087
457259047
605373029
110040499
555914268
144784184
585538542
829323669
293168294
699352314
59330580
567898588
382087959
445753603
71503948
553429388
184283751
536420127
326443092
495030116
858155116
84993543
367266197
650487070
960521913
305437508
553834481
251144975
638173015
355348290
853024869
412771370
701278194
821598131
566197173
522484551
630364606
30495621
388499017
666837459
285401092
211859172
254922418
644043045
648095669
994781133
458991366
636483670
154990640
740964706
172579804
928079625
195551639
851434151
942310760
952842196
275504741
639986162
144859081
275251953
942834156
87499787
87231851
20908264
488704655
109378513
159623
304537116
439251207
534296088
754605630
675902003
893003937
681457223
375963380
797344096
266119891
169834230
283417685
651748280
220335972
386706683
89668703
743781813
984367523
273213978
303892007
59370546
303330015
103942361
270964623
666808797
155049507
858146144
924032074
842113069
154984199
149236923
347443615
14053508
370997795
773021215
436348190
153805359
234030158
975967008
992187456
559081117
397259191
706019703
663468475
535684289
437499333
710405997
69044295
373293455
518264598
834686267
620308552
823520256
120174547
232644388
446972690
70050564
627979545
639835118
766957275
76946848
830992352
775498390
51630218
472693093
169536608
937281384
536884480
984391985
246902174
556738445
986136485
559757006
980850194
831304000
962814668
170396343
427283737
387564163
47331401
146663786
815073184
744612916
950482453
863549782
146559835
612684743
429415392
858406817
945786625
608426396
798936089
935105656
270510200
695553758
311511014
883491217
862641912
942656766
488313246
660914110
336387593
581362925
116430334
252110451
533107431
415111422
873056752
477928420
514873475
66249148
898647181
654675340
931873845
276444817
266467929
256573920
383783260
258962211
64520241
62348928
889993624
449094847
958743393
486874403
564074385
969466059
437152277
560776217
169738026
741594608
106307144
855871043
217020454
356883533
912389859
955294178
772884985
689707428
496151375
41970670
245734743
809362950
253817310
313558415
976857500
633397148
880242695
248293616
899813004
90878224
613554242
440156953
449999119
865629645
385335701
422954296
940335587
648967671
844443253
227646147
331815575
393898148
935191157
29091609
571044314
916242104
410739482
634122274
793588412
131961874
721061158
761484427
598140974
722207029
751410611
211268985
885553487
829027178
234237301
194310531
791993019
428497979
561218116
890193481
454808700
564883496
861942403
601918057
85995380
822612616
951504044
209182410
805683435
491575135
962054537
271123836
537677477
505750360
374222329
279275014
189533129
769821012
977283965
485851256
438664826
558964895
967340169
248068106
372308225
319613520
937482994
791490597
978531253
327310754
846218317
730044869
539933602
251193326
500888882
351169062
898834130
857133754
337523195
396090347
229258627
872734406
98075995
536569828
605551575
520420099
700455429
268649664
857997565
495480081
958149400
470213735
7559819
262319808
168549159
70418945
450607126
334038419
439295935
154605021
427331391
959294868
943950678
95538579
116068140
495890569
785422907
468844111
259475789
27417777
233115656
152061166
414942464
512968553
562479559
31482465
494717747
919476602
500589839
510058168
768671029
323896647
767555916
941742277
155325974
517264297
448088162
612953537
509423913
323016948
620675020
611750347
586903634
927023573
368972475
278177188
668623601
974484645
698384555
250506170
956537580
536435229
79805035
538713692
594372211
592770703
986014363
303667878
43555914
266318314
132482500
58528655
821540636
49781334
617341883
942649913
807401423
422549266
348568769
774677605
870613112
496634549
833346706
458871929
534875944
11722057
958511037
89471021
260850314
419721253
929780350
40213541
447732708
314039300
325416687
141146118
393413852
858568222
341872005
317101273
699267504
381350605
776716481
668859154
92254489
378035595
935767417
476546467
192724322
679278282
715134803
858670885
487737115
169804253
395747320
633999624
460346066
304012422
994383205
663632374
657043722
868918263
591362880
790390855
335069116
689878078
345517755
830520978
638112177
602697334
453535537
339309211
507571729
53205616
185030072
664900999
597347187
642255367
986209660
870566607
862731268
881630706
835849062
332420141
156031737
88783511
42711728
849043985
528994585
651955195
526198891
396882130
492570390
443030894
674002012
185427404
176787472
983670828
302456328
514229309
337712273
851116020
383670311
645656167
759138650
472011425
948681367
57412921
315732693
869917392
216801082
739287475
310429504
378264573
248813234
1875162
538722694
430852786
516775354
90654469
479170180
244231786
517908195
530762060
240771804
880052539
679655938
911955344
890545266
823344046
792055673
118654904
687031484
498341948
758971621
849051939
821519007
436592637
971734256
786589101
24198286
976638152
955271828
442346856
128853390
674870513
660785797
172594009
930926386
551152196
397209009
919908497
719817209
860986873
65631631
923978446
730007007
63947562
16211998
646113389
235212206
957751511
529182541
554490094
320892306
784615340
128680400
416432711
556768399
170498286
5082948
987953730
912930858
461967399
290562243
88410419
874787263
697953055
785972377
210901211
76428652
815696714
578186727
683173750
821104264
858212744
382628522
470903439
527293076
425913508
889651425
313307057
194361024
387893736
316790939
289725503
323086716
982464801
185216686
334804496
886704278
990320915
152540293
977514761
426985784
820742608
864179111
812633405
669968952
253714245
929160148
978095543
696153569
592471236
785505122
514002969
874224730
829945169
732073499
912115728
450433534
868489374
179293562
985496117
778457312
571979209
171355828
280946181
352344854
711900440
414183692
856728362
631527063
833926487
897861925
407161091
493162657
321254828
918557880
281650204
284522697
525733116
591534523
790498800
432767578
517159
329573694
334303772
455966519
986571222
974160806
3564000
969987735
359090620
661901951
151519775
477426934
650707370
781083095
75391319
144890693
117156093
212259018
444338229
242696633
560631348
62139643
562494290
206355466
594525293
581951568
308020745
471654334
643540603
665737903
467506942
513964576
743647111
518626261
639009267
154864878
727923989
152369118
554169414
667137347
535315480
57439708
17656047
660502856
244667734
203447215
462455411
608548865
40517583
637004151
946914958
199925189
326968251
699930684
130950233
879152348
574901368
972910385
882304038
674706268
577404151
647385268
610068501
934945649
583591238
817949581
678375930
966647634
379529598
424672046
539162072
552186190
915777201
191984847
408669048
412774980
948724552
120676790
75956950
153283353
206249410
715545387
423838758
836870907
78380284
318259507
246348889
313086551
168737000
822347315
66952859
805325234
282928885
693051984
416495021
520273813
379794972
968785608
100944315
347722141
735680863
740396011
86397758
746356540
533553508
505233874
552112792
710283743
213121397
184022363
648086608
276326093
303979576
626170705
302435439
889147229
192950993
651085616
955672748
691200938
724999294
340738784
523936670
610901113
783354618
92445259
804261250
656109033
277170285
437367823
407188479
43493921
187926334
852209384
608908175
711565788
845322756
930105188
884408716
119273755
25991588
380702812
67289367
296761444
79575799
462497689
838834995
836335482
137518155
315911788
879999896
24823522
136302423
662978526
633516687
872476118
760979125
895253489
171072592
49501598
693019413
469388917
893563218
458407854
571486913
216696615
469529253
609695736
848657449
377509367
330663748
498949627
908791602
166367742
682692853
665116432
295421063
17897373
237081373
450814834
768888307
152099638
20758863
956148475
526183740
640234282
473909138
238916308
693107213
366029745
762829444
518445780
743825212
908712265
233412295
539880317
792389891
138651906
214984089
743770057
504849946
331391670
309829207
472960930
613178037
541792689
825319534
105605644
338402831
181929043
415114698
157038201
161573647
242261550
623093399
991371339
580383955
570948938
387679041
370362732
457203771
205176819
260329331
546483254
862764264
248320486
673234154
832910131
582147250
609041717
28129938
516953895
638656843
334101524
868725649
583412158
899759447
256222275
350361897
729565786
776777591
282639428
573762747
631883613
257613169
678794179
526795620
329962639
81464618
515985005
270246798
907128721
425579732
65432534
248392492
857135607
57957323
829337842
711704426
502261713
507464133
288674032
635244306
6767344
931997743
889205147
976884966
791064959
371833666
594776746
66810681
886288824
66365870
62090661
686242397
150089952
831247126
594458020
108780206
495908580
206438533
152728846
525774935
574251004
860630544
903139847
534471020
219120426
925045176
528625170
526206924
43868752
248100071
967282362
486551644
986599277
889796776
169922614
434798102
775945924
377585943
578389002
332143285
135210193
774740137
741070284
169803594
601531327
624398761
952157698
246388874
884821933
496408000
589929412
880791218
910644130
573352157
307653714
133904249
732168469
388213249
244323418
982668883
595064435
936488592
787173898
490231953
316176390
77385593
282852198
973904438
709203995
849355442
512529591
400803205
396991217
145815860
969843030
432820259
522770447
613713095
379409033
948106344
128917622
430919276
674022274
688196009
447256439
368737296
725470665
522574313
38586722
530646872
810584457
226525323
150531254
767017344
247003314
561893737
660403871
404056814
95797131
297598381
386610978
678977907
860778255
267333024
275502627
508200744
638829897
313618921
661009489
667743645
255665224
701725330
673726073
214655933
255749167
321436277
194193248
565029438
892764327
923171412
66667126
244603767
971149866
416555825
789367480
47716113
102376523
975261564
923764067
813613417
597015087
835509959
770969256
57855134
556985473
258336533
300822845
471230886
76031907
550467269
203218998
34383859
926763186
206028141
828695838
916936480
955382912
143633064
645825013
388475
840992198
667497513
114696766
390891704
397075932
575544358
133566824
811856250
932792033
814253123
661561303
114721368
617769719
688256965
926120770
727322018
567271078
715916229
726093574
716352405
17522757
649573301
272208967
924391611
788244588
768955319
221745975
749202301
603455131
199467693
560442165
234367241
691140339
171450662
780962613
588277779
102316285
402894663
741368860
563838079
166020622
884064056
149218459
958975663
815514768
348127161
51419749
126168379
774788735
502767355
612762144
679583569
828962761
625846295
546783462
194538808
515990949
917411497
409544085
821950676
118720299
939902130
721703786
968536221
436284602
220598925
864090762
883758583
261226226
957964656
332891056
606474441
264957180
827708126
338185394
407462689
616455871
24599377
357148780
356443018
104761596
584394082
861819041
383753113
670351197
907889124
194040698
669796205
335455216
500021484
899853294
89789551
438456128
129512066
683183565
328013569
870142270
260399207
982852854
742443555
315260375
243794944
899158912
191307749
799802195
278099645
316144350
965732940
819106189
879839947
990500062
985186262
608257286
153352728
423186028
658280363
878668674
574585465
98468329
971761222
477767325
724736394
732035257
818697807
564696252
199845256
351002970
866292033
514923496
214606445
841138033
227843177
114371371
580699742
798853143
12399195
752070584
765701531
145972299
896607190
433332068
98708056
829187169
130204168
533489422
389601662
915937972
367575132
73319298
176589414
682674703
175503980
657593604
71923587
112174440
172751241
971264250
661226879
238307522
449905859
949675437
314308948
35384454
694397308
112401836
193874225
292760728
58735192
958370787
72846124
66844899
211275616
932428527
28020678
591050118
10147856
697621434
287290252
675042973
622969037
607365897
360585905
102792139
318288077
838455284
190475272
613244522
831091146
890113121
638085057
839783385
109681083
608216729
992938774
303365925
123095207
711154330
426842831
475688715
608370190
525615801
766827274
441573038
563573691
691405656
1290215
259285833
238705021
328043114
783636589
961176872
884669065
651023050
632732063
620063288
900284471
831657951
818648448
912159284
150582244
273713667
907953064
884030015
671001116
167320508
910767451
755060062
942280083
968438229
263091200
712268254
39116411
724552993
512753362
286228983
218855206
891911864
48459573
196080154
13767416
67251544
33932752
738506659
564450770
514903091
880154310
104209514
620631993
539151123
757971674
310062778
301580344
256278512
316517450
595529781
25882483
115211254
561796453
755115086
64243258
445621435
585683048
825481433
811384164
692728064
668769679
457960973
145743577
803981513
837928915
577778391
386834710
168505409
959856579
190398743
306477915
992005576
942664697
237737951
530625757
530398663
150224717
869482736
907941944
928371504
187795795
270050278
117279914
747043259
122622777
123669513
167662883
587092110
900965160
436703608
889207580
614183825
175577826
859204290
405034387
772429563
290395178
660705213
564079296
286641023
470872566
598759043
25645034
596470990
637956302
818029638
758007693
950382269
232771633
374984731
830796387
648032493
743369923
389411815
6796223
49738292
987867609
196315099
424815978
574852783
298025100
676056684
43727047
221421263
77260851
771916994
342422716
408871118
40353622
153755591
136299328
608447266
996813847
210869516
257834388
446279378
923032506
896023024
144883476
986472775
854530761
643892811
313405602
455888534
870110590
823049527
855280797
239083974
32475029
453753693
921547011
142311452
347642052
485596708
79130683
6877149
770291400
346757331
996786510
614443826
474162121
446475020
647883629
96000868
474916927
871683009
977193960
602030640
49742856
832025010
590313389
433583157
210667032
717285933
568302987
326202597
294013624
351694766
459092850
446324092
605463349
289534786
827187732
172596497
170335639
441938769
772266053
216250999
694420715
85231787
485285391
720536018
418489926
545767785
393365768
671948698
748302503
35836826
877102386
771479296
156610344
378729412
62629168
852017697
158569542
587126018
700210107
387971766
744294042
494277628
972625141
608486558
688113013
57911339
919355294
350140011
175935164
500260546
962016379
251768519
139893066
274626981
904967348
428988346
748360394
123339934
127965060
685926807
168201397
632975480
280346222
282970570
757536995
980889032
174296657
859112773
298444732
44105285
290423324
276346868
311062391
703359234
210058714
231918585
871163512
509200144
687195147
902789323
338124554
565301434
454304072
76473134
663048335
647737007
56258504
221477900
397942467
562929355
279732895
857303515
626582810
620524582
131105918
993240207
986490019
866089454
354984728
371953180
128227476
47307822
459135584
512808469
164901018
759787443
206427304
186208505
602958940
597794412
71322906
293267992
745471567
749625178
633211
243895934
37041553
828509220
475148081
761403356
4853102
726016797
735415468
78133614
758158489
35647937
224182319
484099700
598209747
437027918
383166769
20458870
173406201
681632365
827034377
660570121
572705175
84148477
335806975
403780381
125302729
980635517
222770687
35885359
212739554
755195513
18127821
296457607
926974085
847612903
324906103
898395535
228741659
862913008
223498281
495625125
798207418
794298064
48552089
497103012
528489471
799687758
520393669
241531751
973138393
909669844
728617618
775458368
854980478
574375270
369884068
834857484
997392732
699257362
48978798
896262950
272873799
246919887
771546403
169465902
383076890
210273479
486122784
641220828
792415220
431233536
330712104
283873338
779189816
413764680
930020638
973581546
17338055
448126395
947400604
131789786
570932729
464927877
969931951
983635838
373755301
978921609
3267305
964512022
25398195
540789438
137153098
337292841
24909375
754334199
923619477
341718641
386118076
611076798
135982704
982920034
818976881
311434846
615850699
394881724
324670529
864088155
946068099
419947917
466165535
725336942
659636834
138397566
683619910
2306231
469919532
414943577
889649844
77931263
663892633
984186929
807942058
637039971
971489830
397779375
498492108
375900239
591558726
805058435
950047755
432615866
972346339
851947190
73264148
998126671
203972865
396534932
174006370
257056451
611643656
113909674
846343417
480781950
522921889
9141958
366394946
346839245
896832343
525394424
165602418
267694562
337074247
381426623
3659842
740132322
328500868
775090929
178189284
88550169
382609128
831320964
549269593
128387278
243626637
238918585
732899237
519267468
184281764
878333937
89411487
631231611
661683541
312309154
972194693
326365921
682867020
304591214
680040616
912805075
757433293
967812792
729055830
414930085
692089362
448593405
520048091
71619704
874392224
796006151
647563574
764638159
159446652
317184708
429047382
654606615
546980817
481554814
310300326
729870261
790493141
174921192
444315563
141660032
35414013
863185541
971485825
846529049
294029751
318137916
448646210
264692617
472665127
244903680
817184631
300144077
923699617
252680532
273773780
286983721
851641188
358469895
65661772
392832170
21604086
60245992
632094335
152572486
376741503
987152854
196839649
74657403
708319468
859569647
246253540
808038735
914615845
638434819
336238752
993249408
147488873
3204441
518696017
196425357
974777726
312284324
10096617
599953059
633594615
539361529
205467444
819343619
162459393
994217264
328747983
822296909
665953945
272741145
452587307
590725319
145082014
672680001
99658796
107811977
271082460
238910219
480922086
298664737
40290039
290404742
881812813
489246012
335805536
364921036
143028285
979967744
540982737
426795332
179089853
69336721
736406073
682712386
449479026
663838782
349509203
722972066
731043128
642371725
556873354
650239410
465087966
817650644
521762398
639174104
509893127
744949140
317647007
603028070
19364510
729482690
946497562
121852371
309301680
337781508
824815208
972095515
503042987
106344794
42285101
210654574
773844732
339666988
442589709
84149383
344722255
902052555
432188315
272346607
247003387
458992610
37636283
415611818
626371637
877886587
742169181
352182454
46833521
686705176
175955405
75612015
212482562
520076456
10000336
364207623
444877917
475194718
765771797
915063165
7789616
656473558
314453212
428330416
182660448
786284008
766369588
797229270
115225746
99782073
131782092
70565000
733199045
21760509
14289041
872753692
321629946
862887267
688546066
983799875
914695088
954228157
908878893
710920531
871050505
979780159
829234044
883647626
834193462
472183833
495126301
204311347
102171501
302207998
748203268
611787773
627452548
375084021
270475539
668477215
60179235
104114844
924119976
388376247
406077757
566728504
901591389
860951808
201146576
752765286
173632863
36379199
360246536
756382349
627658248
538918742
950187203
626028443
120518838
527213199
715024470
126432046
930760027
442052174
553137405
804501714
985959208
942507926
789905642
102456187
847928732
277516367
590356125
67291339
647083777
731102116
575184534
619433545
326060069
376048205
29896813
183412652
91986881
572200028
32179963
134747409
281070954
916913486
125936496
615449483
239821088
914485134
102354422
292330826
662003489
392489406
648594132
848298523
833027214
131511472
434648081
900530451
419288385
924489002
373598346
766442384
346043468
121028929
838412700
740559505
899782946
178524885
135094843
265458394
68001466
801394283
657396094
626706346
691803288
511211885
18250463
530138800
391392052
217601024
248135244
69083183
99776825
215889662
840641740
317812365
409590235
60118344
756743442
104646207
427760653
706233305
81506459
554204887
646177555
399972080
894698600
561002197
511048441
418882310
299144219
901796256
119759563
681447301
913262195
469467389
435053510
676018249
983025450
957079676
806795080
452531994
343681180
748847893
726809404
987877557
820933645
290080479
801938901
322209920
451679841
826199563
468451166
800874518
952576331
102168318
563652403
827899351
830703384
809713458
699733312
358092319
546006716
523365141
542195848
311299191
77159124
784683785
418015120
322374167
946725795
930087238
609950286
427117174
629869588
961804168
325961139
691998240
759260128
870131982
239395766
672298654
725609826
965806028
959849999
808546587
155797191
650062569
279057803
176047544
92728568
49287320
439342836
3003374
141872130
817224700
496013685
348440268
34886846
514192825
883258396
670203558
466305991
882489054
19477482
419007129
806733624
461656491
614027035
264737382
501906151
901292292
177590165
629340787
693818682
637553409
485578058
948531270
803152277
962434053
649500659
618987964
944282324
973826856
982253146
626842765
578756337
324814093
527170338
240567413
799125300
159809422
617353417
533092526
666391986
118884495
29829538
208830932
625212361
894122832
761763314
480734596
720154100
12264060
943960375
908921555
