102279583
860118181
403182459
366472041
447416888
347533224
54460878
18155091
729820118
106912886
929157272
370939110
292885987
283951047
128921297
817721676
405255683
90639230
80713908
96014506
919352472
456061463
224140446
134511589
348567665
328614461
700085146
98836049
980415861
477486976
147501982
806683993
369287050
621691793
575498274
849670929
706845106
85427064
116031836
666521580
524958796
14316178
162076415
101154401
868796928
775320649
781647072
572889819
55099898
698717548
469692587
596293246
958374665
969130943
593141756
121420822
678862856
471015921
46708356
864318269
406750260
370693730
604491684
171514518
40265598
832793077
57876591
507341128
716360067
396016589
411492913
951675835
719055094
757193910
285744600
838309767
295766609
16549685
537676141
300135454
385575861
450469470
238932857
738018026
953714824
435215628
725617702
263192751
768883941
61323101
698391599
58056562
189627396
595046388
989290926
410773010
68689108
126882161
954678578
167050574
288115010
829143417
648969654
969586472
723742696
309763716
781867349
786761211
54305003
201865214
755621721
398794779
4430081
637848243
813446124
254067426
590801813
373702756
962312310
923828243
393812407
499752303
489918966
749773322
57859215
436254054
412469950
558593884
833023182
141237972
273883359
884327392
761529805
966501933
83841067
865543695
672139586
718566219
1973199
818190017
132518436
21544825
787290998
478402081
1198578
228621572
883205705
605917347
370699155
13330275
963365905
43607330
98952487
765979873
185420005
871891939
471944205
199974579
985157009
544591507
949216472
296922749
578164774
528370883
221145785
59868259
280077882
100858257
895510916
280028084
733390059
10871210
256043556
824120575
484069319
687678484
499575445
45234110
150106570
203900441
114902596
704705361
260448321
925872795
709422504
573349762
294923679
335580676
290989470
292367134
517296000
301455087
747680064
299467080
879363691
787879582
841755464
143483084
351581076
257601895
295083639
937985754
232156341
696402355
684333730
45736979
78308531
338212932
529945185
732003239
918182563
517850539
304541655
853144634
106000329
715713524
223918216
893374733
925478173
830255554
432522835
850397389
5420942
310556150
499728318
757199814
117855022
729625580
367170876
890882285
142882026
233157330
561942505
617186564
57921685
245512502
391816902
115334541
328558081
485912466
891998198
914033826
775864994
900315454
139504924
698594629
651395846
62384476
971212568
215837264
888830109
791718963
715708762
273733055
161749423
85685977
401815585
25844889
526877260
64036836
321781240
139957954
518723492
891091146
262004611
355056522
291215682
637112684
570746566
100127674
397974003
542635070
542913635
707433948
339636387
752334662
563047773
765821125
237936984
831265288
945474997
528600790
227980998
257811788
963139710
105267473
706190821
852875696
272634280
741505374
74206872
60605424
498558110
952309726
809638153
374885041
662941438
301128958
768511772
71251745
714911234
510035618
333217720
81418020
882350045
368443442
930380054
576321865
170415460
655034371
53743239
337937682
40400005
792552063
264596326
166710857
993708048
444191535
109279182
165939768
675328858
209806563
505756738
970756947
318616439
256173471
156868813
278126980
575568520
775825506
56124789
749972274
61221135
521897105
131590204
383371551
141563672
212525666
821022069
784763853
190792382
658377283
910517114
499653936
890300457
727473863
952989567
253240191
349990511
954077113
431148955
37134914
140916306
502206375
752027796
106864735
220341872
334961393
421636320
152631590
83529252
210551430
778610375
311135525
240366712
761829108
146052965
798386053
573468823
323639622
772639392
197957725
952763232
906658644
143186952
533040557
58432255
230357990
391276917
9251133
992877746
284067676
363941554
771707150
491975998
13130313
308133804
462584775
578240275
211794704
590524107
696140141
95179505
196597723
557905211
356281103
34313096
793666398
435525225
558517860
100505296
568390043
950345821
290231048
652572304
738911679
194052813
557345722
118205087
317750386
968620766
623693499
509155391
525822263
930821892
516450356
119358250
933725749
538442312
374896604
937226152
685247398
800606375
797767727
323870797
6010065
865983627
77491696
579221292
784711048
388662142
716352500
550107901
738167261
599652541
897012401
732734914
800907370
678902007
161883066
570149167
841782270
45551011
931808772
731285864
317204391
278954121
594663664
545174695
373617124
988281236
478001126
463389958
123226669
445961682
471536072
208791189
470645019
392224721
255742396
436798605
112066142
511776583
672648111
8355166
223358486
949622506
843529038
453386880
292438893
70415367
786566739
919818698
144033936
689539876
56632952
222326954
975364282
396643110
812751823
36310354
817374643
579863182
402923446
829419588
478926847
161325015
726773281
847181507
818134132
126673717
939266639
16565807
46189636
541784940
637590578
357179148
639728879
394031121
159935806
1160840
539609731
950973211
889322205
336907743
474653658
342019116
756594164
149010112
785881499
193918377
985351967
770034353
581187229
4136154
897155439
932315594
675888042
533231785
477478130
719686516
146420028
862577526
102553154
282607791
181602160
713016689
931666979
207207293
61505216
937631480
351511088
737431109
676867503
270705953
530439591
374086376
526570753
415278434
143545266
309822325
991872153
910512684
516622982
20324844
855482181
983242493
162822594
622687626
416643410
49694892
863055434
434179585
346511087
117260747
277102494
185026475
377132489
153124674
181625994
23470216
525040115
263596616
727636251
849824500
380390135
352093360
289179226
113456976
564471451
905046918
784979007
742370627
472861889
71775376
739506737
839847457
658609693
242244259
126016217
908056516
676203303
297152679
486553441
621281700
246025443
911798606
653630922
501698974
235702511
539647059
842925699
608252180
330299654
710444805
950971797
482732046
760513874
238273925
126971916
434094749
702201939
918824873
719314701
295837083
431326607
823282161
962265034
583101058
279033270
98047325
438706706
580105544
496744035
946502937
984379236
246472215
666745455
474668112
86090664
419553741
532373393
872124844
975695456
893139359
677490748
790830491
518934489
843370810
741204650
404247947
470378716
299328839
51088170
952734845
779094508
955372748
17570827
254608093
450003311
879158747
116563145
950955384
838982201
824155538
360528721
894670280
230832565
131307384
417755641
933244092
509136990
417007380
234812066
603517556
413320075
502703766
731480809
604914970
186720603
495162806
894905416
420467561
89529273
215288551
970111447
439122924
91775327
17065247
845452316
680414262
551411406
872080508
566099809
310825712
456044788
94401942
892901689
399783456
111556137
497784437
34575247
442115163
638574433
819377790
440639099
36639000
539846918
164498652
716517039
165633403
668726295
354276856
837097552
64686057
334759143
600798817
775178506
289038422
439765464
30229556
224258616
331825069
602662918
422184100
869035782
433609672
298509257
659156406
476915321
250687777
710733704
249548140
543646452
81983446
112565682
555074052
689833280
618767700
168462305
145629220
64990314
27744922
880059101
608137433
645753976
102994971
116220771
524094779
799537541
247053623
868556305
344305092
904342343
602163141
147656874
714869815
924110382
175804302
29033918
730592994
596003098
527635220
395104221
77425480
792952196
252012351
564982434
523285348
645934709
735955582
108933
533988689
108298351
36363039
558315011
514025584
346528715
283332014
747584809
54316912
584207943
555177427
20726387
498570947
956080341
956841767
105283021
267566978
479987859
740265439
45455205
667496433
864363181
997801048
328150159
679826756
681931416
515221532
457621237
104918204
846974264
612891596
368277334
375552242
618863405
599677579
795546895
993620401
255946868
200092680
117751120
253557417
678310559
408179355
325306689
587189813
551653848
775681794
226289477
566573775
657649246
587439014
841970236
63705786
308448759
256115256
107761384
912242763
740459304
730425313
461819799
718829576
741253312
655809866
764330442
40437147
845724419
771330592
154715344
500283887
236417734
783165900
705127658
819112836
236212780
761363990
674941851
389618790
758135756
12431175
190491699
611918592
497667364
868479417
517861221
464403854
982348893
71768379
468078200
319174102
838611336
215428571
695977998
520881901
462799381
836627971
26990003
860835530
328425220
543338029
134465059
203574285
809043336
915779660
260041501
459121373
417342762
645293669
343307246
785497673
708538535
573037672
423480246
602656946
62404141
337381001
929723496
949660156
757156032
120786333
417193799
917528848
152898173
883223942
233245624
628656466
312483476
909144467
778636008
704771209
559866874
629899529
404004159
374819259
421149607
446134797
400227864
548449192
175411403
462240029
525087867
805615965
838774769
665548257
78360276
994641282
779867399
47633321
95868771
706222430
723982669
856416393
929171632
484389531
957100188
338486704
902066589
457325736
656586786
387833048
348757138
133105132
930518975
252333873
160588113
852621057
846766233
285190212
745157039
352841659
762237523
665288603
56128337
835464045
543640189
364301385
647240580
64831869
897052796
112268248
746646171
269644834
91153077
535490667
830992007
906300312
857925155
607011256
628377900
961461537
299271395
866628141
242196673
576931655
857736860
619971265
274677403
158622410
954625062
475163647
497850464
768455798
898465175
949725684
514195428
104866830
661779572
893074120
898885532
125874693
28912568
438875154
583422708
245338603
164594246
610184202
170206034
46040339
907300351
353762111
576273366
895328006
569225399
355786455
171931737
912546611
574255572
808784971
451312007
474552556
557709639
360206456
947554655
97267290
572169554
665072538
303578062
237369665
59344216
442567945
557683685
14959995
990836275
974137115
997671392
938603491
182203145
216115877
837813806
838524962
300888799
178644184
428804382
371505251
242813875
226767706
44987399
120599639
704497857
616396743
817399909
658047679
339171128
81825843
138903357
725323473
634281460
810589496
542346226
877654603
793780318
758290892
560169000
663389498
29981199
139312737
6423237
466776189
960196112
690696235
380774121
756207583
136360869
373112546
835817156
885173689
297847057
384431179
350111423
145125325
520220091
299403575
794202797
240349868
561484410
67347832
513422113
923916071
867371859
641231621
913807356
840803670
530162219
143232853
539139412
507670195
756833514
646135463
741888555
192744513
12198309
372008700
715980219
616116901
362757274
389109573
147111345
345868669
612437934
753191674
187030734
716293942
486785605
961911518
98358817
283128681
367242969
415039435
400144258
57884611
611546232
563901725
552649345
958584313
438243670
2848834
398762642
828493241
979566732
482074270
179808546
45469885
519513317
720410708
236198852
255769918
547048193
371745149
804503699
846285479
395497249
563954547
127812927
392119532
113177614
116977733
898828019
464713578
768127269
370245900
827473183
375197321
9328132
930339551
469217227
103415374
509148430
59519595
776645919
957319150
563427619
621785422
810666709
166808566
641476313
356321559
696072890
953071797
623823107
832101928
650565041
861492925
97945562
425990023
846685181
989426048
766360232
482707
225045663
478692547
816734928
729622720
920703033
361773234
615773482
80450839
57448344
81746752
314507351
280152373
394300362
202835752
14676327
805867796
846108605
486264103
7343529
870194304
315573659
250735718
680208914
755034651
367030685
179326327
623486429
475558954
368940076
957497508
721456818
423507429
217228588
656815405
792446830
875434363
142810331
887365129
299776956
879256953
422565192
171985149
41143092
327562841
939863319
68963691
577525598
201492506
552869374
531928212
623790723
161848174
824573603
419105926
750232337
262059394
60140205
827703344
424016735
781004252
306068015
965104674
976903034
721415292
156058550
771117294
397013808
804161997
139792241
855523306
160839887
157433201
705007164
924566699
689718989
464702850
407625621
924691067
840462263
180659026
809914761
504247298
256262289
390365468
38395089
251424770
657339177
95584510
232279026
815313150
132465813
480919969
465809712
265074640
449101469
464509009
56728971
209950315
246764947
966913423
412205585
538936323
962144774
711035070
51875283
616460652
428787839
172752121
913759600
371459384
580275334
737273593
326198706
71848286
813248372
341675432
686939399
228985226
364222231
641397186
6768712
839256712
634867475
536601131
525226209
73766872
898003057
619806535
597712504
566292234
878660279
804855439
602619150
518203498
108126214
481756395
361907397
398383985
73916243
635368893
850118298
103744778
190972746
426650065
951165388
900802194
967534102
87068792
919761865
250545166
66059042
700167235
249761682
293312251
656113480
84228662
811526307
976579752
376562744
217392742
835461050
453200766
593884630
860370053
537767199
585234034
266921025
287245293
716052446
8879364
356365342
595452631
110720389
147242065
571618764
447760838
799812767
724555536
714769671
148527107
270403888
168830101
195854763
664799304
351759898
788573953
380518628
672622480
559512627
27070761
90869857
270423315
328624699
50545965
655710676
853106407
383267254
828090488
166125565
846118339
954271763
529354823
424933664
40919674
850933023
811046363
839793940
511839387
130643244
313736419
119816041
513853413
477443116
177201116
911852653
389148448
71398798
71331807
160792643
249039973
139535347
811571491
920114764
915050166
887728416
286901508
843826470
903493535
461157781
894769577
126165574
872108700
912601012
98304705
340224906
783365293
782356552
42908210
3661059
273838174
582549508
116259606
402044089
226681625
46177437
43715360
672937612
67419015
765140016
501034238
803318533
964668600
432822283
161252774
615564106
392570152
737685800
344259822
656617010
689691060
696079123
531991857
224806177
461365895
582902572
816867218
22229384
510013598
70163116
30581390
993883867
826416158
259147829
904024835
308097590
849139117
493282
135813379
787713657
699696877
526593020
230390991
601134478
83464534
621652903
315869567
866550691
755821712
758935904
521959142
903260043
612860712
54567810
848142594
880511457
759539321
215293229
699472910
229658384
758136833
175698857
258085733
867194268
859156347
254614296
714384053
159480662
619386916
269669912
659756710
492091097
753100765
307040861
289380092
471596251
766710661
445180640
247308958
229380787
396537332
422363748
38381257
815177517
116397366
249777500
529077349
580822034
945840025
799012343
559251375
890433792
317284170
795972745
907563840
945752727
978744356
198971781
544559219
1310322
54526081
883093527
433688586
373075889
302955414
977801325
394843960
667361546
486963784
777768014
470474382
792011090
420825667
459665532
401084733
631197332
830194559
867579848
405514862
686186153
785551946
44742483
991063599
732754124
375819423
834412660
761163490
680632231
859006266
109974401
366104615
347978593
223166940
972082152
528559519
687925005
51127038
384957644
657697882
755522230
382707807
846851705
159203176
627458411
763360408
461392555
620181822
119519944
239649935
686405371
618858958
503683966
2131778
691046966
940436185
144383090
651800264
306057266
523188356
379128072
249559574
534086335
297025351
368647212
115787227
394459453
393200591
833105232
222552305
993578598
711510946
30171874
142324391
973353357
278707784
966376504
37413167
911093559
625600793
64026918
892993474
834176215
913888529
666158248
335735734
867291509
563508862
286629801
627827148
772017662
943565927
82135847
937086303
177486198
571705633
60444993
751448945
173648319
539475761
378524569
777857033
384834401
338101963
747266973
273930324
831734744
42871242
339088302
52860123
555061034
774868196
695929035
258944971
894397388
921464622
461590466
680594718
844866359
435567385
458525560
4253338
83266467
740693969
522855189
760837766
881473137
410929715
549974015
410984266
234446362
67432399
544169112
796382705
993203960
872699570
654617938
187860506
604898664
616493629
322708789
566788098
764508550
123438569
27883193
59981429
803456716
236178496
570158711
735813248
97849454
297145656
874731268
2022294
175716583
464880601
612233414
248435569
914575761
937694583
53019863
985287537
567001139
358229470
525383101
719382317
264992994
766519168
627873430
80328176
414893006
362620776
707972644
788121698
376110990
436857490
683192379
481507724
579863864
657719773
118419727
899992721
381530433
667476163
773283899
40537347
287541806
727158840
499498278
559364627
70009264
792075900
23568149
898612087
543905318
899340019
242501561
117944533
124636429
7734659
147314539
69006758
770285006
317578168
510206090
475030682
272739722
233465571
440259160
399221293
692937686
458724981
384274629
58070479
757936607
699693042
875123205
733928535
210106238
194713183
231691346
493217026
833777564
553520710
638264593
522427200
936145965
865944193
818584282
702389540
99504450
725037573
278114203
933844000
94885361
545592966
571210404
907532088
130291314
726093573
232062299
170012901
265421189
261558877
912000368
741676937
677985871
979387864
514636868
845008677
405832864
23628021
764247597
518107195
845758799
893010762
176819700
585103515
414813103
350135807
251885834
676407632
123456724
883077711
524979209
703001282
437164248
706804557
68395518
946406336
310742046
840865215
475784970
985487318
377354928
192358638
823431712
601868145
345810436
350083007
246756284
255144874
987770326
473842075
153234173
198096320
782954893
704978885
434169186
75774488
776755277
303794908
759452184
56928144
959463184
257671085
326107578
729399169
628842019
161096663
788844562
824236915
406424119
218512035
133139631
59496491
642061888
415061232
976866829
635779654
538222441
656618078
935652196
268104175
736711640
142192841
860938665
767284586
344347974
231459710
391682638
792022425
916564385
26158539
969571700
446288664
952551196
828438275
250925010
542647798
489448365
152963396
524879104
285992356
133802996
53663711
319421217
41843408
493057250
462019433
435190543
865333907
693471237
563489384
11235999
371314972
191109583
767029289
816296686
244970121
471539505
825401649
363993249
83150843
377347525
539980362
575169633
159808127
581218919
627406402
4431412
952555002
460348575
985988566
180958573
603845703
207213649
613874694
545272766
777610659
746921546
26781804
175055866
609856041
303242868
938430875
979971968
754859060
417053583
394736474
391738685
399991160
623843752
748558062
635181067
986313466
498917136
83857938
925854053
311083616
14088127
510796848
687321413
32456721
818643624
966109614
202739012
745496979
628181977
122620000
16031293
964902148
109459057
777669760
735859463
312882569
464120772
41373255
629371319
564505479
345546250
408377145
32100517
178574420
935569041
611110563
442744377
37429637
94200267
891569089
951850329
591134478
506967102
175373460
375900569
643346205
776179537
111179216
127510827
967650639
253040290
632938619
225334892
826037762
506761810
252952808
92805039
832775247
756768579
78922017
806828295
232160834
820653351
977551562
546679688
422560916
468303869
816082936
384568031
923105503
889439430
224836166
97193796
981039011
414336
473206925
59196059
177888288
552169094
398494480
611499959
132792520
734112220
732510009
240904919
888414475
142758670
286697209
204648352
730519422
669865900
614914618
640197540
422610473
570715688
969909192
255715554
13672946
612518938
697313797
241433166
195985623
184273794
693074466
722083507
231804157
736780226
567548892
225811713
37959590
846888110
174901011
136991820
540453518
824657407
447875896
101687227
952006328
837268077
594466153
591596889
513247101
928658837
962521722
118243821
555547501
966653776
808699210
980740298
16189478
372074287
285839380
696513898
410271848
947976138
465314659
265544118
176941080
986211870
84136369
211606953
15283006
164562042
886160775
691071871
553315924
96626678
936011406
522494834
588854098
163732224
353570990
224482706
144517666
699298651
364353366
115298073
584239471
329222805
276053188
134856831
41377271
570325093
126069252
299362022
939596635
822706070
170305121
875522650
187023704
326863842
756570444
512546019
893720761
968815466
784982663
146799333
706534935
729280768
768278381
509276086
141791883
798039810
64626242
946365205
475648540
453538308
451430481
325285411
67041229
950137474
790730226
268269350
627084375
378519144
931373919
559004891
480600550
774845909
618348420
411603126
305563685
695650716
908732543
434290636
391121413
705220988
559490735
655258607
511695981
102927641
12885152
706893118
546734440
642966180
819727029
505192054
306040387
262802356
305971593
5389582
732986608
561580256
650731249
822745584
967362576
406812430
221560600
198763820
341119867
82098754
856762562
447849160
55889721
868598664
71797143
727081062
350573037
663337309
191686610
535461989
884007226
185822991
930447380
370498419
731301236
399712753
512827423
506926956
811339080
122998539
911246876
860398958
103430371
645866161
277689002
546425987
961594920
361550865
671855350
863280105
756468349
316336137
916538339
268222956
526815768
739865371
184945912
292360794
353347450
905742884
659357547
887702524
840241464
150703499
848458317
532401316
373482646
92894182
292685228
349043765
408342060
889012417
275494324
130001590
641345302
316427872
294046621
734085237
383387977
559673088
228118818
923732935
463104849
145081556
889159123
373066690
937927890
697239315
122421577
343715130
380130197
457797618
652771253
367807790
795023454
597749808
869313202
713471355
47601747
608257836
476361178
215990916
94276561
603281660
695072057
395643523
33110371
334036166
210224447
841032780
471747819
429022921
392531012
852050302
65718556
194256342
382740784
432757634
874770152
692776513
232009443
399605282
642026719
56920113
248768730
980288509
352874706
451094507
370127083
84442131
943338643
209522421
16500643
532482389
709853239
611001982
913919039
210817599
472390805
563431793
990916800
197323842
588383559
199065364
807271502
723738923
769547631
632840277
554300459
126190742
79820974
503762594
384465136
39953819
343761202
610588670
495100776
120920975
911128886
600798243
996726166
161755402
42014738
398075870
218665061
479872943
122531500
103224751
723078183
799444506
122782192
997790742
850635382
370249293
169440436
557477314
762839866
732701549
306041565
612044745
966898105
115504202
558044821
733246315
737543417
592410564
240946655
416294331
996206071
529824883
606164550
318908099
648313159
357658020
292000606
73325366
286119119
755961435
988981829
812790835
468348313
73431
130272543
938247873
76079321
620252103
42839288
665920640
755811209
270382420
345940260
160792521
914984809
959586209
748442459
30892862
37773465
441913136
49351319
772525891
59461337
850779682
373911458
114252415
268532464
95208149
409626150
876680594
927140123
344596761
726615300
984574866
455780782
401026966
213971903
408074258
981431614
577866940
819955112
988100795
377136013
335192008
904287670
928373866
598967603
532140383
899049588
812651005
883936599
64221365
397255690
51201339
993090953
740653636
682391058
190163788
231890564
572999822
840426437
828063630
173093345
271716322
214883740
28466250
172766207
748945228
916738534
217429880
85508476
872575579
888185942
466154447
651434385
698894004
88849254
212544985
164750920
823002594
747645311
389492759
110744099
681694498
921801752
300236673
123461599
775627028
946365444
541524042
69709693
143780665
293473450
745367918
490367509
951579742
645579984
611984797
645231128
958555539
42584767
110127308
675122880
456178087
856910192
610991953
539854438
134236860
305882914
213521517
966049639
673168497
330514935
175567580
405462703
657890853
283413399
284203275
609364635
671845657
371798412
46327695
571472871
830890578
828190075
45440061
787629984
505996254
845428211
384960898
226448740
114924737
367254574
586119130
352317981
403409846
274725885
604688976
715084180
514252288
102509314
510275990
14140264
632025123
730149347
846399165
779157598
155270024
559370812
619789497
226169
729569082
983573953
74706544
980478001
576923100
444868210
855129672
411491743
404727826
34392932
866595696
150354682
328644756
655887701
831091009
785902888
641296212
430541055
619383824
885882056
789303841
688650365
63484365
575226709
872184912
707971268
746252818
184294168
840350538
590368646
660301301
239698865
732805067
916469175
394239665
142292822
75011914
265603949
127031729
919455418
724103072
445143750
684466936
659441371
923183717
782897873
727839343
60286938
631523392
974030977
390369093
849577171
312215615
603748774
842926951
608682501
466756874
654337267
522447292
354785259
367689279
252749034
811266311
491820165
858630500
118399655
618150482
315709829
27893792
923034442
63017845
56594928
206465531
954689306
585746745
553368526
875029366
475144640
157725623
672578790
50274825
569862805
405837515
224734527
296909701
512232733
296611946
442771012
502689687
411156199
419859575
404692899
600620176
727430044
967847417
102544364
356207881
780906131
594789796
699709202
728447980
757846811
102882048
81247792
738955911
949663861
897955123
98900622
210165641
589434206
218198682
879763079
595233580
293005884
160216031
898817846
379205507
915269346
397406086
570790933
75521919
89066187
433644945
330723056
300924320
25444662
704458984
383467134
32047210
477335338
758305828
120875455
597980735
205263543
108478907
955087792
870651196
249497750
1846461
967765140
922830814
377742899
155785172
649775468
953118867
83133394
145753458
453403335
287654390
386353876
37320026
996786091
454924297
618040461
584395780
383954954
654306503
153126019
935981302
720578146
691341291
562828517
701496686
737322011
242283637
88563059
44751416
671371624
345623493
654330263
475049239
558036148
509346793
763956836
275658133
816579559
303112662
761363760
306966036
48935351
704959059
758149407
642659842
888421483
88519707
174709086
808847147
303427324
6054099
509820742
547765288
362642664
669144355
319216686
114572
589421247
12942164
590989694
207085075
366206740
930438295
973338725
142258440
120318426
369923519
463861030
263194985
342763734
955081946
933394858
897036302
176778273
710137097
78177868
446483778
982223447
990828231
520578448
922017191
579643939
711488698
358355410
901450405
922140871
130708967
116477860
64213277
119025532
425838644
690658248
805385030
291658247
988022159
423389921
731939791
658909192
819207933
358668823
283478789
679525345
655720698
977620433
868973063
287157054
526194356
266329478
375192369
940443264
320393583
295036702
222547495
246367730
620130377
239068091
660175558
434249505
683799306
939788243
319532533
989741742
310793642
842202018
18210081
384931463
952303988
73780453
833463765
239143708
604942227
161663029
89135616
10341743
262013071
38973407
545317862
53419434
137368743
723987648
12184940
312302241
800481095
827854644
90925979
599830972
530765052
296719872
102934600
901501053
63363490
992125559
527321885
254472008
937864592
836764406
84724480
500894305
55019209
160567197
792711055
552619082
114124980
621353589
445125908
56539405
619911433
495696748
742883435
713845418
498830820
273735365
9977257
954114045
317537289
280466042
368170941
630301972
850437567
173891358
569028294
320144592
74702983
270251261
643436516
877553791
413785551
680150447
457405472
676097454
107263581
450957629
652490056
832763685
960463456
579286739
390656296
555596440
16199684
758617230
548051285
599112827
95401371
881709627
90465247
619818405
668135234
597640380
568206583
701093092
879899498
857203334
223583128
581369664
317231414
712259995
194218708
571088721
562724034
906571025
357742456
359090638
774774284
985411780
717867998
450613303
791242795
524286089
441767638
155732087
2313522
82075596
601707051
638073483
413765118
367877870
202379324
307126119
533628118
422298968
277781367
302552839
956593344
569369467
834919433
807591837
384763908
170430034
248420823
394353536
650616715
295619435
819454281
964875307
653493625
397987521
491889945
811627120
543836009
184253053
101607277
377755063
387419212
672491891
929300264
966889565
126471216
341204944
89887811
591033748
875592246
311292424
456917216
702124317
82660354
653488019
773838086
502209081
338116653
840931159
111873982
85265567
987383689
772954171
401856813
763306490
751525872
464570891
246715199
955641370
651890250
722980806
210119854
807997754
74773467
7471006
46503144
584783725
904628633
364732396
709714551
660048341
521398215
731285206
152980884
207958672
75914832
178253804
32133812
108983140
173595085
490235786
779654976
262234287
399670811
268491869
100053862
397130685
158533886
934599132
67400777
255533992
898233680
87333008
785674407
282461370
474850318
531464066
593023372
873590777
726185113
148312098
102626387
727343123
882739867
261340412
221453088
425383393
213745061
693545366
859071912
749966805
647837275
124070474
403497039
20489238
933877860
872474332
523067023
473526876
975988155
42903406
75428438
774645055
637658406
938798839
938829033
647057413
799077443
683469587
617953662
139530455
378119886
373052848
457601654
807058761
70751200
610906279
856291826
593799493
242050826
905546323
810326974
932206848
126389343
257231127
856038527
383544537
202936098
550712828
819033888
849658425
748853611
906181377
849650065
527566575
975691971
834693733
649566169
128206951
971833800
20072768
70186259
807855450
289172996
276225059
591170083
631568495
671152667
289451381
269184919
77770147
764965093
832151936
875612214
646963072
199462987
379246475
683826083
943957247
302997898
494995512
40508849
430864872
343886165
370305368
152465766
205515199
697764875
409268868
795368337
194006333
705534796
606721086
895393029
394902576
4165366
700263855
540536415
872660405
412674522
539639325
66692327
53129064
856604694
789460022
162770680
737871980
2723688
130785158
878170123
513997765
237660447
395267319
460605104
484144622
840357084
905885285
621826584
582565780
639712768
52071291
896481578
808926911
36608605
121940187
578443379
191501899
676990344
987311887
941000150
626797355
406701551
238897175
568124776
671695076
463851367
812572643
34241109
360836830
320201836
971216454
627371788
836552018
215841068
930958136
511107923
888859804
963426943
391013515
773412640
854152044
657456832
387867457
488117256
597625744
628451398
804710061
25991372
469437506
847461218
458995003
740404964
338816159
946544008
808088015
416867192
630240616
78443615
128583901
819468034
671015563
578517494
598536279
995719431
658556800
760068224
659066593
94376060
900883695
158414361
434686728
44426566
543246209
704232664
31824104
844205985
630567250
91447301
158018908
574929774
851728164
667585476
295579436
43353111
960827927
83631688
455538558
570293599
22449407
459265733
635323392
78110821
682758220
357896915
604744514
404239649
483378094
801703956
252446338
66673762
587040352
195871207
786757929
692890200
925715167
874513539
989643022
333458841
307783565
382461817
170077788
404939198
81238752
462751673
693139769
453173430
631475165
760207025
144034228
217156915
565578568
359565187
943077628
566786662
535408585
582527740
668541975
998229475
567520521
796131611
568170374
779137104
641233776
811364740
654149403
110580891
69010723
965320070
225493844
889709969
728312751
770433790
15156325
742632442
122883320
811412345
984500685
77828895
648798287
53348870
722180838
839022315
705889435
967792562
656857075
941470580
375306293
367572116
676036265
343858613
326848161
580973962
634787802
131059826
792216479
84921713
33838066
155722227
97989001
70983407
563019014
766513842
241318474
917254398
113873692
139394747
87158308
962968613
792008238
127602901
610644361
20487263
710155051
627076148
683281325
831336414
443433299
140296393
380457680
786411196
692267696
937840853
107401145
331080670
751696678
161526411
352959040
611275619
283436208
14270897
881758306
147666008
59884779
538163657
43923052
935410925
930719606
819857144
839721818
629507312
398780545
256749895
26337783
296424208
256755682
93618829
432734782
140973875
727250452
876061516
803562700
779287474
31334743
126973973
397511634
927765476
53561438
607398344
784154886
897450180
627210555
611593035
548318055
724449558
280601723
567377078
611826012
949779953
888843867
171317613
936066557
190503475
673525290
328124451
439706393
385963381
734486820
21232447
754779058
254210063
896649558
116433682
534690432
27976196
319028881
706366091
463101565
555700616
630149367
910527618
932741353
257320511
444224952
919239903
977340097
507681191
677035159
371690111
181147966
342832766
147617739
489896323
635896984
883439374
861742350
797253765
973169223
180067613
627368583
316741225
846060091
221847617
485457576
588705342
739877471
625595285
909157561
590188130
34204069
326747319
698739765
58786832
314054054
47631087
742734241
479364885
579789339
17689245
898503044
973249183
926304871
613709110
767813547
874440945
485382561
160758704
115202810
678542112
227964829
966787309
352604906
209711027
503587184
313104690
979657044
15332147
860867835
193969460
210344052
630273400
662197992
471329238
998011760
641743270
643577376
266288998
13150841
962896227
396210055
201234319
756408872
51487670
179823861
583832206
883960701
23824501
928746364
66988237
559214575
660310542
24168420
898525851
434924224
183428108
756613123
125435024
943879254
824915445
616223580
25040530
573288721
120364677
61550077
561864336
640548645
906080602
264728086
830199873
551873794
160883737
806696889
745174933
135257381
79964600
28684710
269073739
185463048
521602179
731921714
530039824
246002973
177381076
970788
528603109
524353845
750192536
53082100
536763068
122250017
487935171
381533579
434257898
614446706
399918581
681094783
277895433
611366499
380952510
770983459
810711170
304060354
55466559
881058975
544697014
741363870
966477970
749659191
960928332
588355284
812615108
439317534
538510941
496732409
43412653
281987816
875307340
159974362
18138048
381102458
107119665
903524982
439910376
286708940
183099850
16583725
677787644
257525658
1
738503124
490596654
675300430
475246914
517994548
15160301
870406391
798817887
62046534
616273542
143173942
120985354
462257482
899586281
43321178
348104149
88950709
547958757
311088752
687718011
579027943
120477102
381913837
720069718
480705101
49396287
403347162
545842026
539085730
958102318
698151836
78756537
852195328
193492738
237920478
645826800
259477644
786017747
961789132
581826696
13221441
969328133
390308849
620231787
915332540
954141698
950473826
365320409
838880436
885672498
248861664
260607639
566948566
45974251
679665201
139126614
546772827
541734307
962127886
980235858
935262069
17043711
303613419
726644152
519762820
385163222
759577355
39306137
688557366
355968773
574594220
210009956
421982710
906861690
301446816
467584169
584425376
807671329
719966755
240055812
604406431
922697035
506025382
627602220
833594048
659742516
6324982
535385301
144271832
169012111
781998032
442691657
794465933
991324686
722410429
818359022
660360047
664804136
686541392
94689470
851748175
698574356
984354006
446862235
638135398
323016761
18384309
824302772
350697849
264565953
310886536
642114776
317902231
346625833
908820911
321945237
723217019
254683705
593029125
789070899
126608246
929192828
38554501
776364230
346055277
961438947
148518181
602175348
559597967
49761443
433544436
882957804
9087396
337626290
474879487
745403817
201720691
192383971
855251253
27974553
373578991
113142201
955402140
515165737
576533104
129759331
296089052
423371057
161485111
332819306
866629693
186801319
234242064
838518196
232673040
858458356
557703577
100915299
428962656
473927167
528390701
224062151
969365354
760790566
757408732
348449158
654288744
770321726
505434712
467831349
990628215
198004583
498091312
663943515
705581750
51276492
469066654
996523629
997039589
622748643
773888020
64975597
879225707
507162275
698624980
504240689
279999384
589786492
563297538
78579084
984474870
78967665
245185011
126199280
381482803
346772900
781869332
599061210
100267199
608540952
742331923
821431565
735788210
859655500
815596634
830814169
332729993
191156254
300337322
172077898
81212831
585969380
479183485
892996871
627267944
980254007
151033572
113415804
956544254
122813546
464797565
464030227
994189986
178673735
944150084
176924061
523776020
29446129
994228387
400143719
435587247
661412713
891856392
468428833
452200916
957823554
447778255
814944382
69614537
79103193
292434301
941057858
215995261
949131659
451584529
667648372
492477962
931122684
535471635
973381818
815170808
781465226
68764634
28252999
110286101
762127336
972949446
742318078
104904261
747759064
46015716
233316422
321604932
647191403
665315078
160682044
166161331
562014686
952883914
361973638
864121765
923596235
944007602
79303268
888950304
616530400
408615989
475686221
116715664
172818031
441117775
842977472
273127405
167955697
291456951
124577664
435753943
75197283
396107945
63801490
50072411
370549357
870249411
633126385
723587796
627309702
850000875
418073796
341734111
997088862
978782625
800528055
422995767
654245205
516856483
423397656
977641285
613898937
380368363
7098961
44497356
570608480
76667510
778857914
6626067
277640851
259464399
548892034
438758497
886576236
194606712
769186058
94550966
694612837
307114700
54606883
795414595
926034267
272561265
457597757
813776205
51945277
157598399
88782844
816098969
702929614
597595982
184866576
633654091
246574429
790948686
168183728
548818686
139952090
811562076
868436314
76695418
14008454
118663960
416826913
464203362
46852466
570583664
636697255
40547183
693841796
258708871
983586970
250247052
977633695
662567363
582800612
457497201
219614876
311950617
368395664
349294245
874465030
911685323
559924672
959903379
266320379
793299207
64104898
474394028
662804189
575737791
237413522
767683302
120394687
951650105
643311888
511378229
26942943
559768230
183016742
964897859
372743591
980767668
237599274
447886951
609763168
249267313
864074044
693349407
287341871
306882363
417999071
147262127
128807173
469568337
358277512
180059025
912832334
795094894
844721101
826111282
867866856
216398886
627790361
526028232
121190182
449833905
515974584
109445747
382407335
952986229
842041296
820214824
955330978
598272825
196120629
821495479
799115100
493502707
240513408
283295293
157079225
811550566
929035211
721002817
115667003
743801262
710043775
332768259
175251866
931299472
822592984
411512285
850155576
157624794
841553633
154553048
878051222
759101940
205913891
505199579
86856980
910920793
563764174
949526959
310398478
299100477
788703172
502613962
9311780
237530061
45066573
31464485
883031264
831756745
771382230
780271496
934279904
741229698
126605391
571085109
153570759
787062568
215876989
680169588
104011190
566543691
7321493
709966377
946226899
936196638
836177788
758471018
511385470
994848531
530201309
434183357
655449760
341644361
515988897
36695856
559709317
955377116
872273455
382446771
60045297
554409014
838719510
584338010
156632755
79314724
725078644
190691163
177709071
245942536
522080795
982384027
15685479
228852940
470924142
112731490
439347042
898595893
259834237
725796291
212357198
838234120
360949364
10668691
851016183
127169464
946201102
437744187
258464181
804407812
503094563
278099622
412834899
345370675
150802376
920152035
462782925
307305605
738564586
732682117
222670376
23655449
21712983
286954810
663714642
601267591
112670092
462357337
248108653
314173202
841474704
855828696
970635349
69540238
343000909
509630319
37286136
958738600
953568370
775854508
954817711
162106497
275386803
595227249
863870746
612812564
88618309
919992746
832923340
682056714
30235812
108457250
671547697
751247048
233617748
98290733
885886236
556528141
166685259
86159829
9046421
431978053
148487567
238071378
954335957
96047037
59230817
484870512
319767491
218940975
232780318
244403737
489778749
540200446
724596438
648185440
576062278
711564535
113255021
208763186
712824638
303258037
403540845
188965450
273456682
660448372
544954186
761666206
980405484
939229130
798081885
390702070
149017923
622886588
115320117
387145375
510903313
898729270
263803170
792767702
319267036
585092757
